0 0.22767857142857142 0.3364406779661017 0.14923469387755103 0.22542372881355932
0 0.35459183673469385 0.34915254237288135 0.06887755102040816 0.2
0 0.46683673469387754 0.3338983050847458 0.11224489795918367 0.2305084745762712
0 0.7295918367346939 0.1923728813559322 0.04783163265306122 0.053389830508474574
0 0.8093112244897959 0.19661016949152543 0.12181122448979592 0.0923728813559322
0 0.5509948979591837 0.8780847457627118 0.042563775510204085 0.1958813559322035
0 0.5896811224489796 0.8799322033898307 0.03480867346938771 0.20183050847457634
0 0.6458801020408164 0.8616271186440678 0.04867346938775506 0.15166101694915257
0 0.811390306122449 0.8541694915254237 0.025956632653061255 0.15933898305084745
0 0.8471938775510205 0.8514576271186441 0.04020408163265304 0.17200000000000004
0 0.8851913265306123 0.8254067796610169 0.030701530612244815 0.11083050847457625
0 0.7530867346938777 0.829271186440678 0.03010204081632656 0.09825423728813563
0 0.7065306122448981 0.8309661016949152 0.0271173469387755 0.09486440677966106
0 0.6806760204081632 0.8333050847457627 0.029846938775510173 0.09501694915254227
0 0.9711734693877551 0.8187627118644067 0.029209183673469502 0.09757627118644076