0 0.4693728018757327 0.2849686847599165 0.05422039859320047 0.24008350730688935
0 0.48417350527549824 0.3554279749478079 0.031652989449003514 0.14718162839248433
0 0.17614302461899178 0.09551148225469729 0.06037514654161782 0.19102296450939457
0 0.1395076201641266 0.0824634655532359 0.04572098475967175 0.1649269311064718
0 0.08675263774912075 0.012004175365344467 0.03985932004689332 0.024008350730688934
0 0.12690504103165298 0.36221294363256784 0.05568581477139507 0.1336116910229645
0 0.3496483001172333 0.0652400835073069 0.049824150058616644 0.1304801670146138
0 0.31535756154747946 0.8006263048016702 0.283704572098476 0.3987473903966597
0 0.09730363423212192 0.80741127348643 0.19460726846424384 0.38517745302713985
0 0.8475967174677609 0.4405010438413361 0.04689331770222743 0.022964509394572025
0 0.9129542790152403 0.8815240083507306 0.05451348182883939 0.23695198329853862
0 0.9422626025791325 0.9399791231732777 0.06037514654161782 0.12004175365344467
0 0.6200175849941383 0.6808455114822547 0.0600820633059789 0.21659707724425886
0 0.5833821805392732 0.6521398747390397 0.045427901524032824 0.22181628392484343
0 0.5882180539273154 0.5031315240083507 0.05568581477139507 0.14822546972860126
0 0.5306271981242673 0.5660229645093946 0.039566236811254395 0.11221294363256785
0 0.57063305978898 0.9467640918580376 0.05568581477139507 0.10647181628392484
0 0.6705744431418523 0.5125260960334029 0.04689331770222743 0.16701461377870563
0 0.6330597889800703 0.5125260960334029 0.04220398593200469 0.16701461377870563
0 0.7400351699882767 0.5360125260960334 0.050996483001172335 0.2139874739039666
0 0.7936694021101993 0.6208246346555324 0.049824150058616644 0.21659707724425886
0 0.977432590855803 0.4838204592901879 0.045134818288393906 0.10960334029227557