0 0.44583333333333336 0.2924901185770751 0.028333333333333332 0.20553359683794467
0 0.43194444444444446 0.15563241106719367 0.041666666666666664 0.1976284584980237
0 0.4527777777777778 0.14575098814229248 0.014444444444444444 0.16304347826086957
0 0.29375 0.4051383399209486 0.05138888888888889 0.22727272727272727
0 0.3215277777777778 0.5274209486166008 0.05694444444444444 0.24950592885375494
0 0.2088888888888889 0.6669960474308301 0.06777777777777778 0.10474308300395258
0 0.1297222222222222 0.6941699604743083 0.07055555555555555 0.05039525691699605
0 0.10486111111111111 0.23468379446640317 0.05138888888888889 0.2025691699604743
0 0.022222222222222223 0.2134387351778656 0.044444444444444446 0.20553359683794467
0 0.013055555555555556 0.04199604743083004 0.026111111111111113 0.08399209486166008
0 0.042222222222222223 0.04693675889328063 0.04 0.09387351778656126
0 0.11666666666666667 0.03804347826086957 0.044444444444444446 0.07608695652173914
0 0.9538888888888889 0.04693675889328063 0.044444444444444446 0.09387351778656126
0 0.9561111111111111 0.017292490118577076 0.043333333333333335 0.03458498023715415
0 0.6102777777777778 0.6931818181818182 0.05388888888888889 0.05237154150197629
0 0.7381944444444445 0.3105237154150198 0.05694444444444444 0.20503952569169961
0 0.7034722222222223 0.2833498023715415 0.043055555555555555 0.2099802371541502
0 0.7083333333333334 0.12895256916996048 0.05277777777777778 0.16798418972332016
0 0.6534722222222222 0.20182806324110672 0.0375 0.10622529644268774
0 0.8520833333333333 0.10054347826086957 0.05416666666666667 0.19515810276679843
0 0.8576388888888888 0.29199604743083 0.059722222222222225 0.2075098814229249
0 0.6913888888888889 0.6156126482213439 0.05277777777777778 0.2075098814229249
0 0.48680555555555555 0.2784090909090909 0.04861111111111111 0.20009881422924902
0 0.5541666666666667 0.12277667984189723 0.041666666666666664 0.17539525691699603
0 0.5097222222222222 0.16600790513833993 0.03888888888888889 0.18280632411067194
0 0.5215277777777778 0.1190711462450593 0.029166666666666667 0.16304347826086957
0 0.4930555555555556 0.09189723320158102 0.03611111111111111 0.16304347826086957
0 0.5380555555555555 0.029644268774703556 0.04055555555555555 0.05928853754940711
0 0.5080555555555556 0.011363636363636364 0.03611111111111111 0.022727272727272728
0 0.4777777777777778 0.018774703557312252 0.035555555555555556 0.037549407114624504
0 0.7861111111111111 0.1499505928853755 0.044444444444444446 0.16057312252964426
0 0.7506944444444444 0.14130434782608695 0.04027777777777778 0.17786561264822134
0 0.2991666666666667 0.8596837944664032 0.32166666666666666 0.28063241106719367
0 0.09555555555555556 0.8596837944664032 0.19111111111111112 0.28063241106719367
0 0.2036111111111111 0.8596837944664032 0.19277777777777777 0.28063241106719367
0 0.7825 0.783102766798419 0.2683333333333333 0.1274703557312253
0 0.7461111111111111 0.8433794466403162 0.08805555555555555 0.026185770750988144
0 0.7091666666666666 0.8611660079051383 0.05722222222222222 0.0133399209486166
0 0.6308333333333334 0.8295454545454546 0.024722222222222222 0.03409090909090909