0 0.3111334867663982 0.328125 0.05897583429228999 0.21260245901639344
0 0.27517261219792866 0.2999487704918033 0.04459148446490219 0.2177254098360656
0 0.2802071346375144 0.1398565573770492 0.05466052934407365 0.17418032786885246
0 0.30322209436133485 0.1014344262295082 0.037399309551208286 0.18442622950819673
0 0.338463751438435 0.12064549180327869 0.041714614499424624 0.16649590163934427
0 0.22338895281933258 0.21542008196721313 0.03883774453394707 0.11014344262295082
0 0.06659953970080552 0.2333504098360656 0.041714614499424624 0.1869877049180328
0 0.07810701956271576 0.18084016393442623 0.041714614499424624 0.18442622950819673
0 0.024165707710011506 0.2525614754098361 0.04602991944764097 0.19467213114754098
0 0.11593785960874568 0.07735655737704918 0.043153049482163405 0.15471311475409835
0 0.07220943613348677 0.07120901639344263 0.03855005753739931 0.14241803278688525
0 0.038262370540851555 0.07991803278688525 0.037399309551208286 0.1598360655737705
0 0.011219792865362486 0.09733606557377049 0.02243958573072497 0.16598360655737704
0 0.06300345224395858 0.0466188524590164 0.037399309551208286 0.0932377049180328
0 0.4168584579976985 0.3242827868852459 0.05753739930955121 0.22028688524590165
0 0.42908515535097813 0.11039959016393443 0.056098964326812426 0.2023565573770492
0 0.12701380897583428 0.15138319672131148 0.035960874568469504 0.17674180327868852
0 0.009205983889528193 0.1869877049180328 0.018411967779056387 0.17725409836065573
0 0.8521288837744534 0.26485655737704916 0.29545454545454547 0.5297131147540983
0 0.03624856156501726 0.9918032786885246 0.014959723820483314 0.01639344262295082
0 0.2799194476409666 0.9836065573770492 0.01726121979286536 0.03278688524590164
0 0.38578826237054087 0.9784836065573771 0.010356731875719217 0.01331967213114754
0 0.4090909090909091 0.9774590163934426 0.009205983889528193 0.017930327868852458
0 0.42750287686996546 0.9836065573770492 0.02531645569620253 0.03278688524590164
0 0.4873417721518987 0.9851434426229508 0.018411967779056387 0.02971311475409836
0 0.9430379746835443 0.8145491803278688 0.10126582278481013 0.3709016393442623
0 0.5727848101265823 0.8130122950819673 0.10644418872266974 0.3739754098360656
0 0.5457422324510932 0.7243852459016393 0.0523590333716916 0.3662909836065574
0 0.7911392405063291 0.8698770491803278 0.11248561565017261 0.25973360655737704
0 0.75 0.711577868852459 0.05667433831990794 0.20030737704918034
0 0.8006329113924051 0.6767418032786885 0.05149597238204833 0.16086065573770492
0 0.8547180667433832 0.7336065573770492 0.08342922899884925 0.16086065573770492
0 0.7048331415420023 0.8550204918032787 0.08860759493670886 0.2899590163934426
0 0.6636939010356732 0.7064549180327869 0.05063291139240506 0.21055327868852458
0 0.8788837744533947 0.8693647540983607 0.07710011507479862 0.25614754098360654
0 0.6222669735327964 0.8616803278688525 0.09925201380897583 0.2766393442622951
0 0.6113348676639816 0.6531762295081968 0.03998849252013809 0.14549180327868852
0 0.7111622554660529 0.6721311475409836 0.05667433831990794 0.12090163934426229
0 0.9001726121979287 0.6695696721311475 0.04861910241657077 0.13883196721311475
0 0.8457997698504027 0.6623975409836066 0.047756041426927506 0.13524590163934427