0 0.23306010928961748 0.26601941747572816 0.05081967213114754 0.1669902912621359
0 0.2603825136612022 0.32038834951456313 0.05628415300546448 0.05825242718446602
0 0.0773224043715847 0.09466019417475728 0.058469945355191254 0.18932038834951456
0 0.46994535519125685 0.26601941747572816 0.0546448087431694 0.1669902912621359
0 0.48579234972677593 0.25 0.02841530054644809 0.19902912621359223
0 0.39849726775956285 0.11092233009708738 0.04234972677595628 0.20145631067961164
0 0.43128415300546447 0.10485436893203884 0.03961748633879782 0.18932038834951456
0 0.42923497267759564 0.037864077669902914 0.030054644808743168 0.07572815533980583
0 0.45901639344262296 0.0703883495145631 0.03278688524590164 0.1407766990291262
0 0.48770491803278687 0.08398058252427185 0.02459016393442623 0.1679611650485437
0 0.3983606557377049 0.024271844660194174 0.04480874316939891 0.04854368932038835
0 0.6221311475409836 0.23883495145631067 0.12049180327868853 0.129126213592233
0 0.7109289617486338 0.19320388349514564 0.05983606557377049 0.07864077669902912
0 0.7448087431693989 0.1796116504854369 0.05327868852459016 0.06650485436893204
0 0.8508196721311475 0.24174757281553397 0.08852459016393442 0.1378640776699029
0 0.10245901639344263 0.6747572815533981 0.20491803278688525 0.6504854368932039
0 0.14754098360655737 0.6567961165048544 0.10983606557377049 0.5077669902912622
0 0.30983606557377047 0.6514563106796116 0.22459016393442624 0.6033980582524272
0 0.4057377049180328 0.6781553398058252 0.18743169398907103 0.6436893203883495
0 0.8685792349726776 0.7155339805825243 0.23415300546448087 0.5689320388349515
0 0.5275956284153005 0.545631067961165 0.05491803278688524 0.22233009708737864