0 0.036173184357541896 0.14140159045725645 0.05726256983240224 0.2062624254473161
0 0.011452513966480447 0.11381709741550695 0.022905027932960894 0.2117296222664016
0 0.01564245810055866 0.42147117296222664 0.03128491620111732 0.11530815109343936
0 0.1388268156424581 0.13767395626242546 0.055865921787709494 0.21371769383697814
0 0.5871508379888268 0.23956262425447317 0.33743016759776534 0.47912524850894633
0 0.7284916201117319 0.23956262425447317 0.20949720670391062 0.47912524850894633
0 0.2768156424581006 0.742544731610338 0.09441340782122905 0.4135188866799205
0 0.43268156424581006 0.7380715705765407 0.1318435754189944 0.43141153081510936
0 0.6053072625698324 0.7301192842942346 0.1111731843575419 0.43439363817097415
0 0.6810055865921788 0.7296222664015904 0.12039106145251396 0.4711729622266402
0 0.759217877094972 0.7430417495029821 0.08798882681564246 0.4209741550695825
0 0.8544692737430167 0.7544731610337972 0.13659217877094973 0.43538767395626243
0 0.9329608938547486 0.7514910536779325 0.13072625698324022 0.4403578528827038