0 0.19157894736842104 0.5430711610486891 0.05157894736842105 0.09363295880149813
0 0.0706578947368421 0.1584737827715356 0.05394736842105263 0.19428838951310862
0 0.10355263157894737 0.1327247191011236 0.04078947368421053 0.1989700374531835
0 0.09868421052631579 0.03277153558052434 0.05 0.06554307116104868
0 0.15092105263157896 0.05547752808988764 0.035526315789473684 0.10065543071161048
0 0.11473684210526315 0.46512172284644193 0.05 0.23174157303370788
0 0.4407894736842105 0.36657303370786515 0.018421052631578946 0.22752808988764045
0 0.3088157894736842 0.12804307116104868 0.046052631578947366 0.1896067415730337
0 0.245 0.031835205992509365 0.039473684210526314 0.06367041198501873
0 0.2868421052631579 0.05383895131086142 0.03684210526315789 0.10767790262172285
0 0.27578947368421053 0.027153558052434457 0.02736842105263158 0.054307116104868915
0 0.3468421052631579 0.05383895131086142 0.035789473684210524 0.10767790262172285
0 0.3744736842105263 0.039794007490636704 0.03 0.07958801498127341
0 0.02526315789473684 0.04119850187265917 0.042105263157894736 0.08239700374531835
0 0.05868421052631579 0.04119850187265917 0.038421052631578946 0.08239700374531835
0 0.48105263157894734 0.2907303370786517 0.015526315789473685 0.06554307116104868
0 0.49894736842105264 0.29353932584269665 0.02 0.05758426966292135
0 0.9844736842105263 0.300561797752809 0.02236842105263158 0.08146067415730338