0 0.27146892655367233 0.42404426559356134 0.05480225988700565 0.11167002012072434
0 0.39096045197740115 0.05482897384305835 0.03728813559322034 0.1096579476861167
0 0.36610169491525424 0.04225352112676056 0.04406779661016949 0.08450704225352113
0 0.35423728813559324 0.3347585513078471 0.05367231638418079 0.24899396378269617
0 0.14576271186440679 0.03722334004024145 0.04971751412429379 0.0744466800804829
0 0.6751412429378532 0.2977867203219316 0.5310734463276836 0.36217303822937624
0 0.7310734463276836 0.20422535211267606 0.5378531073446328 0.4084507042253521
0 0.3305084745762712 0.8817907444668008 0.031073446327683617 0.1006036217303823
0 0.3443502824858757 0.8767605633802817 0.02344632768361582 0.10613682092555332
0 0.9727401129943503 0.7424547283702213 0.052259887005649715 0.23138832997987926
0 0.9858757062146892 0.8667002012072434 0.02824858757062147 0.2545271629778672
0 0.5601694915254237 0.9552313883299799 0.05480225988700565 0.08953722334004025
0 0.6901129943502825 0.5658953722334004 0.05819209039548023 0.1720321931589537
0 0.6548022598870057 0.5533199195171026 0.04406779661016949 0.14688128772635814
0 0.6426553672316384 0.8762575452716298 0.05367231638418079 0.24748490945674045
0 0.4344632768361582 0.5482897384305835 0.04971751412429379 0.13682092555331993
0 0.8573446327683616 0.5367203219315896 0.0480225988700565 0.11368209255533199
0 0.8031073446327683 0.9290744466800804 0.06949152542372881 0.14185110663983905