0 0.02258064516129032 0.036328871892925434 0.043010752688172046 0.07265774378585087
0 0.2318548387096774 0.2822657743785851 0.05510752688172043 0.19837476099426385
0 0.2654569892473118 0.2559751434034417 0.041666666666666664 0.2031548757170172
0 0.260752688172043 0.10659655831739961 0.051075268817204304 0.16252390057361377
0 0.3138440860215054 0.17710325047801148 0.036290322580645164 0.10277246653919694
0 0.47513440860215056 0.2511950286806883 0.04704301075268817 0.19359464627151052
0 0.4099462365591398 0.10062141491395793 0.04032258064516129 0.16969407265774378
0 0.4529569892473118 0.14244741873804972 0.03763440860215054 0.17686424474187382
0 0.4415322580645161 0.09703632887189292 0.028225806451612902 0.1577437858508604
0 0.5141129032258065 0.14364244741873805 0.036290322580645164 0.17447418738049714
0 0.5423387096774194 0.11376673040152964 0.030913978494623656 0.17686424474187382
0 0.5131720430107527 0.06261950286806883 0.03494623655913978 0.12523900573613767
0 0.46908602150537637 0.0745697896749522 0.03494623655913978 0.1491395793499044
0 0.4252688172043011 0.01959847036328872 0.03870967741935484 0.03919694072657744
0 0.4881720430107527 0.009082217973231358 0.043010752688172046 0.018164435946462717
0 0.18548387096774194 0.12691204588910135 0.043010752688172046 0.15535372848948376
0 0.21975806451612903 0.11854684512428298 0.038978494623655914 0.17208413001912046
0 0.09475806451612903 0.24402485659655831 0.04704301075268817 0.19837476099426385
0 0.12163978494623656 0.14483747609942638 0.04704301075268817 0.2055449330783939
0 0.39005376344086023 0.009082217973231358 0.02956989247311828 0.018164435946462717
0 0.9153225806451613 0.22131931166347993 0.038978494623655914 0.14053537284894838
0 0.8849462365591397 0.24665391969407266 0.06693548387096775 0.2652963671128107
0 0.7462365591397849 0.765774378585086 0.24838709677419354 0.4684512428298279