0 0.010372340425531914 0.2396030245746692 0.02074468085106383 0.1824196597353497
0 0.05226063829787234 0.17958412098298676 0.041223404255319146 0.20793950850661624
0 0.09414893617021276 0.19494328922495274 0.05053191489361702 0.19612476370510398
0 0.11941489361702128 0.07892249527410208 0.0398936170212766 0.15784499054820417
0 0.08670212765957447 0.0661625708884688 0.03829787234042553 0.1323251417769376
0 0.08138297872340426 0.04253308128544423 0.03297872340425532 0.08506616257088846
0 0.010372340425531914 0.05198487712665406 0.02074468085106383 0.10396975425330812
0 0.038829787234042554 0.04017013232514178 0.03829787234042553 0.08034026465028356
0 0.05159574468085106 0.0330812854442344 0.026595744680851064 0.0661625708884688
0 0.25172872340425534 0.30245746691871456 0.04920212765957447 0.21739130434782608
0 0.22513297872340426 0.4194234404536862 0.05452127659574468 0.2386578449905482
0 0.7404255319148936 0.7670132325141777 0.1202127659574468 0.24149338374291116
0 0.6138297872340426 0.7622873345935728 0.18111702127659574 0.2783553875236295