0 0.1226123595505618 0.17325 0.05758426966292135 0.2075
0 0.1577247191011236 0.14575 0.04353932584269663 0.2125
0 0.15252808988764044 0.037 0.05337078651685393 0.074
0 0.2082865168539326 0.06325 0.037921348314606744 0.1075
0 0.16938202247191012 0.4685 0.05337078651685393 0.183
0 0.3768258426966292 0.14075 0.04915730337078652 0.2025
0 0.3087078651685393 0.036 0.042134831460674156 0.072
0 0.35337078651685394 0.0595 0.03932584269662921 0.119
0 0.3415730337078652 0.031 0.029213483146067417 0.062
0 0.4174157303370786 0.0595 0.038202247191011236 0.119
0 0.4469101123595506 0.0445 0.03202247191011236 0.089
0 0.37050561797752807 0.017 0.03651685393258427 0.034
0 0.07415730337078652 0.046 0.0449438202247191 0.092
0 0.1098314606741573 0.046 0.04101123595505618 0.092
0 0.01601123595505618 0.0685 0.03202247191011236 0.137
0 0.12275280898876405 0.8085 0.1050561797752809 0.2075