0 0.615 0.28558052434456926 0.04894736842105263 0.18726591760299627
0 0.6413157894736842 0.33801498127340823 0.05421052631578947 0.08239700374531835
0 0.3519736842105263 0.11821161048689138 0.05394736842105263 0.19428838951310862
0 0.31894736842105265 0.09597378277153558 0.04105263157894737 0.19194756554307116
0 0.27157894736842103 0.03277153558052434 0.035789473684210524 0.06554307116104868
0 0.3076315789473684 0.3441011235955056 0.05 0.0702247191011236
0 0.11368421052631579 0.09129213483146068 0.04631578947368421 0.18258426966292135
0 0.13526315789473684 0.033707865168539325 0.03684210526315789 0.06741573033707865
0 0.07552631578947368 0.033707865168539325 0.035263157894736843 0.06741573033707865
0 0.04789473684210526 0.019662921348314606 0.030526315789473683 0.03932584269662921
0 0.3973684210526316 0.021067415730337078 0.042105263157894736 0.042134831460674156
0 0.3636842105263158 0.021067415730337078 0.037894736842105266 0.042134831460674156
0 0.48605263157894735 0.08895131086142322 0.045789473684210526 0.17790262172284643
0 0.45973684210526317 0.042134831460674156 0.045789473684210526 0.08426966292134831
0 0.058252631578947375 0.7434737827715355 0.06704210526315789 0.2692977528089889
0 0.08120526315789475 0.7194943820224718 0.03852631578947371 0.24058052434456934
0 0.13560526315789473 0.7343726591760299 0.049221052631578936 0.27918539325842706
0 0.5100631578947368 0.6349719101123595 0.01041578947368419 0.04918539325842694
0 0.5245368421052631 0.6349625468164793 0.011510526315789416 0.050702247191011324
0 0.47891578947368424 0.6240449438202247 0.008015789473684221 0.035102996254681655
0 0.4736526315789474 0.6209269662921348 0.009531578947368488 0.03981273408239699
0 0.4596157894736842 0.6193632958801498 0.013036842105263149 0.036694756554307165
0 0.6425368421052631 0.6534456928838951 0.02273157894736845 0.07676966292134832
0 0.875 0.6896067415730337 0.25 0.6207865168539326