0 0.1339572192513369 0.5546577946768061 0.051871657754010696 0.14923954372623574
0 0.2570855614973262 0.13711977186311788 0.05481283422459893 0.19724334600760457
0 0.22366310160427808 0.11097908745247148 0.04144385026737968 0.20199619771863117
0 0.22807486631016044 0.02138783269961977 0.05080213903743316 0.04277566539923954
0 0.1754010695187166 0.04182509505703422 0.03636363636363636 0.08365019011406843
0 0.21229946524064172 0.44843155893536124 0.05080213903743316 0.2352661596958175
0 0.019251336898395723 0.10598859315589354 0.038502673796791446 0.19296577946768062
0 0.03689839572192513 0.04277566539923954 0.0374331550802139 0.08555133079847908
0 0.04839572192513369 0.01568441064638783 0.028342245989304814 0.03136882129277566
0 0.30320855614973263 0.02994296577946768 0.0427807486631016 0.05988593155893536
0 0.26898395721925134 0.02994296577946768 0.038502673796791446 0.05988593155893536
0 0.36657754010695187 0.051330798479087454 0.046524064171122995 0.10266159695817491
0 0.2663101604278075 0.5869771863117871 0.06844919786096257 0.08460076045627377
0 0.41524064171122993 0.0903041825095057 0.045454545454545456 0.1806083650190114
0 0.363903743315508 0.5299429657794676 0.06577540106951872 0.19866920152091255
0 0.81951871657754 0.48574144486692017 0.10106951871657754 0.2870722433460076
0 0.9625668449197861 0.533745247148289 0.0748663101604278 0.19106463878326996
0 0.32727272727272727 0.9120722433460076 0.0660427807486631 0.1758555133079848
0 0.446524064171123 0.9215779467680608 0.0748663101604278 0.15684410646387834