0 0.5687830687830688 0.05367231638418079 0.042328042328042326 0.10734463276836158
0 0.5708994708994709 0.025423728813559324 0.04126984126984127 0.05084745762711865
0 0.6264550264550265 0.4962335216572505 0.04656084656084656 0.21657250470809794
0 0.6383597883597883 0.6016949152542372 0.02275132275132275 0.21657250470809794
0 0.24153439153439155 0.6817325800376648 0.051322751322751325 0.05649717514124294
0 0.3633597883597884 0.3137947269303202 0.05423280423280423 0.19538606403013184
0 0.3302910052910053 0.2879001883239171 0.041005291005291 0.20009416195856874
0 0.3349206349206349 0.14077212806026365 0.05026455026455026 0.160075329566855
0 0.2826719576719577 0.2102165725047081 0.03571428571428571 0.1012241054613936
0 0.3187830687830688 0.6078154425612052 0.05026455026455026 0.20433145009416195
0 0.12394179894179894 0.2831920903954802 0.046296296296296294 0.1906779661016949
0 0.1880952380952381 0.1348870056497175 0.03968253968253968 0.16713747645951035
0 0.14576719576719577 0.1760828625235405 0.037037037037037035 0.17419962335216574
0 0.15701058201058202 0.13135593220338984 0.027777777777777776 0.1553672316384181
0 0.08558201058201058 0.1772598870056497 0.03571428571428571 0.17184557438794726
0 0.0578042328042328 0.147834274952919 0.03042328042328042 0.17419962335216574
0 0.08624338624338625 0.09133709981167608 0.03439153439153439 0.13653483992467044
0 0.1298941798941799 0.10546139359698682 0.03439153439153439 0.1553672316384181
0 0.17275132275132274 0.0371939736346516 0.038624338624338624 0.0743879472693032
0 0.14417989417989419 0.01977401129943503 0.03439153439153439 0.03954802259887006
0 0.1111111111111111 0.026836158192090395 0.042328042328042326 0.05367231638418079
0 0.408994708994709 0.16078154425612054 0.042328042328042326 0.1530131826741996
0 0.37526455026455025 0.15254237288135594 0.03835978835978836 0.1694915254237288
0 0.4671957671957672 0.672316384180791 0.06349206349206349 0.07532956685499058
0 0.49828042328042327 0.2761299435028249 0.046296296296296294 0.19538606403013184
0 0.4718253968253968 0.17843691148775895 0.046296296296296294 0.2024482109227872
0 0.20767195767195767 0.026836158192090395 0.0291005291005291 0.05367231638418079
0 0.8116402116402116 0.5805084745762712 0.05396825396825397 0.2589453860640301
0 0.8732804232804233 0.4646892655367232 0.01904761904761905 0.16760828625235405
0 0.7812169312169313 0.4241996233521657 0.010582010582010581 0.07674199623352165
0 0.36243386243386244 0.858286252354049 0.3291005291005291 0.2829566854990584