0 0.45617977528089887 0.0285 0.0449438202247191 0.057
0 0.5189606741573034 0.47 0.05196629213483146 0.23
0 0.5387640449438202 0.5685 0.04157303370786517 0.203
0 0.238061797752809 0.27625 0.05758426966292135 0.2075
0 0.2029494382022472 0.24875 0.04353932584269663 0.2125
0 0.20786516853932585 0.0925 0.05337078651685393 0.17
0 0.1523876404494382 0.16625 0.037921348314606744 0.1075
0 0.1907303370786517 0.575 0.05337078651685393 0.19
0 0.05196629213483146 0.0875 0.042134831460674156 0.175
0 0.013202247191011237 0.1295 0.026404494382022473 0.185
0 0.018960674157303372 0.0825 0.02949438202247191 0.165
0 0.035674157303370785 0.011 0.04101123595505618 0.022
0 0.5528089887640449 0.0535 0.01348314606741573 0.107
0 0.28651685393258425 0.11375 0.0449438202247191 0.1625
0 0.25070224719101125 0.105 0.04073033707865169 0.18
0 0.3813202247191011 0.23625 0.04915730337078652 0.2075
0 0.3532303370786517 0.1325 0.04915730337078652 0.215
0 0.7820224719101123 0.296 0.07724719101123595 0.561
0 0.2797752808988764 0.835 0.5595505617977528 0.33
0 0.4851123595505618 0.887 0.14887640449438203 0.226
0 0.7991573033707865 0.859 0.17359550561797754 0.282