0 0.12807486631016043 0.019011406844106463 0.040106951871657755 0.03802281368821293
0 0.261096256684492 0.18346007604562736 0.04946524064171123 0.21863117870722434
0 0.23422459893048128 0.29990494296577946 0.05454545454545454 0.23859315589353614
0 0.5283422459893048 0.04895437262357415 0.05454545454545454 0.0979087452471483
0 0.560427807486631 0.0370722433460076 0.038502673796791446 0.0741444866920152
0 0.5564171122994652 0.3155893536121673 0.046524064171122995 0.20722433460076045
0 0.4299465240641711 0.04895437262357415 0.053475935828877004 0.0979087452471483
0 0.07459893048128342 0.10598859315589354 0.05080213903743316 0.21197718631178708
0 0.04385026737967915 0.08697718631178707 0.0427807486631016 0.17395437262357413
0 0.011764705882352941 0.939638783269962 0.023529411764705882 0.12072243346007605
0 0.023529411764705882 0.8711977186311787 0.047058823529411764 0.18346007604562736
0 0.0787433155080214 0.8108365019011406 0.04144385026737968 0.20912547528517111
0 0.12085561497326203 0.8262832699619772 0.05080213903743316 0.19724334600760457
0 0.14625668449197862 0.6943916349809885 0.040106951871657755 0.19011406844106463
0 0.11350267379679145 0.6848859315589354 0.03877005347593583 0.15684410646387834
0 0.10815508021390374 0.6432984790874525 0.03342245989304813 0.1449619771863118
0 0.02393048128342246 0.6504277566539924 0.04679144385026738 0.16872623574144488
0 0.06537433155080213 0.6361692015209125 0.03877005347593583 0.1497148288973384
0 0.07807486631016043 0.624287072243346 0.026737967914438502 0.1449619771863118
0 0.10561497326203209 0.4828897338403042 0.03048128342245989 0.12737642585551331
0 0.13850267379679143 0.4900190114068441 0.0374331550802139 0.14163498098859315
0 0.15588235294117647 0.48193916349809884 0.034759358288770054 0.12547528517110265
0 0.19572192513368983 0.47576045627376423 0.0374331550802139 0.11311787072243346
0 0.23529411764705882 0.47243346007604564 0.038502673796791446 0.10646387832699619
0 0.27754010695187165 0.4686311787072243 0.0374331550802139 0.09885931558935361
0 0.3387700534759358 0.4852661596958175 0.0427807486631016 0.11406844106463879
0 0.33689839572192515 0.4519961977186312 0.04171122994652406 0.0655893536121673
0 0.279144385026738 0.9125475285171103 0.04919786096256684 0.17490494296577946
0 0.25240641711229944 0.9657794676806084 0.05454545454545454 0.06844106463878327
0 0.461096256684492 0.7704372623574145 0.04946524064171123 0.19486692015209126
0 0.5466577540106952 0.7502376425855514 0.05481283422459893 0.19724334600760457
0 0.56951871657754 0.7238593155893536 0.020320855614973262 0.20247148288973385
0 0.5647058823529412 0.5750950570342205 0.029946524064171122 0.16159695817490494
0 0.5540106951871657 0.5399239543726235 0.034759358288770054 0.17110266159695817
0 0.5212566844919786 0.5577471482889734 0.03877005347593583 0.15446768060836502
0 0.4497326203208556 0.5221007604562737 0.0427807486631016 0.19249049429657794
0 0.8935828877005347 0.7257604562737643 0.13850267379679143 0.5484790874524715
0 0.746524064171123 0.7480988593155894 0.17459893048128342 0.5038022813688213