0 0.23723958333333334 0.4425925925925926 0.050520833333333334 0.17407407407407408
0 0.35703125 0.0587962962962963 0.05364583333333333 0.1175925925925926
0 0.32447916666666665 0.04722222222222222 0.040625 0.09444444444444444
0 0.31354166666666666 0.3247685185185185 0.049479166666666664 0.22916666666666666
0 0.12135416666666667 0.04259259259259259 0.04583333333333333 0.08518518518518518
0 0.38307291666666665 0.487962962962963 0.0609375 0.08333333333333333
0 0.459375 0.43333333333333335 0.0625 0.1925925925925926
0 0.48984375 0.04027777777777778 0.0453125 0.08055555555555556
0 0.76640625 0.4625 0.050520833333333334 0.13425925925925927
0 0.8861979166666667 0.0787037037037037 0.05364583333333333 0.1574074074074074
0 0.8536458333333333 0.06712962962962964 0.040625 0.13425925925925927
0 0.8427083333333333 0.3645833333333333 0.049479166666666664 0.22916666666666666
0 0.6505208333333333 0.0625 0.04583333333333333 0.125
0 0.9122395833333333 0.5078703703703704 0.0609375 0.04351851851851852
0 0.9786458333333333 0.4532407407407407 0.042708333333333334 0.1527777777777778
0 0.32005208333333335 0.8375 0.18229166666666666 0.32222222222222224
0 0.3671875 0.8060185185185185 0.32317708333333334 0.3851851851851852
0 0.821875 0.7314814814814815 0.04088541666666667 0.05138888888888889
0 0.86484375 0.7375 0.046875 0.05925925925925926
0 0.5591145833333333 0.7837962962962963 0.05130208333333333 0.2962962962962963
0 0.89765625 0.725925925925926 0.04140625 0.06666666666666667
0 0.7119791666666667 0.7324074074074074 0.04296875 0.053703703703703705
0 0.7864583333333334 0.7351851851851852 0.04088541666666667 0.04583333333333333
0 0.6713541666666667 0.7305555555555555 0.04140625 0.053703703703703705
0 0.9028645833333333 0.6972222222222222 0.04895833333333333 0.08333333333333333
0 0.9755208333333333 0.7796296296296297 0.04765625 0.17175925925925925
0 0.7481770833333333 0.736574074074074 0.04010416666666667 0.052314814814814814
0 0.83984375 0.7157407407407408 0.027083333333333334 0.06759259259259259
0 0.66328125 0.6703703703703704 0.0421875 0.1388888888888889
0 0.9385416666666667 0.7310185185185185 0.04609375 0.052314814814814814
0 0.8614583333333333 0.6972222222222222 0.03854166666666667 0.05925925925925926
0 0.6942708333333333 0.7175925925925926 0.02421875 0.05694444444444444
0 0.58671875 0.812962962962963 0.052083333333333336 0.27361111111111114
0 0.7268229166666667 0.6810185185185185 0.027083333333333334 0.1259259259259259
0 0.7765625 0.6861111111111111 0.02578125 0.13333333333333333
0 0.63125 0.737037037037037 0.04453125 0.04259259259259259
0 0.7986979166666667 0.7078703703703704 0.027864583333333335 0.06759259259259259
0 0.7973958333333333 0.6782407407407407 0.029427083333333333 0.12685185185185185