0 0.30649313501144165 0.22021384928716906 0.05863844393592677 0.21130346232179226
0 0.2707379862700229 0.19220977596741345 0.04433638443935927 0.21639511201629327
0 0.27545766590389015 0.05957230142566192 0.05434782608695652 0.11914460285132383
0 0.2983409610983982 0.043279022403258656 0.03718535469107551 0.08655804480651731
0 0.33352402745995424 0.04837067209775967 0.041189931350114416 0.09674134419551934
0 0.21925057208237986 0.10819755600814664 0.038615560640732266 0.1094704684317719
0 0.4236270022883295 0.051934826883910386 0.055491990846681924 0.10386965376782077
0 0.4294908466819222 0.20112016293279023 0.06149885583524028 0.21384928716904278
0 0.25829519450800914 0.4638492871690428 0.05434782608695652 0.07230142566191446
0 0.04762585812356979 0.1871181262729124 0.05005720823798627 0.20621181262729124
0 0.1169908466819222 0.05855397148676171 0.04290617848970252 0.11710794297352342
0 0.07093821510297482 0.0824847250509165 0.04004576659038902 0.164969450101833
0 0.08323798627002288 0.053462321792260695 0.03032036613272311 0.10692464358452139
0 0.012585812356979404 0.0824847250509165 0.02517162471395881 0.164969450101833
0 0.012585812356979404 0.026476578411405296 0.02517162471395881 0.05295315682281059
0 0.05406178489702517 0.03920570264765784 0.03718535469107551 0.07841140529531568
0 0.868421052631579 0.3273930753564155 0.18449656750572083 0.34521384928716903
0 0.2339816933638444 0.7953156822810591 0.17391304347826086 0.2769857433808554
0 0.46281464530892447 0.8197556008146639 0.13386727688787187 0.3421588594704684
0 0.6590389016018307 0.7668024439918534 0.2585812356979405 0.4663951120162933