0 0.0673076923076923 0.18974358974358974 0.029086538461538462 0.11730769230769231
0 0.04350961538461538 0.18381410256410258 0.028125 0.0967948717948718
0 0.039663461538461536 0.15817307692307692 0.024278846153846154 0.08942307692307692
0 0.01141826923076923 0.15368589743589745 0.02283653846153846 0.09262820512820513
0 0.017788461538461538 0.14647435897435898 0.01935096153846154 0.08942307692307692
0 0.03774038461538461 0.05336538461538461 0.022235576923076924 0.09086538461538461
0 0.06141826923076923 0.05480769230769231 0.02716346153846154 0.10560897435897436
0 0.07427884615384615 0.04871794871794872 0.025240384615384616 0.09727564102564103
0 0.103125 0.04887820512820513 0.02716346153846154 0.08205128205128205
0 0.13185096153846154 0.04278846153846154 0.027884615384615386 0.08557692307692308
0 0.1623798076923077 0.04038461538461539 0.02716346153846154 0.08076923076923077
0 0.20685096153846153 0.060737179487179487 0.031009615384615385 0.0703525641025641
0 0.20552884615384615 0.03012820512820513 0.03028846153846154 0.06025641025641026
0 0.16370192307692308 0.33766025641025643 0.03581730769230769 0.13477564102564102
0 0.14435096153846153 0.41025641025641024 0.039783653846153844 0.14807692307692308
0 0.22295673076923078 0.5158653846153847 0.04735576923076923 0.10785256410256411
0 0.446875 0.502724358974359 0.037620192307692306 0.1342948717948718
0 0.35757211538461536 0.22403846153846155 0.039783653846153844 0.12163461538461538
0 0.38185096153846154 0.20801282051282052 0.030048076923076924 0.12451923076923077
0 0.3783653846153846 0.11634615384615385 0.036778846153846155 0.09967948717948719
0 0.36286057692307694 0.09439102564102564 0.025240384615384616 0.10560897435897436
0 0.3391826923076923 0.10544871794871795 0.028125 0.09519230769230769
0 0.41670673076923076 0.1596153846153846 0.026201923076923078 0.06298076923076923
0 0.4763221153846154 0.13685897435897437 0.031009615384615385 0.09967948717948719
0 0.5223557692307692 0.16987179487179488 0.028125 0.10705128205128205
0 0.5145432692307692 0.13990384615384616 0.028125 0.10560897435897436
0 0.5509615384615385 0.18092948717948718 0.031009615384615385 0.11137820512820513
0 0.5824519230769231 0.16185897435897437 0.026201923076923078 0.11730769230769231
0 0.4889423076923077 0.07532051282051282 0.029086538461538462 0.09967948717948719
0 0.5185096153846154 0.07467948717948718 0.026201923076923078 0.08653846153846154
0 0.5412259615384616 0.07756410256410257 0.025240384615384616 0.10112179487179487
0 0.5645432692307693 0.0921474358974359 0.025240384615384616 0.09519230769230769
0 0.5882211538461538 0.10240384615384615 0.030048076923076924 0.08942307692307692
0 0.5247596153846154 0.04599358974358975 0.025240384615384616 0.08798076923076924
0 0.3798076923076923 0.428525641025641 0.03786057692307692 0.1466346153846154
0 0.2971153846153846 0.5475961538461539 0.044591346153846155 0.04455128205128205
0 0.27944711538461536 0.5173076923076924 0.05024038461538462 0.10512820512820513
0 0.6481971153846153 0.39342948717948717 0.043389423076923075 0.1466346153846154
0 0.2862980769230769 0.2219551282051282 0.038822115384615385 0.12612179487179487
0 0.278125 0.09951923076923076 0.03786057692307692 0.11586538461538462
0 0.028485576923076922 0.28862179487179485 0.036778846153846155 0.13333333333333333
0 0.010817307692307692 0.2692307692307692 0.021634615384615384 0.125
0 0.9018028846153846 0.4115384615384615 0.09699519230769231 0.31666666666666665
0 0.8002403846153846 0.3956730769230769 0.10625 0.34823717948717947
0 0.2575721153846154 0.7913461538461538 0.3216346153846154 0.4173076923076923
0 0.9313701923076924 0.622275641025641 0.02956730769230769 0.10480769230769231
0 0.8885817307692307 0.6203525641025641 0.030528846153846153 0.10096153846153846
0 0.7786057692307692 0.6775641025641026 0.03245192307692308 0.09967948717948719