0 0.20236013986013987 0.24481327800829875 0.053904428904428904 0.23858921161825727
0 0.17322261072261072 0.37318464730290457 0.05973193473193473 0.2619294605809129
0 0.025932400932400932 0.0783195020746888 0.04487179487179487 0.1566390041493776
0 0.006118881118881119 0.07157676348547717 0.012237762237762238 0.14315352697095435
0 0.3793706293706294 0.4631742738589212 0.06993006993006994 0.13174273858921162
0 0.34498834498834496 0.054979253112033194 0.05128205128205128 0.10995850622406639
0 0.1569055944055944 0.7738589211618258 0.053904428904428904 0.23858921161825727
0 0.12762237762237763 0.8853734439834025 0.05944055944055944 0.229253112033195
0 0.32284382284382285 0.5954356846473029 0.06293706293706294 0.13278008298755187
0 0.3353729603729604 0.975103734439834 0.07867132867132867 0.04979253112033195
0 0.7217365967365967 0.7427385892116183 0.3114801864801865 0.21784232365145229