0 0.37407407407407406 0.015065913370998116 0.042328042328042326 0.030131826741996232
0 0.42407407407407405 0.4190207156308851 0.031216931216931216 0.21657250470809794
0 0.046825396825396826 0.6177024482109228 0.051322751322751325 0.08286252354048965
0 0.16865079365079366 0.2365819209039548 0.05423280423280423 0.19538606403013184
0 0.13558201058201058 0.2106873822975518 0.041005291005291 0.20009416195856874
0 0.13994708994708996 0.07156308851224105 0.05026455026455026 0.1431261770244821
0 0.16111111111111112 0.05649717514124294 0.03439153439153439 0.11299435028248588
0 0.19365079365079366 0.06120527306967985 0.0380952380952381 0.1224105461393597
0 0.08796296296296297 0.13300376647834275 0.03571428571428571 0.1012241054613936
0 0.276984126984127 0.06450094161958568 0.051322751322751325 0.12900188323917136
0 0.2824074074074074 0.2189265536723164 0.056878306878306875 0.1977401129943503
0 0.27116402116402116 0.6191148775894538 0.07142857142857142 0.0800376647834275
0 0.12407407407407407 0.5437853107344632 0.05026455026455026 0.23069679849340866
0 0.006613756613756613 0.07062146892655367 0.013227513227513227 0.14124293785310735
0 0.6944920634920636 0.15679849340866292 0.023026455026455016 0.10548964218455746
0 0.2066137566137566 0.7608286252354048 0.091005291005291 0.1704331450094162