0 0.6026824978012313 0.1753003003003003 0.032981530343007916 0.15015015015015015
0 0.6296174142480211 0.1677927927927928 0.031882145998240984 0.12387387387387387
0 0.6340149516270889 0.13494744744744744 0.027484608619173262 0.11448948948948949
0 0.6664467897977133 0.12912912912912913 0.026824978012313105 0.11861861861861862
0 0.6587510993843447 0.11993243243243243 0.02198768689533861 0.11448948948948949
0 0.636103781882146 0.02927927927927928 0.025065963060686015 0.05855855855855856
0 0.6090589270008795 0.03490990990990991 0.030782761653474055 0.06981981981981981
0 0.5947669305189094 0.028528528528528527 0.028583992963940194 0.057057057057057055
0 0.5620052770448549 0.02364864864864865 0.030782761653474055 0.0472972972972973
0 0.5294635004397538 0.021021021021021023 0.0316622691292876 0.042042042042042045
0 0.4947229551451187 0.018018018018018018 0.030782761653474055 0.036036036036036036
0 0.4441512752858399 0.027402402402402402 0.03518029903254178 0.054804804804804805
0 0.44591029023746703 0.00487987987987988 0.03430079155672823 0.00975975975975976
0 0.4932937554969217 0.36486486486486486 0.04067722075637643 0.17267267267267267
0 0.5152814423922604 0.4577702702702703 0.04507475813544415 0.18956456456456455
0 0.480650835532102 0.6587837837837838 0.048372911169744945 0.02177177177177177
0 0.4261213720316623 0.5968468468468469 0.05364995602462621 0.14564564564564564
0 0.172273526824978 0.5778903903903904 0.04287598944591029 0.17454954954954954
0 0.27341688654353563 0.2194069069069069 0.04507475813544415 0.15578078078078078
0 0.24593227792436237 0.19876126126126126 0.03408091468777485 0.15953453453453453
0 0.2497801231310466 0.08145645645645645 0.04177660510114336 0.12762762762762764
0 0.26715039577836414 0.06043543543543543 0.028583992963940194 0.12087087087087087
0 0.2943051890941073 0.06737987987987988 0.031882145998240984 0.121996996996997
0 0.20635444151275287 0.13682432432432431 0.029683377308707123 0.0807057057057057
0 0.13874230430958664 0.10773273273273273 0.03518029903254178 0.12762762762762764
0 0.08652154793315743 0.14996246246246248 0.031882145998240984 0.13701201201201202
0 0.09531662269129287 0.11148648648648649 0.031882145998240984 0.13513513513513514
0 0.05408970976253298 0.16403903903903905 0.03518029903254178 0.14264264264264265
0 0.01835971855760774 0.13963963963963963 0.029683377308707123 0.15015015015015015
0 0.12423043095866315 0.04617117117117117 0.032981530343007916 0.09234234234234234
0 0.09080914687774846 0.041666666666666664 0.029463500439753737 0.08333333333333333
0 0.0648636763412489 0.04804804804804805 0.028583992963940194 0.0960960960960961
0 0.03847845206684257 0.05555555555555555 0.028583992963940194 0.1111111111111111
0 0.014291996481970097 0.06343843843843844 0.028583992963940194 0.11486486486486487
0 0.08377308707124011 0.02364864864864865 0.028583992963940194 0.0472972972972973
0 0.2481310466138962 0.48123123123123124 0.04287598944591029 0.18768768768768768
0 0.3419085312225154 0.6373873873873874 0.0505716798592788 0.06456456456456457
0 0.3619173262972735 0.5987237237237237 0.05716798592788039 0.14189189189189189
0 0.35422163588390504 0.21659159159159158 0.04397537379067722 0.1614114114114114
0 0.3634564643799472 0.06681681681681682 0.0426561125769569 0.13363363363363365
0 0.6466578715919086 0.3019894894894895 0.04177660510114336 0.1707957957957958
0 0.6671064204045735 0.2774024024024024 0.025505716798592787 0.15990990990990991
0 0.9588830255057168 0.6096096096096096 0.028583992963940194 0.11261261261261261
0 0.9467897977132805 0.4313063063063063 0.01759014951627089 0.09834834834834835
0 0.7308003518029903 0.616066066066066 0.02273087071240108 0.09969219219219216
0 0.9848284960422163 0.5919669669669669 0.022427440633245383 0.10135135135135136
0 0.8466666666666667 0.28617867867867874 0.009388742304309547 0.06535285285285282
0 0.9602022867194371 0.30818318318318316 0.012752858399296393 0.07432432432432433
0 0.9901055408970977 0.27965465465465467 0.014511873350923483 0.07582582582582582
0 0.7559366754617414 0.24587087087087087 0.014951627088830254 0.07732732732732733
0 0.8340589270008796 0.2880555555555556 0.012313104661389622 0.06265765765765768
0 0.772207563764292 0.6126126126126126 0.022867194371152155 0.11411411411411411
0 0.977792436235708 0.039414414414414414 0.010114335971855761 0.05630630630630631
0 0.9032541776605101 0.45645645645645644 0.01759014951627089 0.11861861861861862
0 0.8054089709762533 0.2894144144144144 0.010114335971855761 0.06831831831831832
0 0.7561565523306948 0.6201201201201201 0.028583992963940194 0.0990990990990991
0 0.9193051890941073 0.4328078078078078 0.013632365875109938 0.08633633633633633
0 0.7755057167985928 0.20495495495495494 0.009234828496042216 0.06156156156156156
0 0.7370272647317502 0.21196696696696699 0.014072119613016711 0.058423423423423375
0 0.7816622691292876 0.2057057057057057 0.011873350923482849 0.06156156156156156
0 0.8737774846086191 0.16417417417417418 0.010474934036939386 0.02415165165165162
0 0.7924362357080035 0.2939189189189189 0.010554089709762533 0.06831831831831832
0 0.8668557607739665 0.2273198198198198 0.011433597185576077 0.06381381381381382
0 0.8317941952506597 0.21996996996996998 0.010114335971855761 0.06006006006006006
0 0.7480562884784521 0.20518018018018014 0.008869832893579628 0.05210210210210217
0 0.8197009674582234 0.21846846846846846 0.009674582233948988 0.05555555555555555
0 0.905184696569921 0.28557057057057056 0.011873350923482849 0.07582582582582582
0 0.9065523306948109 0.39076576576576577 0.014511873350923483 0.07432432432432433
0 0.9415127528583993 0.2969219219219219 0.011433597185576077 0.06531531531531531
0 0.8029331574318381 0.19266516516516516 0.012203166226912929 0.05762012012012012
0 0.8482849604221636 0.013513513513513514 0.008795074758135445 0.02702702702702703
0 0.9909850483729111 0.04241741741741742 0.009234828496042216 0.05930930930930931
0 0.8348724714160071 0.1891891891891892 0.008355321020228672 0.06006006006006006
0 0.8647757255936676 0.01614114114114114 0.010114335971855761 0.03228228228228228
0 0.9276605101143359 0.024399399399399398 0.010993843447669306 0.048798798798798795
0 0.921943711521548 0.35848348348348347 0.016270888302550572 0.06981981981981981
0 0.8913808267370272 0.36599099099099097 0.014072119613016711 0.07132132132132132
0 0.8869832893579596 0.01876876876876877 0.0079155672823219 0.03753753753753754
0 0.7508795074758136 0.00563063063063063 0.009234828496042216 0.01126126126126126
0 0.9019349164467898 0.020645645645645645 0.0079155672823219 0.04129129129129129
0 0.895778364116095 0.02027027027027027 0.0079155672823219 0.04054054054054054
0 0.8327352682497802 0.28033033033033034 0.008003518029903175 0.05635135135135131
0 0.8577396657871592 0.16854354354354353 0.008355321020228672 0.0472972972972973
0 0.7860598065083553 0.0075075075075075074 0.010114335971855761 0.015015015015015015
0 0.8770888302550571 0.017267267267267267 0.008355321020228672 0.03453453453453453
0 0.7231002638522427 0.14880630630630629 0.009379947229551419 0.05135885885885883
0 0.9434916446789797 0.02665165165165165 0.009234828496042216 0.0533033033033033
0 0.8973175021987687 0.39602102102102105 0.014511873350923483 0.07732732732732733
0 0.890061565523307 0.40465465465465467 0.0158311345646438 0.08408408408408409
0 0.7095514511873351 0.45483483483483483 0.028834652594547126 0.06432432432432438
0 0.7238478452066842 0.4398123123123123 0.018210202286719372 0.06130630630630637
0 0.7970536499560247 0.00975975975975976 0.014511873350923483 0.01951951951951952
0 0.9101583113456464 0.024564564564564587 0.008236587510993851 0.0410960960960961
0 0.8280694810905893 0.18014264264264268 0.005580474934036963 0.044219219219219286
0 0.8503781882145999 0.18641141141141138 0.004327176781002703 0.05060810810810817
0 0.843566402814424 0.18208708708708707 0.006961301671064172 0.049481981981982046
0 0.8486235708003518 0.16568318318318317 0.007401055408970944 0.04908408408408408
0 0.9847801231310468 0.2176726726726727 0.008975373790677157 0.03293543543543535
0 0.9762093227792437 0.21109609609609606 0.009863676341248828 0.04382132132132124
0 0.7383465259454706 0.007132132132132132 0.0079155672823219 0.014264264264264264
0 0.6818381706244503 0.1704204204204204 0.00395778364116095 0.025525525525525526
0 0.7593887423043095 0.24059309309309312 0.01271328056288472 0.06585585585585588
0 0.8426517150395778 0.2741966966966967 0.011407211961301695 0.0637537537537538
0 0.8732937554969217 0.19255255255255257 0.011169744942832054 0.055360360360360364
0 0.9107431838170623 0.2830255255255255 0.011288478452066875 0.061989489489489444
0 0.7809498680738787 0.6171096096096096 0.021741424802110842 0.09330330330330346
0 0.3649956024626209 0.7995495495495496 0.16204925241864557 0.09084084084084085
0 0.5481530343007915 0.8337087087087087 0.2631926121372032 0.22409909909909909
0 0.8399296394019349 0.8348348348348348 0.3201407211961302 0.3303303303303303
0 0.9547053649956024 0.8866366366366366 0.09058927000879508 0.22672672672672672