0 0.2271164021164021 0.22245762711864406 0.05423280423280423 0.19538606403013184
0 0.2601851851851852 0.19656308851224105 0.041005291005291 0.20009416195856874
0 0.2552910052910053 0.06450094161958568 0.05026455026455026 0.12900188323917136
0 0.23412698412698413 0.04943502824858757 0.03439153439153439 0.09887005649717515
0 0.20185185185185187 0.054143126177024485 0.038624338624338624 0.10828625235404897
0 0.3078042328042328 0.11887947269303202 0.03571428571428571 0.1012241054613936
0 0.451984126984127 0.1353578154425612 0.03835978835978836 0.17184557438794726
0 0.4414021164021164 0.08709981167608287 0.03835978835978836 0.1694915254237288
0 0.491005291005291 0.1530131826741996 0.042328042328042326 0.17890772128060264
0 0.4060846560846561 0.03154425612052731 0.03968253968253968 0.06308851224105462
0 0.44656084656084655 0.025894538606403013 0.03597883597883598 0.051789077212806026
0 0.4775132275132275 0.03389830508474576 0.03439153439153439 0.06779661016949153
0 0.5058201058201058 0.04331450094161959 0.027513227513227514 0.08662900188323917
0 0.11851851851851852 0.05743879472693032 0.05185185185185185 0.11487758945386065
0 0.3962962962962963 0.07062146892655367 0.0328042328042328 0.14124293785310735
0 0.5079365079365079 0.09274952919020715 0.02328042328042328 0.16290018832391714
0 0.11335978835978835 0.20480225988700565 0.056878306878306875 0.1977401129943503
0 0.4793650793650794 0.6930320150659134 0.08015873015873017 0.5296610169491526
0 0.4113756613756614 0.7010357815442562 0.06851851851851852 0.4915254237288136
0 0.3494708994708995 0.7161016949152542 0.06957671957671957 0.4759887005649718
0 0.2783068783068783 0.699623352165725 0.0791005291005291 0.4016007532956685
0 0.20476190476190476 0.6195856873822976 0.07380952380952381 0.3097928436911488
0 0.16957671957671958 0.5955743879472694 0.05185185185185185 0.2085687382297552