0 0.15168539325842698 0.016 0.0449438202247191 0.032
0 0.08890449438202247 0.445 0.05196629213483146 0.23
0 0.060674157303370786 0.536 0.05730337078651685 0.188
0 0.36980337078651687 0.25125 0.05758426966292135 0.2075
0 0.40491573033707867 0.22375 0.04353932584269663 0.2125
0 0.3997191011235955 0.076 0.05337078651685393 0.152
0 0.4554775280898876 0.14125 0.037921348314606744 0.1075
0 0.4165730337078652 0.5425 0.05337078651685393 0.175
0 0.5558988764044944 0.075 0.042134831460674156 0.15
0 0.5853932584269663 0.1045 0.008988764044943821 0.185
0 0.5820224719101124 0.07 0.015730337078651686 0.14
0 0.04269662921348315 0.041 0.038202247191011236 0.082
0 0.32134831460674157 0.08875 0.0449438202247191 0.1625
0 0.3570224719101124 0.085 0.04101123595505618 0.17
0 0.22654494382022472 0.21125 0.04915730337078652 0.2075
0 0.25463483146067417 0.1075 0.04915730337078652 0.215
0 0.7949438202247191 0.315 0.4101123595505618 0.63
0 0.922191011235955 0.815 0.1553370786516854 0.37