0 0.020903954802259886 0.15995975855130784 0.04180790960451977 0.20925553319919518
0 0.04209039548022599 0.060362173038229376 0.0423728813559322 0.12072434607645875
0 0.01384180790960452 0.04678068410462777 0.02768361581920904 0.09356136820925554
0 0.1826271186440678 0.2746478873239437 0.052259887005649715 0.23138832997987926
0 0.15423728813559323 0.3506036217303823 0.0576271186440678 0.1579476861167002
0 0.46242937853107347 0.272635814889336 0.2621468926553672 0.31338028169014087
0 0.8338983050847457 0.26609657947686116 0.16016949152542373 0.13229376257545272
0 0.8214689265536723 0.20925553319919518 0.07711864406779662 0.08853118712273642
0 0.02231638418079096 0.9416498993963782 0.04463276836158192 0.11670020120724346
0 0.3129943502824859 0.8430583501006036 0.03389830508474576 0.2515090543259557
0 0.1271186440677966 0.47434607645875254 0.04067796610169491 0.08953722334004025
0 0.16892655367231638 0.48541247484909456 0.04519774011299435 0.11167002012072434
0 0.21468926553672316 0.47183098591549294 0.0384180790960452 0.08450704225352113