0 0.27303370786516856 0.0445 0.0449438202247191 0.089
0 0.27078651685393257 0.0145 0.043820224719101124 0.029
0 0.35898876404494384 0.097 0.021348314606741574 0.194
0 0.3547752808988764 0.289 0.029775280898876405 0.21
0 0.16769662921348313 0.012 0.03089887640449438 0.024
0 0.16376404494382021 0.0695 0.037640449438202245 0.139
0 0.04030898876404494 0.31325 0.04353932584269663 0.2075
0 0.01348314606741573 0.3065 0.02696629213483146 0.195
0 0.012078651685393259 0.222 0.024157303370786518 0.11
0 0.04030898876404494 0.16575 0.046348314606741575 0.1675
0 0.045786516853932584 0.0745 0.037640449438202245 0.149
0 0.6376404494382022 0.1475 0.03679775280898876 0.101
0 0.7019662921348314 0.1525 0.039606741573033705 0.084
0 0.7407303370786517 0.1485 0.02443820224719101 0.086
0 0.4575842696629214 0.1735 0.08876404494382023 0.233
0 0.948876404494382 0.14 0.025842696629213482 0.062
0 0.9073033707865169 0.137 0.02443820224719101 0.063
0 0.8525280898876404 0.194 0.12275280898876405 0.2475
0 0.6629213483146067 0.1485 0.030056179775280897 0.096