0 0.1503014789533561 0.11072874493927123 0.024129692832764546 0.13463562753036434
0 0.07602957906712164 0.08880566801619434 0.013401592718998831 0.07055668016194336
0 0.5467861205915814 0.3734817813765182 0.05261660978384528 0.23279352226720648
0 0.518202502844141 0.4352226720647773 0.05802047781569966 0.12955465587044535
0 0.8312002275312855 0.17737854251012145 0.058304891922639365 0.21002024291497975
0 0.8667519908987485 0.14954453441295545 0.044084186575654154 0.21508097165991902
0 0.861490329920364 0.038461538461538464 0.0540386803185438 0.07692307692307693
0 0.9179465301478953 0.0660425101214575 0.03839590443686007 0.10880566801619433
0 0.8785551763367463 0.4418016194331984 0.0540386803185438 0.11639676113360324
0 0.7821387940841866 0.04757085020242915 0.04550625711035267 0.0951417004048583
0 0.818259385665529 0.04757085020242915 0.04152445961319681 0.0951417004048583
0 0.6861490329920364 0.13689271255060728 0.04977246871444824 0.21002024291497975
0 0.714448236632537 0.07034412955465587 0.05005688282138794 0.14068825910931174
0 0.14533560864618886 0.8061740890688259 0.05460750853242321 0.19129554655870445
0 0.09129692832764505 0.8006072874493927 0.051763367463026164 0.1887651821862348
0 0.18686006825938567 0.7859311740890689 0.03924914675767918 0.1680161943319838
0 0.3993174061433447 0.8633603238866396 0.020477815699658702 0.21508097165991902
0 0.36717861205915814 0.8410931174089069 0.06513083048919227 0.19433198380566802
0 0.371160409556314 0.8147773279352226 0.026734926052332197 0.125
0 0.3176905574516496 0.7828947368421053 0.01763367463026166 0.0951417004048583
0 0.3003412969283277 0.7763157894736842 0.01478953356086462 0.08755060728744939
0 0.32792946530147893 0.7677125506072875 0.011660978384527872 0.07135627530364372
0 0.27275312855517636 0.8157894736842105 0.04152445961319681 0.21103238866396762
0 0.2445961319681456 0.7505060728744939 0.008532423208191127 0.04149797570850203
0 0.23407281001137656 0.7474696356275303 0.005119453924914676 0.02834008097165992
0 0.22554038680318544 0.7530364372469636 0.007963594994311717 0.03744939271255061
0 0.012798634812286689 0.75 0.01678043230944255 0.058704453441295545
0 0.042662116040955635 0.75 0.01422070534698521 0.04807692307692308
0 0.011092150170648464 0.8719635627530364 0.02218430034129693 0.2560728744939271
0 0.02957906712172924 0.7864372469635628 0.054323094425483505 0.12449392712550607
0 0.511518771331058 0.8248987854251012 0.05261660978384528 0.23279352226720648
0 0.48293515358361777 0.9109311740890689 0.05802047781569966 0.17813765182186234
0 0.7959328782707622 0.6287955465587044 0.058304891922639365 0.21002024291497975
0 0.8313424345847554 0.604251012145749 0.04379977246871445 0.20850202429149797
0 0.8825369738339022 0.5359311740890689 0.03811149032992037 0.07186234817813765
0 0.843287827076223 0.9175101214574899 0.0540386803185438 0.16497975708502025
0 0.7468714448236633 0.5232793522267206 0.04550625711035267 0.0465587044534413
0 0.7829920364050057 0.5232793522267206 0.04152445961319681 0.0465587044534413
0 0.6507394766780432 0.59665991902834 0.05005688282138794 0.19331983805668015
0 0.6791808873720137 0.5460526315789473 0.05005688282138794 0.09210526315789473