0 0.017724867724867723 0.268361581920904 0.035449735449735446 0.1958568738229755
0 0.041666666666666664 0.2427024482109228 0.041005291005291 0.20009416195856874
0 0.037037037037037035 0.0955743879472693 0.05026455026455026 0.160075329566855
0 0.0164021164021164 0.07250470809792843 0.0328042328042328 0.14500941619585686
0 0.08928571428571429 0.16501883239171375 0.03571428571428571 0.1012241054613936
0 0.17063492063492064 0.1285310734463277 0.042328042328042326 0.160075329566855
0 0.23346560846560846 0.18149717514124294 0.03835978835978836 0.17184557438794726
0 0.22288359788359788 0.1332391713747646 0.03835978835978836 0.1694915254237288
0 0.2724867724867725 0.19915254237288135 0.042328042328042326 0.17890772128060264
0 0.31547619047619047 0.16854990583804144 0.03571428571428571 0.18832391713747645
0 0.18756613756613758 0.054613935969868174 0.03968253968253968 0.10922787193973635
0 0.22804232804232805 0.04896421845574388 0.03597883597883598 0.09792843691148775
0 0.258994708994709 0.05696798493408663 0.03439153439153439 0.11393596986817325
0 0.29074074074074074 0.06638418079096045 0.03439153439153439 0.1327683615819209
0 0.32341269841269843 0.07321092278719397 0.041005291005291 0.1435969868173258
0 0.23677248677248677 0.026365348399246705 0.03439153439153439 0.05273069679849341
0 0.807936507936508 0.3531073446327684 0.04365079365079365 0.02495291902071563
0 0.7796296296296297 0.3554613935969868 0.020370370370370372 0.029661016949152543