0 0.0690672963400236 0.058298319327731093 0.047225501770956316 0.11659663865546219
0 0.06729634002361275 0.026785714285714284 0.04604486422668241 0.05357142857142857
0 0.29884887839433294 0.34690126050420167 0.06050767414403778 0.21796218487394958
0 0.3357438016528926 0.3180147058823529 0.045749704840613935 0.22321428571428573
0 0.3305785123966942 0.15388655462184875 0.05608028335301062 0.17857142857142858
0 0.38887249114521844 0.23135504201680673 0.03984651711924439 0.11292016806722689
0 0.5498819362455726 0.3125 0.01948051948051948 0.21323529411764705
0 0.5401416765053129 0.19275210084033614 0.03896103896103896 0.19432773109243698
0 0.529073199527745 0.14338235294117646 0.030991735537190084 0.17331932773109243
0 0.5498819362455726 0.11397058823529412 0.01948051948051948 0.17331932773109243
0 0.5112160566706021 0.03991596638655462 0.04250295159386069 0.07983193277310924
0 0.5419126328217237 0.020483193277310924 0.03541912632821724 0.04096638655462185
0 0.24793388429752067 0.17620798319327732 0.047225501770956316 0.17069327731092437
0 0.28556670602125145 0.16701680672268907 0.04279811097992916 0.18907563025210083
0 0.17783353010625738 0.1959033613445378 0.05165289256198347 0.22584033613445378
0 0.47255017709563163 0.028361344537815126 0.032467532467532464 0.05672268907563025
0 0.12396694214876033 0.2865021008403361 0.050177095631641085 0.21796218487394958
0 0.9639905548996458 0.22111344537815125 0.07172373081463991 0.4338235294117647
0 0.7715466351829988 0.22899159663865545 0.06552538370720189 0.41334033613445376
0 0.7399645808736718 0.2426470588235294 0.09208972845336481 0.42436974789915966
0 0.6552538370720189 0.15388655462184875 0.052243211334120424 0.24474789915966386
0 0.6068476977567887 0.25315126050420167 0.07497048406139316 0.4322478991596639
0 0.4427390791027155 0.8069852941176471 0.0590318772136954 0.24422268907563024
0 0.5336481700118064 0.9107142857142857 0.05194805194805195 0.17857142857142858
0 0.07821723730814639 0.7780987394957983 0.05608028335301062 0.23371848739495799
0 0.1077331759149941 0.6559873949579832 0.053128689492325853 0.24684873949579833
0 0.4017119244391972 0.9380252100840336 0.06198347107438017 0.12394957983193278
0 0.29014167650531286 0.9747899159663865 0.0808736717827627 0.05042016806722689
0 0.2922077922077922 0.8792016806722689 0.07083825265643448 0.2415966386554622
0 0.41883116883116883 0.5399159663865546 0.05608028335301062 0.10084033613445378
0 0.6841794569067297 0.7956932773109243 0.24911452184179456 0.34663865546218486
0 0.9149940968122786 0.7746848739495799 0.17001180637544275 0.3235294117647059
0 0.7762691853600945 0.7909663865546218 0.10094451003541913 0.29411764705882354
0 0.7978158205430933 0.6612394957983193 0.09622195985832349 0.19170168067226892
0 0.930047225501771 0.6397058823529411 0.03807556080283353 0.17016806722689076
0 0.9173553719008265 0.6517857142857143 0.06109799291617474 0.17331932773109243
0 0.7373081463990555 0.7148109243697479 0.03512396694214876 0.08823529411764706
0 0.5681818181818182 0.6880252100840336 0.017119244391971666 0.050945378151260504
0 0.8538961038961039 0.7074579831932774 0.025974025974025976 0.0898109243697479
0 0.8958087367178277 0.7426470588235294 0.03807556080283353 0.0819327731092437