0 0.20051143200962696 0.21199143468950749 0.05565583634175692 0.2462526766595289
0 0.17027677496991575 0.3340471092077088 0.061371841155234655 0.2505353319057816
0 0.5 0.057815845824411134 0.05896510228640193 0.11563169164882227
0 0.02075812274368231 0.06049250535331906 0.04151624548736462 0.12098501070663811
0 0.32280385078219015 0.02676659528907923 0.05114320096269555 0.05353319057815846
0 0.38086642599277976 0.39721627408993576 0.07340553549939831 0.12419700214132762
0 0.733453670276775 0.43094218415417557 0.06498194945848375 0.056745182012847964
0 0.6104091456077015 0.0835117773019272 0.057160048134777375 0.1670235546038544
0 0.6293622141997594 0.03907922912205567 0.049338146811071 0.07815845824411134
0 0.851985559566787 0.07922912205567452 0.05896510228640193 0.15845824411134904
0 0.6585439229843562 0.3506423982869379 0.057160048134777375 0.21734475374732334
0 0.5845367027677497 0.4213062098501071 0.06799037304452467 0.07601713062098502
0 0.18080625752105897 0.7146680942184154 0.035499398315282794 0.08618843683083512
0 0.5926594464500602 0.7639186295503212 0.12184115523465704 0.23554603854389722
0 0.6886281588447654 0.7462526766595289 0.1197352587244284 0.20717344753747324
0 0.7713598074608905 0.7494646680942184 0.08483754512635379 0.1734475374732334
0 0.9476534296028881 0.7981798715203426 0.10469314079422383 0.29389721627408993
0 0.848676293622142 0.7665952890792291 0.10890493381468111 0.21680942184154176