0 0.01252913752913753 0.030601659751037343 0.02505827505827506 0.061203319502074686
0 0.3618881118881119 0.6913900414937759 0.05710955710955711 0.05705394190871369
0 0.2280011655011655 0.28864107883817425 0.05973193473193473 0.21524896265560167
0 0.2644230769230769 0.26011410788381745 0.04516317016317016 0.2204356846473029
0 0.25932400932400934 0.09802904564315353 0.05536130536130536 0.17634854771784234
0 0.23572261072261072 0.0762448132780083 0.03787878787878788 0.1524896265560166
0 0.20017482517482518 0.08143153526970955 0.042540792540792544 0.1628630705394191
0 0.3168706293706294 0.17453319502074688 0.039335664335664336 0.11151452282157677
0 0.40646853146853146 0.13433609958506224 0.046620046620046623 0.17634854771784234
0 0.4756701631701632 0.19268672199170125 0.04224941724941725 0.18931535269709543
0 0.4640151515151515 0.1395228215767635 0.04224941724941725 0.18672199170124482
0 0.5125291375291375 0.21161825726141079 0.034382284382284384 0.1970954356846473
0 0.4256993006993007 0.05653526970954357 0.043706293706293704 0.11307053941908714
0 0.46998834498834496 0.050311203319502076 0.03904428904428905 0.10062240663900415
0 0.5043706293706294 0.05912863070539419 0.03787878787878788 0.11825726141078838
0 0.5247668997668997 0.06950207468879668 0.009906759906759906 0.13900414937759337
0 0.4793123543123543 0.0254149377593361 0.03787878787878788 0.0508298755186722
0 0.26136363636363635 0.6203319502074689 0.05652680652680653 0.1991701244813278
0 0.12092074592074592 0.28475103734439833 0.05827505827505827 0.22302904564315354
0 0.10839160839160839 0.08506224066390042 0.05710955710955711 0.17012448132780084
0 0.9498834498834499 0.37655601659751037 0.10023310023310024 0.4087136929460581
0 0.2162004662004662 0.8822614107883817 0.42744755244755245 0.2354771784232365
0 0.4632867132867133 0.8874481327800829 0.047494172494172496 0.037863070539419084
0 0.483974358974359 0.8952282157676349 0.04632867132867133 0.042012448132780086
0 0.664918414918415 0.9714730290456431 0.09586247086247086 0.05705394190871369