0 0.14703389830508476 0.306841046277666 0.052259887005649715 0.23138832997987926
0 0.11878531073446327 0.43133802816901406 0.05790960451977401 0.2540241448692153
0 0.559322033898305 0.5573440643863179 0.05536723163841808 0.16498993963782696
0 0.4295197740112994 0.1119215291750503 0.05790960451977401 0.20875251509054327
0 0.4646892655367232 0.09557344064386318 0.04350282485875706 0.19114688128772636
0 0.5155367231638418 0.02766599597585513 0.03785310734463277 0.05533199195171026
0 0.4768361581920904 0.4413983903420523 0.05367231638418079 0.24899396378269617
0 0.3135593220338983 0.03772635814889336 0.04971751412429379 0.07545271629778671
0 0.41977401129943503 0.5915492957746479 0.07231638418079096 0.096579476861167
0 0.261864406779661 0.0789738430583501 0.0480225988700565 0.1579476861167002
0 0.3172316384180791 0.6252515090543259 0.07627118644067797 0.029175050301810865
0 0.3163841807909605 0.5311871227364185 0.06892655367231638 0.21730382293762576