0 0.10198209718670077 0.1569767441860465 0.039428815004262575 0.16715116279069767
0 0.0806692242114237 0.24691133720930233 0.04369138959931799 0.18350290697674418
0 0.41304347826086957 0.313953488372093 0.041773231031543054 0.07122093023255814
0 0.3150042625745951 0.04578488372093023 0.043478260869565216 0.09156976744186046
0 0.3416453537936914 0.03670058139534884 0.032821824381926684 0.07340116279069768
0 0.35080988917306055 0.25417877906976744 0.04049445865302643 0.17986918604651161
0 0.5044757033248082 0.03306686046511628 0.030264279624893437 0.06613372093023256
0 0.23145780051150894 0.3066860465116279 0.05115089514066496 0.08575581395348837
0 0.20630861040068202 0.03125 0.03751065643648764 0.0625
0 0.9243094629156011 0.17723837209302334 0.036700767263427074 0.06470203488372107
0 0.9462830349531117 0.20520348837209296 0.021530264279624987 0.10428052325581412
0 0.7158994032395567 0.2961482558139535 0.04134697357203751 0.1068313953488372
0 0.7252770673486786 0.3248546511627907 0.029411764705882353 0.04941860465116279
0 0.5374850809889173 0.09951308139534888 0.017263427109974423 0.10553052325581398
0 0.06606990622335891 0.38880813953488375 0.03410059676044331 0.07848837209302326
0 0.06436487638533675 0.36700581395348836 0.03324808184143223 0.03488372093023256
0 0.01896845694799659 0.7281976744186046 0.03793691389599318 0.16715116279069767
0 0.00937766410912191 0.8179505813953488 0.01875532821824382 0.18386627906976744
0 0.3294970161977835 0.924781976744186 0.041773231031543054 0.1504360465116279
0 0.23156436487638535 0.587390988372093 0.04369138959931799 0.15079941860465115
0 0.2582054560954817 0.567405523255814 0.033034953111679456 0.15443313953488372
0 0.2544757033248082 0.4538517441860465 0.04049445865302643 0.12354651162790697
0 0.2965686274509804 0.5074491279069767 0.02877237851662404 0.078125
0 0.14418158567774936 0.4329578488372093 0.04156010230179028 0.14353197674418605
0 0.07459505541346974 0.9538517441860465 0.05541346973572037 0.09229651162790697
0 0.13991901108269394 0.5737645348837209 0.045822676896845695 0.15261627906976744
0 0.1489769820971867 0.9258720930232558 0.05754475703324808 0.14825581395348839
0 0.2672634271099744 0.8253997093023255 0.04049445865302643 0.17986918604651161
0 0.4244458653026428 0.5637718023255814 0.03729752770673487 0.14716569767441862
0 0.3727621483375959 0.4493095930232558 0.0319693094629156 0.12899709302325582
0 0.4068627450980392 0.4811046511627907 0.029838022165387893 0.13444767441860464
0 0.3978047740835465 0.4465843023255814 0.02237851662404092 0.11991279069767442
0 0.45534953111679455 0.4820130813953488 0.02877237851662404 0.13263081395348839
0 0.47772804774083544 0.45930232558139533 0.024509803921568627 0.13444767441860464
0 0.45481670929241264 0.41569767441860467 0.027706734867860187 0.10537790697674419
0 0.41965046888320545 0.4265988372093023 0.027706734867860187 0.11991279069767442
0 0.3851236146632566 0.37609011627906974 0.03111679454390452 0.053052325581395346
0 0.40814151747655586 0.3626453488372093 0.027706734867860187 0.02616279069767442
0 0.43478260869565216 0.36809593023255816 0.03410059676044331 0.037063953488372096
0 0.19970161977834613 0.9720203488372093 0.05413469735720375 0.0559593023255814
0 0.1947996589940324 0.46929505813953487 0.03410059676044331 0.11809593023255814
0 0.22197357203751067 0.4629360465116279 0.030903665814151746 0.1308139534883721
0 0.7623614663256607 0.7300145348837209 0.21355498721227623 0.5399709302325582