0 0.00856353591160221 0.04273084479371316 0.01712707182320442 0.08546168958742632
0 0.2100828729281768 0.3008349705304519 0.05662983425414365 0.2038310412573674
0 0.24461325966850828 0.2738212180746562 0.04281767955801105 0.2087426326129666
0 0.23977900552486187 0.12033398821218075 0.052486187845303865 0.16699410609037327
0 0.21740331491712708 0.08595284872298625 0.03591160220994475 0.1719056974459725
0 0.18383977900552487 0.1019155206286837 0.04005524861878453 0.15962671905697445
0 0.2943370165745856 0.19277996070726916 0.03729281767955801 0.1055992141453831
0 0.09668508287292818 0.09430255402750491 0.05414364640883978 0.18860510805500982
0 0.09129834254143647 0.2824165029469548 0.05939226519337017 0.206286836935167
0 0.25607734806629834 0.5702357563850687 0.052486187845303865 0.13850687622789784
0 0.4600828729281768 0.268909626719057 0.04834254143646409 0.19891944990176819
0 0.3930939226519337 0.11419449901768172 0.04143646408839779 0.1743614931237721
0 0.437292817679558 0.15717092337917485 0.03867403314917127 0.18172888015717092
0 0.4255524861878453 0.11051080550098231 0.029005524861878452 0.16208251473477406
0 0.48535911602209947 0.1581532416502947 0.008287292817679558 0.1787819253438114
0 0.48535911602209947 0.06974459724950884 0.008287292817679558 0.13948919449901767
0 0.45386740331491715 0.08349705304518663 0.03591160220994475 0.16208251473477406
0 0.4088397790055249 0.025540275049115914 0.039779005524861875 0.05108055009823183
0 0.4389502762430939 0.0073673870333988214 0.03591160220994475 0.014734774066797643
0 0.4704419889502762 0.014734774066797643 0.03812154696132597 0.029469548133595286
0 0.5835635359116023 0.7615422396856582 0.05662983425414365 0.2038310412573674
0 0.6179558011049724 0.7391944990176817 0.042541436464088395 0.1994106090373281
0 0.6676795580110497 0.6728880157170923 0.037016574585635356 0.06679764243614932
0 0.8334254143646409 0.7342829076620825 0.04806629834254143 0.18958742632612965
0 0.8104972375690608 0.6738703339882122 0.03867403314917127 0.068762278978389
0 0.8734806629834254 0.6738703339882122 0.03756906077348066 0.068762278978389
0 0.9024861878453039 0.6591355599214146 0.03149171270718232 0.03929273084479371
0 0.5359116022099447 0.6606090373280943 0.04419889502762431 0.04223968565815324
0 0.5709944751381215 0.6606090373280943 0.04033149171270718 0.04223968565815324
0 0.9848066298342542 0.9155206286836935 0.03038674033149171 0.16895874263261296