0 0.14916201117318437 0.016401590457256462 0.0446927374301676 0.032803180914512925
0 0.2115921787709497 0.4433399602385686 0.051675977653631286 0.2286282306163022
0 0.2393854748603352 0.5198807157057654 0.057541899441340784 0.15904572564612326
0 0.034916201117318434 0.24701789264413518 0.055865921787709494 0.21371769383697814
0 0.04664804469273743 0.06858846918489066 0.05418994413407821 0.13717693836978131
0 0.40027932960893853 0.3961232604373757 0.018435754189944135 0.24353876739562624
0 0.3946927374301676 0.22415506958250497 0.029608938547486034 0.18389662027833
0 0.36731843575418993 0.22340954274353877 0.04748603351955307 0.20129224652087474
0 0.39608938547486033 0.13717693836978131 0.026815642458100558 0.10934393638170974
0 0.39664804469273746 0.03876739562624255 0.02569832402234637 0.0775347912524851
0 0.3706703910614525 0.04125248508946322 0.04078212290502793 0.08250497017892644
0 0.35670391061452517 0.08101391650099403 0.043016759776536316 0.16202783300198806
0 0.3516759776536313 0.021371769383697812 0.036312849162011177 0.042743538767395624
0 0.31564245810055863 0.02385685884691849 0.0335195530726257 0.04771371769383698
0 0.2547486033519553 0.025347912524850896 0.04357541899441341 0.05069582504970179
0 0.843854748603352 0.28578528827037775 0.2857541899441341 0.5119284294234593
0 0.9731843575418995 0.7892644135188867 0.053631284916201116 0.17892644135188868
0 0.8986033519553073 0.8046719681908548 0.1717877094972067 0.20328031809145128
0 0.8053072625698324 0.6998011928429424 0.08966480446927375 0.1481113320079523
0 0.5664804469273743 0.8563618290258449 0.1972067039106145 0.27286282306163023