0 0.011581920903954802 0.0875251509054326 0.023163841807909605 0.1750503018108652
0 0.052259887005649715 0.019617706237424547 0.03785310734463277 0.039235412474849095
0 0.02005649717514124 0.335010060362173 0.04011299435028248 0.06841046277665996
0 0.22175141242937854 0.08249496981891348 0.04915254237288136 0.16498993963782696
0 0.19830508474576272 0.02062374245472837 0.03954802259887006 0.04124748490945674
0 0.2627118644067797 0.02062374245472837 0.0384180790960452 0.04124748490945674
0 0.5799435028248587 0.24446680080482897 0.2542372881355932 0.24899396378269617
0 0.5296610169491526 0.21780684104627768 0.41977401129943503 0.3028169014084507
0 0.3519774011299435 0.4079476861167002 0.03954802259887006 0.07746478873239436
0 0.41638418079096046 0.42052313883299797 0.04519774011299435 0.10261569416498995
0 0.41468926553672314 0.3903420523138833 0.04406779661016949 0.04225352112676056
0 0.3536723163841808 0.885814889336016 0.0519774011299435 0.2283702213279678
0 0.3370056497175141 0.9421529175050302 0.03446327683615819 0.11569416498993963
0 0.6362994350282486 0.6924044265593562 0.05790960451977401 0.20875251509054327
0 0.6716101694915254 0.664738430583501 0.043785310734463276 0.2137826961770624
0 0.6666666666666666 0.5075452716297787 0.05367231638418079 0.1710261569416499
0 0.6440677966101694 0.46981891348088534 0.03672316384180791 0.18108651911468812
0 0.6094632768361582 0.488682092555332 0.04096045197740113 0.16348088531187122
0 0.722457627118644 0.5817404426559356 0.038135593220338986 0.10814889336016097
0 0.5204802259887006 0.4786217303822938 0.05508474576271186 0.19869215291750503
0 0.3257062146892655 0.4295774647887324 0.011864406779661017 0.12072434607645875
0 0.5148305084745762 0.6735412474849095 0.06073446327683616 0.2112676056338028
0 0.6833333333333333 0.9486921529175051 0.05367231638418079 0.10261569416498995
0 0.8919491525423728 0.6597082494969819 0.04943502824858757 0.20372233400402415
0 0.8234463276836158 0.5012575452716298 0.0423728813559322 0.17857142857142858
0 0.8686440677966102 0.545271629778672 0.03954802259887006 0.18611670020120724
0 0.856638418079096 0.49748490945674045 0.029661016949152543 0.1659959758551308
0 0.932909604519774 0.5465291750503019 0.038135593220338986 0.1836016096579477
0 0.9625706214689266 0.5150905432595574 0.03248587570621469 0.18611670020120724
0 0.9322033898305084 0.45472837022132795 0.03672316384180791 0.14587525150905434
0 0.885593220338983 0.46981891348088534 0.03672316384180791 0.1659959758551308
0 0.8395480225988701 0.4029175050301811 0.04067796610169491 0.06740442655935613
0 0.8703389830508474 0.3843058350100604 0.03672316384180791 0.030181086519114688
0 0.9056497175141243 0.391851106639839 0.04519774011299435 0.04527162977867203