0 0.06454802259887006 0.38832997987927564 0.052259887005649715 0.23138832997987926
0 0.03629943502824859 0.5128269617706237 0.05790960451977401 0.2540241448692153
0 0.4768361581920904 0.6579476861167002 0.05536723163841808 0.20321931589537223
0 0.34703389830508474 0.19341046277665996 0.05790960451977401 0.20875251509054327
0 0.38234463276836156 0.16574446680080482 0.043785310734463276 0.2137826961770624
0 0.3771186440677966 0.04678068410462777 0.05367231638418079 0.09356136820925554
0 0.43319209039548023 0.08274647887323944 0.038135593220338986 0.10814889336016097
0 0.3943502824858757 0.522887323943662 0.05367231638418079 0.24899396378269617
0 0.2983050847457627 0.05583501006036217 0.04519774011299435 0.11167002012072434
0 0.334180790960452 0.05583501006036217 0.04124293785310734 0.11167002012072434
0 0.11468926553672316 0.7308853118712274 0.07909604519774012 0.05734406438631791
0 0.23107344632768362 0.07847082494969819 0.04971751412429379 0.15694164989939638
0 0.33728813559322035 0.6921529175050302 0.07231638418079096 0.13480885311871227
0 0.17966101694915254 0.13556338028169015 0.0480225988700565 0.20875251509054327
0 0.2347457627118644 0.7258551307847082 0.07627118644067797 0.06740442655935613
0 0.23403954802259888 0.6260060362173038 0.0692090395480226 0.24396378269617705
0 0.742090395480226 0.4225352112676056 0.36892655367231636 0.6740442655935613
0 0.27570621468926554 0.9109657947686117 0.1977401129943503 0.17806841046277666
0 0.11553672316384181 0.9451710261569416 0.07090395480225989 0.1096579476861167
0 0.7954802259887006 0.93158953722334 0.05084745762711865 0.13682092555331993
0 0.9008474576271186 0.7922535211267606 0.05480225988700565 0.06539235412474849
0 0.5392655367231638 0.9678068410462777 0.01864406779661017 0.06438631790744467
0 0.5415254237288135 0.8189134808853119 0.023163841807909605 0.11871227364185111
0 0.5669491525423729 0.8450704225352113 0.03672316384180791 0.1710261569416499
0 0.6014124293785311 0.8501006036217303 0.05254237288135593 0.18108651911468812