0 0.20536649214659686 0.3063314711359404 0.04842931937172775 0.21415270018621974
0 0.17918848167539267 0.42155493482309125 0.05366492146596859 0.2351024208566108
0 0.018586387434554975 0.26210428305400374 0.03717277486910995 0.22811918063314712
0 0.011256544502617802 0.0670391061452514 0.022513089005235604 0.1340782122905028
0 0.03193717277486911 0.10148975791433892 0.031413612565445025 0.17225325884543763
0 0.059424083769633505 0.10032588454376164 0.04450261780104712 0.18854748603351956
0 0.03193717277486911 0.035381750465549346 0.02617801047120419 0.07076350093109869
0 0.06910994764397906 0.021415270018621976 0.040837696335078534 0.04283054003724395
0 0.45091623036649214 0.17970204841713222 0.04842931937172775 0.21415270018621974
0 0.424738219895288 0.294925512104283 0.05366492146596859 0.2351024208566108
0 0.8329842931937173 0.44227188081936686 0.05130890052356021 0.21415270018621974
0 0.712565445026178 0.04795158286778398 0.05340314136125655 0.09590316573556797
0 0.7452879581151832 0.036312849162011177 0.04031413612565445 0.07262569832402235
0 0.5198952879581152 0.4795158286778399 0.06806282722513089 0.13966480446927373
0 0.6 0.03957169459962756 0.05654450261780105 0.07914338919925512
0 0.6112565445026178 0.4436685288640596 0.07068062827225131 0.21135940409683426
0 0.756544502617801 0.3042364990689013 0.049738219895287955 0.23044692737430167
0 0.9494764397905759 0.03165735567970205 0.04554973821989529 0.0633147113594041
0 0.6735602094240838 0.5027932960893855 0.06649214659685863 0.0931098696461825
0 0.3010471204188482 0.05027932960893855 0.023036649214659685 0.1005586592178771
0 0.25759162303664923 0.6098696461824954 0.012303664921465968 0.03165735567970205
0 0.24581151832460732 0.6103351955307262 0.012827225130890052 0.027932960893854747