0 0.19908987485779295 0.09919028340080972 0.05802047781569966 0.19838056680161945
0 0.23464163822525597 0.08653846153846154 0.04379977246871445 0.17307692307692307
0 0.2858361774744027 0.018218623481781375 0.03811149032992037 0.03643724696356275
0 0.24658703071672355 0.38461538461538464 0.0540386803185438 0.1700404858299595
0 0.08248009101251422 0.02834008097165992 0.05005688282138794 0.05668016194331984
0 0.03043230944254835 0.06983805668016195 0.04835039817974972 0.1396761133603239
0 0.08532423208191127 0.43775303643724695 0.06939704209328783 0.06376518218623482
0 0.08674630261660979 0.7059716599190283 0.17349260523321958 0.4311740890688259
0 0.7081911262798635 0.7672064777327935 0.031001137656427757 0.05313765182186235
0 0.6928327645051194 0.7515182186234818 0.020762229806598406 0.019736842105263157
0 0.6729237770193401 0.7525303643724697 0.01564277588168373 0.021761133603238867
0 0.7531285551763367 0.7646761133603239 0.020762229806598406 0.048582995951417005
0 0.7747440273037542 0.7692307692307693 0.03612059158134243 0.06578947368421052
0 0.8609215017064846 0.8006072874493927 0.07423208191126279 0.13663967611336034