0 0.4880460448642267 0.41491596638655465 0.05460448642266824 0.2415966386554622
0 0.5174144037780402 0.5357142857142857 0.06080283353010626 0.24789915966386555
0 0.05696576151121606 0.625 0.05726092089728453 0.06932773109243698
0 0.1928866587957497 0.2113970588235294 0.06050767414403778 0.21796218487394958
0 0.1559917355371901 0.18251050420168066 0.045749704840613935 0.22321428571428573
0 0.16086186540731995 0.05357142857142857 0.05608028335301062 0.10714285714285714
0 0.1844746162927981 0.03676470588235294 0.03837072018890201 0.07352941176470588
0 0.22077922077922077 0.04201680672268908 0.04250295159386069 0.08403361344537816
0 0.10286304604486422 0.09585084033613446 0.03984651711924439 0.11292016806722689
0 0.15879574970484062 0.553046218487395 0.05785123966942149 0.21323529411764705
0 0.301357733175915 0.20745798319327732 0.0590318772136954 0.22584033613445378
0 0.313754427390791 0.04569327731092437 0.05726092089728453 0.09138655462184873
0 0.011216056670602124 0.06039915966386555 0.02243211334120425 0.1207983193277311
0 0.4329988193624557 0.8082983193277311 0.08412042502951594 0.14495798319327732
0 0.7739079102715466 0.8592436974789915 0.16587957497048406 0.25682773109243695
0 0.9312278630460449 0.8686974789915967 0.13754427390791027 0.2620798319327731