0 0.024157303370786518 0.261 0.048314606741573035 0.23
0 0.011516853932584269 0.3845 0.023033707865168538 0.253
0 0.30337078651685395 0.0855 0.05730337078651685 0.171
0 0.3382022471910112 0.073 0.04269662921348315 0.146
0 0.09662921348314607 0.569 0.07303370786516854 0.122
0 0.18258426966292135 0.0765 0.060674157303370786 0.153
0 0.2452247191011236 0.599 0.05898876404494382 0.062
0 0.19466292134831462 0.5305 0.07584269662921349 0.199
0 0.3415730337078652 0.3945 0.035955056179775284 0.247
0 0.19691011235955055 0.8525 0.21629213483146068 0.295
0 0.6241573033707866 0.7645 0.1446629213483146 0.0965
0 0.4688202247191011 0.801 0.21853932584269664 0.238