0 0.25251396648044694 0.05168986083499006 0.05139664804469274 0.10337972166998012
0 0.2245810055865922 0.11878727634194831 0.05698324022346369 0.23757455268389663
0 0.6604748603351955 0.2711232604373757 0.05446927374301676 0.23111332007952287
0 0.32625698324022345 0.32703777335984097 0.07262569832402235 0.1848906560636183
0 0.42374301675977655 0.28876739562624254 0.07541899441340782 0.2614314115308151
0 0.5784916201117318 0.12226640159045726 0.05307262569832402 0.24453280318091453
0 0.49022346368715086 0.3518886679920477 0.07094972067039106 0.13518886679920478
0 0.39608938547486033 0.39314115308151093 0.0670391061452514 0.05268389662027833
0 0.01899441340782123 0.05765407554671968 0.03798882681564246 0.11530815109343936
0 0.8770949720670391 0.2216699801192843 0.14385474860335196 0.294234592445328
0 0.797486033519553 0.3071570576540755 0.16899441340782123 0.21421471172962225
0 0.15782122905027932 0.7872763419483101 0.27039106145251396 0.4254473161033797
0 0.5407821229050279 0.7748508946322068 0.1653631284916201 0.17693836978131214
0 0.5279329608938548 0.6988071570576541 0.07960893854748603 0.11829025844930417