0 0.6189236111111112 0.2957818930041152 0.05381944444444445 0.1882716049382716
0 0.4223090277777778 0.14248971193415638 0.053530092592592594 0.2109053497942387
0 0.3297164351851852 0.1206275720164609 0.05931712962962963 0.21347736625514405
0 0.2934027777777778 0.10082304526748971 0.04513888888888889 0.20164609053497942
0 0.24131944444444445 0.03137860082304527 0.03935185185185185 0.06275720164609054
0 0.15219907407407407 0.02726337448559671 0.046296296296296294 0.05452674897119342
0 0.08362268518518519 0.059670781893004114 0.04224537037037037 0.11934156378600823
0 0.09519675925925926 0.032407407407407406 0.04224537037037037 0.06481481481481481
0 0.041087962962962965 0.07098765432098765 0.046296296296296294 0.1419753086419753
0 0.44328703703703703 0.4351851851851852 0.017361111111111112 0.05092592592592592
0 0.9117476851851852 0.7258230452674898 0.17650462962962962 0.43930041152263377