0 0.025139664804469275 0.33300198807157055 0.05027932960893855 0.33399602385685884
0 0.2178994413407821 0.20073558648111336 0.025798882681564283 0.05606361829025854
0 0.2680223463687151 0.20533797216699806 0.020787709497206725 0.0542246520874751
0 0.8094972067039106 0.18737574552683897 0.1011173184357542 0.16351888667992048
0 0.7175977653631285 0.27634194831013914 0.08687150837988827 0.28777335984095426
0 0.8078212290502793 0.3066600397614314 0.0712290502793296 0.1933399602385686
0 0.7418994413407821 0.32852882703777336 0.07402234636871509 0.1893638170974155
0 0.6337988826815643 0.33101391650099404 0.1393854748603352 0.3374751491053678
0 0.8430167597765363 0.3399602385685885 0.16564245810055866 0.3195825049701789
0 0.5237430167597765 0.7967196819085487 0.011731843575418994 0.09244532803180915
0 0.42094972067039105 0.8026838966202783 0.023743016759776536 0.10487077534791253
0 0.7713184357541899 0.6599502982107356 0.04084357541899436 0.2007554671968191
0 0.8205195530726257 0.632892644135189 0.029972067039106196 0.1620974155069582
0 0.6092905027932961 0.7113121272365805 0.02970949720670388 0.22393638170974153
0 0.5720446927374302 0.612455268389662 0.025994413407821215 0.12343936381709748
0 0.6595754189944133 0.595337972166998 0.022251396648044652 0.09804174950298199
0 0.7986368715083798 0.5809741550695825 0.023458100558659222 0.06048707753479116