0 0.34906417112299465 0.1751425855513308 0.05481283422459893 0.19724334600760457
0 0.3156417112299465 0.1490019011406844 0.04144385026737968 0.20199619771863117
0 0.3200534759358289 0.040399239543726234 0.05080213903743316 0.08079847908745247
0 0.2675133689839572 0.07057984790874525 0.03609625668449198 0.10218631178707224
0 0.3040106951871658 0.39401140684410646 0.05080213903743316 0.05038022813688213
0 0.1070855614973262 0.1442490494296578 0.04679144385026738 0.19249049429657794
0 0.17192513368983958 0.03944866920152091 0.040106951871657755 0.07889733840304182
0 0.12887700534759358 0.06178707224334601 0.0374331550802139 0.12357414448669202
0 0.14037433155080214 0.034695817490494295 0.028342245989304814 0.06939163498098859
0 0.06818181818181818 0.06178707224334601 0.03582887700534759 0.12357414448669202
0 0.040106951871657755 0.04752851711026616 0.031016042780748664 0.09505703422053231
0 0.11310160427807486 0.02138783269961977 0.034759358288770054 0.04277566539923954
0 0.3951871657754011 0.04895437262357415 0.0427807486631016 0.0979087452471483
0 0.3609625668449198 0.04895437262357415 0.038502673796791446 0.0979087452471483
0 0.6872994652406417 0.2709125475285171 0.05748663101604278 0.21863117870722434
0 0.9032085561497326 0.18417300380228138 0.06149732620320856 0.2067490494296578
0 0.9005347593582887 0.3355513307984791 0.06417112299465241 0.16730038022813687
0 0.8128342245989305 0.29372623574144485 0.05454545454545454 0.2509505703422053
0 0.753475935828877 0.14020912547528516 0.05080213903743316 0.2423954372623574
0 0.7144385026737968 0.814638783269962 0.23422459893048128 0.37072243346007605