0 0.3388042203985932 0.0360125260960334 0.05744431418522861 0.0720250521920668
0 0.20603751465416179 0.09864300626304802 0.05568581477139507 0.19728601252609604
0 0.18786635404454866 0.055323590814196244 0.04865181711606096 0.11064718162839249
0 0.32327080890973037 0.3836116910229645 0.06740914419695193 0.09081419624217119
0 0.15914419695193435 0.3496868475991649 0.05568581477139507 0.15866388308977036
0 0.7579132473622509 0.3559498956158664 0.05861664712778429 0.14613778705636743
0 0.9073856975381008 0.3924843423799583 0.07033997655334115 0.07306889352818371
0 0.9762602579132473 0.04592901878914405 0.047479484173505275 0.0918580375782881
0 0.9138335287221571 0.031837160751565764 0.05744431418522861 0.06367432150313153
0 0.7810668229777257 0.09446764091858037 0.05568581477139507 0.18893528183716074
0 0.7628956623681126 0.0511482254697286 0.04865181711606096 0.1022964509394572
0 0.5460140679953107 0.09029227557411273 0.056858147713950764 0.18058455114822547
0 0.2816529894490035 0.9629436325678496 0.05568581477139507 0.07411273486430063
0 0.25205158264947247 0.8992693110647182 0.05275498241500586 0.20146137787056367
0 0.1884525205158265 0.46868475991649267 0.05451348182883939 0.07933194154488518
0 0.14317116060961313 0.6550104384133612 0.05715123094958968 0.20876826722338204
0 0.0757620164126612 0.6171711899791231 0.05715123094958968 0.22703549060542796
0 0.020515826494724502 0.5866388308977035 0.041031652989449004 0.19832985386221294
0 0.006740914419695193 0.5788100208768268 0.013481828839390387 0.1931106471816284
0 0.06477139507620164 0.4451983298538622 0.038100820633059786 0.032359081419624215
0 0.03458382180539273 0.44154488517745305 0.04572098475967175 0.025052192066805846
0 0.32341735052754983 0.5088726513569938 0.04835873388042204 0.15657620041753653
0 0.31740914419695193 0.46085594989561585 0.050996483001172335 0.06367432150313153
0 0.38686987104337633 0.49478079331941544 0.02579132473622509 0.1315240083507307
0 0.6781946072684643 0.704070981210856 0.2514654161781946 0.29123173277661796