0 0.29460526315789476 0.5280898876404494 0.056578947368421055 0.2153558052434457
0 0.25026315789473685 0.025280898876404494 0.05 0.05056179775280899
0 0.2294736842105263 0.3993445692883895 0.05 0.23876404494382023
0 0.09526315789473684 0.40168539325842695 0.060526315789473685 0.2340823970037453
0 0.16039473684210526 0.47425093632958804 0.05394736842105263 0.25280898876404495
0 0.04894736842105263 0.10814606741573034 0.05789473684210526 0.21629213483146068
0 0.23342105263157895 0.13132022471910113 0.039473684210526314 0.19428838951310862
0 0.2023684210526316 0.08941947565543071 0.04368421052631579 0.17883895131086142
0 0.10710526315789473 0.060393258426966294 0.039473684210526314 0.12078651685393259
0 0.1444736842105263 0.05898876404494382 0.038421052631578946 0.11797752808988764
0 0.14657894736842106 0.5318352059925093 0.06578947368421052 0.2752808988764045
0 0.986578947368421 0.5543071161048689 0.026842105263157896 0.2153558052434457
0 0.5902631578947368 0.4080056179775281 0.05 0.20833333333333334
0 0.616578947368421 0.2991573033707865 0.04736842105263158 0.2200374531835206
0 0.9571052631578948 0.03838951310861423 0.05 0.07677902621722846
0 0.6868421052631579 0.04868913857677903 0.04842105263157895 0.09737827715355805
0 0.7560526315789474 0.13412921348314608 0.05789473684210526 0.21769662921348315
0 0.9402631578947368 0.1575374531835206 0.039473684210526314 0.19428838951310862
0 0.9092105263157895 0.10252808988764045 0.04368421052631579 0.2050561797752809
0 0.906578947368421 0.015917602996254682 0.04368421052631579 0.031835205992509365
0 0.8139473684210526 0.07350187265917603 0.039473684210526314 0.14700374531835206
0 0.8513157894736842 0.07209737827715355 0.038421052631578946 0.1441947565543071
0 0.8027631578947368 0.38459737827715357 0.05921052631578947 0.22237827715355804
0 0.4605263157894737 0.02294007490636704 0.035789473684210524 0.04588014981273408
0 0.41368421052631577 0.06179775280898876 0.042105263157894736 0.12359550561797752
0 0.38394736842105265 0.04868913857677903 0.027894736842105264 0.09737827715355805
0 0.39052631578947367 0.2743445692883895 0.04105263157894737 0.22284644194756553
0 0.525 0.046348314606741575 0.04368421052631579 0.09269662921348315
0 0.885 0.523876404494382 0.05526315789473684 0.24812734082397003
0 0.8738157894736842 0.4173689138576779 0.05131578947368421 0.1896067415730337
0 0.14789473684210527 0.8469101123595506 0.07710526315789473 0.1900749063670412
0 0.47710526315789475 0.925561797752809 0.09289473684210527 0.14840823970037453
0 0.5426315789473685 0.9049625468164794 0.046052631578947366 0.12734082397003746
0 0.6663157894736842 0.898876404494382 0.045789473684210526 0.11610486891385768
0 0.6992105263157895 0.8923220973782772 0.03894736842105263 0.09784644194756555