0 0.13426966292134832 0.439 0.060674157303370786 0.182
0 0.5247191011235955 0.1905 0.010112359550561797 0.235
0 0.021067415730337078 0.0965 0.042134831460674156 0.193
0 0.3960674157303371 0.065 0.06179775280898876 0.13
0 0.1997191011235955 0.0715 0.042134831460674156 0.143
0 0.23258426966292134 0.045 0.046067415730337076 0.09
0 0.34648876404494383 0.28175 0.06320224719101124 0.2375
0 0.25870786516853933 0.414 0.05898876404494382 0.232
0 0.27064606741573033 0.31675 0.054775280898876406 0.2025
0 0.7143258426966292 0.3135 0.32078651685393256 0.433
0 0.07913483146067417 0.76643 0.04414044943820221 0.21
0 0.7058988764044943 0.7995 0.26264044943820225 0.4005