0 0.11620111731843576 0.03429423459244533 0.05139664804469274 0.06858846918489066
0 0.4173184357541899 0.15854870775347912 0.05307262569832402 0.1341948310139165
0 0.2776536312849162 0.14363817097415507 0.04189944134078212 0.18886679920477137
0 0.30837988826815643 0.13618290258449303 0.05027932960893855 0.18389662027833
0 0.34608938547486034 0.11630218687872763 0.05027932960893855 0.18389662027833
0 0.3 0.015904572564612324 0.05027932960893855 0.03180914512922465
0 0.5870111731843576 0.13991053677932405 0.04329608938547486 0.176441351888668
0 0.5463687150837989 0.09145129224652088 0.034636871508379886 0.18290258449304175
0 0.6432960893854749 0.08797216699801193 0.04748603351955307 0.17594433399602386
0 0.2196927374301676 0.22564612326043737 0.04888268156424581 0.21868787276341947
0 0.36396648044692737 0.2331013916500994 0.05307262569832402 0.23359840954274355
0 0.37262569832402237 0.2678926441351889 0.061452513966480445 0.16401590457256462
0 0.589804469273743 0.18588469184890655 0.040502793296089384 0.16898608349900596
0 0.1303072625698324 0.15606361829025844 0.051675977653631286 0.18389662027833
0 0.5888268156424581 0.30019880715705766 0.0670391061452514 0.09940357852882704
0 0.8055865921787709 0.2599403578528827 0.04692737430167598 0.12027833001988071
0 0.5625698324022347 0.6033797216699801 0.2547486033519553 0.37326043737574555
0 0.4952513966480447 0.4577534791252485 0.3628491620111732 0.2077534791252485
0 0.46787709497206703 0.6043737574552683 0.4441340782122905 0.4279324055666004
0 0.39888268156424583 0.6679920477137177 0.4634078212290503 0.5228628230616302
0 0.24134078212290502 0.7082504970178927 0.438268156424581 0.5834990059642147