0 0.2591012514220705 0.44205465587044535 0.0540386803185438 0.22520242914979757
0 0.2306598407281001 0.3243927125506073 0.051194539249146756 0.23785425101214575
0 0.012798634812286689 0.04807692307692308 0.025597269624573378 0.09615384615384616
0 0.06342434584755403 0.09767206477732794 0.04948805460750853 0.19534412955465588
0 0.025597269624573378 0.5642712550607287 0.051194539249146756 0.09008097165991903
0 0.03640500568828214 0.4883603238866397 0.06143344709897611 0.24190283400809717
0 0.3051763367463026 0.026821862348178137 0.047212741751990896 0.053643724696356275
0 0.4197952218430034 0.04706477732793522 0.04550625711035267 0.09412955465587045
0 0.44197952218430037 0.2241902834008097 0.015927189988623434 0.2257085020242915
0 0.15443686006825938 0.05313765182186235 0.052901023890784986 0.1062753036437247
0 0.23720136518771331 0.7682186234817814 0.048065984072810014 0.03188259109311741
0 0.3580773606370876 0.6214574898785425 0.026450511945392493 0.024291497975708502
0 0.4590443686006826 0.8496963562753036 0.01820250284414107 0.06629554655870445