0 0.013440860215053764 0.05401529636711281 0.026881720430107527 0.10803059273422562
0 0.135752688172043 0.05975143403441682 0.04032258064516129 0.11950286806883365
0 0.1064516129032258 0.05497131931166348 0.04838709677419355 0.10994263862332695
0 0.06989247311827956 0.04541108986615679 0.04838709677419355 0.09082217973231357
0 0.024193548387096774 0.4641491395793499 0.04838709677419355 0.24378585086042065
0 0.1918010752688172 0.10803059273422562 0.04704301075268817 0.21032504780114722
0 0.14650537634408603 0.614244741873805 0.06720430107526881 0.19024856596558318
0 0.16626344086021505 0.503585086042065 0.05779569892473118 0.255736137667304
0 0.05268817204301075 0.11639579349904397 0.051075268817204304 0.22705544933078395
0 0.044623655913978495 0.18331739961759083 0.05913978494623656 0.22705544933078395
0 0.08763440860215053 0.5549713193116634 0.053763440860215055 0.2294455066921606
0 0.06155913978494624 0.861376673040153 0.12311827956989248 0.27724665391969405
0 0.15026881720430108 0.8804971319311663 0.1403225806451613 0.2390057361376673