0 0.2414438502673797 0.16706273764258556 0.05080213903743316 0.2115019011406844
0 0.2144385026737968 0.0841254752851711 0.0481283422459893 0.1682509505703422
0 0.022994652406417113 0.3745247148288973 0.045989304812834225 0.26996197718631176
0 0.032219251336898395 0.22409695817490494 0.05748663101604278 0.25427756653992395
0 0.6612299465240642 0.47195817490494296 0.051871657754010696 0.07509505703422054
0 0.7842245989304812 0.09505703422053231 0.05508021390374331 0.19011406844106463
0 0.7508021390374332 0.08317490494296578 0.04171122994652406 0.16634980988593157
0 0.7026737967914438 0.019011406844106463 0.03636363636363636 0.03802281368821293
0 0.7393048128342246 0.3973384030418251 0.05080213903743316 0.22433460076045628
0 0.5422459893048128 0.07842205323193917 0.047058823529411764 0.15684410646387834
0 0.5641711229946524 0.019961977186311788 0.0374331550802139 0.039923954372623575
0 0.503475935828877 0.019961977186311788 0.03582887700534759 0.039923954372623575
0 0.8893048128342246 0.46245247148288976 0.06417112299465241 0.094106463878327
0 0.9205882352941176 0.07604562737642585 0.046524064171122995 0.1520912547528517
0 0.8938502673796791 0.028517110266159697 0.046524064171122995 0.057034220532319393
0 0.4002673796791444 0.27281368821292773 0.02085561497326203 0.22813688212927757
0 0.763903743315508 0.7804182509505704 0.35909090909090907 0.4391634980988593