0 0.3336247086247086 0.046680497925311204 0.05536130536130536 0.09336099585062241
0 0.18793706293706294 0.052904564315352696 0.043706293706293704 0.10580912863070539
0 0.2202797202797203 0.04771784232365145 0.05244755244755245 0.0954356846473029
0 0.25932400932400934 0.03734439834024896 0.05244755244755245 0.07468879668049792
0 0.5107808857808858 0.04771784232365145 0.04487179487179487 0.0954356846473029
0 0.46853146853146854 0.02437759336099585 0.03613053613053613 0.0487551867219917
0 0.3103146853146853 0.39367219917012447 0.05536130536130536 0.09232365145228216
0 0.12762237762237763 0.1037344398340249 0.05128205128205128 0.2074688796680498
0 0.27826340326340326 0.11255186721991702 0.05536130536130536 0.22510373443983403
0 0.2872960372960373 0.175051867219917 0.0641025641025641 0.24636929460580914
0 0.5136946386946387 0.0700207468879668 0.042540792540792544 0.1400414937759336
0 0.034382284382284384 0.058091286307053944 0.053613053613053616 0.11618257261410789
0 0.16171328671328672 0.3962655601659751 0.06701631701631702 0.08713692946058091
0 0.5131118881118881 0.2308091286307054 0.06993006993006994 0.22302904564315354
0 0.07546620046620046 0.8890041493775933 0.043997668997669 0.11203319502074689
0 0.055652680652680656 0.883298755186722 0.03292540792540793 0.11825726141078838
0 0.8441142191142191 0.7411825726141079 0.087995337995338 0.5176348547717843
0 0.7753496503496503 0.8532157676348547 0.07022144522144522 0.29304979253112035