0 0.12554347826086956 0.32059961315280466 0.04891304347826087 0.1576402321083172
0 0.05298913043478261 0.0735009671179884 0.050543478260869565 0.1470019342359768
0 0.3654891304347826 0.16876208897485492 0.028804347826086957 0.0725338491295938
0 0.34932065217391306 0.27925531914893614 0.042119565217391304 0.2200193423597679
0 0.3703804347826087 0.28481624758220503 0.019021739130434784 0.19825918762088976
0 0.21005434782608695 0.05415860735009671 0.035326086956521736 0.10831721470019343
0 0.2752717391304348 0.039651837524177946 0.035326086956521736 0.07930367504835589
0 0.35543478260869565 0.06286266924564797 0.03804347826086957 0.12572533849129594
0 0.31657608695652173 0.0735009671179884 0.04184782608695652 0.1470019342359768
0 0.3252717391304348 0.016924564796905222 0.035326086956521736 0.033849129593810444
0 0.24429347826086956 0.7180851063829787 0.1203804347826087 0.3002901353965184
0 0.13478260869565217 0.6044487427466151 0.15380434782608696 0.24129593810444874
0 0.013858695652173913 0.6160541586073501 0.027445652173913045 0.109284332688588