0 0.05308988764044944 0.40075 0.05337078651685393 0.2225
0 0.08117977528089888 0.2845 0.05056179775280899 0.235
0 0.30421348314606744 0.0295 0.042134831460674156 0.059
0 0.33539325842696627 0.0245 0.05056179775280899 0.049
0 0.24606741573033708 0.0785 0.04943820224719101 0.157
0 0.29353932584269665 0.5735 0.0702247191011236 0.193
0 0.27289325842696627 0.46075 0.060393258426966294 0.2675
0 0.37724719101123594 0.087 0.025280898876404494 0.174
0 0.37949438202247193 0.1255 0.020786516853932586 0.237
0 0.3550561797752809 0.5145 0.056179775280898875 0.24
0 0.15617977528089888 0.0345 0.051685393258426963 0.069
0 0.42696629213483145 0.3985 0.058146067415730335 0.212
0 0.6387640449438202 0.315 0.027808988764044945 0.0865
0 0.007022471910112359 0.777 0.014044943820224719 0.214
0 0.07780898876404495 0.891 0.060112359550561795 0.218