0 0.12263157894736842 0.4438202247191011 0.04736842105263158 0.09176029962546817
0 0.18013157894736842 0.07256554307116105 0.04868421052631579 0.13108614232209737
0 0.17894736842105263 0.03136704119850187 0.05157894736842105 0.06273408239700375
0 0.4636842105263158 0.22237827715355804 0.05 0.12640449438202248
0 0.4156578947368421 0.30079588014981273 0.04342105263157895 0.22705992509363296
0 0.4130263157894737 0.17673220973782772 0.04342105263157895 0.12874531835205993
0 0.265 0.3335674157303371 0.05 0.20833333333333334
0 0.3169736842105263 0.2551498127340824 0.04078947368421053 0.16853932584269662
0 0.3531578947368421 0.25046816479400746 0.04736842105263158 0.16853932584269662
0 0.2813157894736842 0.07584269662921349 0.04368421052631579 0.15168539325842698
0 0.3142105263157895 0.06882022471910113 0.037894736842105266 0.13764044943820225
0 0.34578947368421054 0.07818352059925093 0.037894736842105266 0.15636704119850187
0 0.04394736842105263 0.19662921348314608 0.039473684210526314 0.149812734082397
0 0.05578947368421053 0.07724719101123595 0.05 0.13108614232209737
0 0.06842105263157895 0.04307116104868914 0.03263157894736842 0.08614232209737828
0 0.04868421052631579 0.02902621722846442 0.027894736842105264 0.05805243445692884
0 0.1906578947368421 0.22705992509363296 0.038157894736842106 0.15917602996254682
0 0.4386842105263158 0.36282771535580527 0.03684210526315789 0.20131086142322097
0 0.6357894736842106 0.3089887640449438 0.075 0.22144194756554308
0 0.7368421052631579 0.3089887640449438 0.05763157894736842 0.22331460674157302
0 0.825 0.3089887640449438 0.05605263157894737 0.22144194756554308
0 0.6918421052631579 0.3094569288389513 0.05842105263157895 0.22237827715355804
0 0.7826315789473685 0.31647940074906367 0.049473684210526316 0.20833333333333334
0 0.7315789473684211 0.19288389513108614 0.04631578947368421 0.12453183520599251
0 0.776578947368421 0.19335205992509363 0.049473684210526316 0.1404494382022472
0 0.9160526315789473 0.3113295880149813 0.05236842105263158 0.21676029962546817
0 0.8728947368421053 0.31086142322097376 0.049473684210526316 0.21769662921348315
0 0.8165789473684211 0.19054307116104868 0.05052631578947368 0.13670411985018727
0 0.6902631578947368 0.1896067415730337 0.042368421052631576 0.11657303370786516
0 0.8586842105263158 0.20318352059925093 0.042368421052631576 0.1451310861423221
0 0.6413157894736842 0.20739700374531836 0.07368421052631578 0.13576779026217228
0 0.9021052631578947 0.19241573033707865 0.0518421052631579 0.14794007490636704
0 0.7639473684210526 0.7593632958801498 0.46789473684210525 0.4812734082397004