0 0.3244444444444444 0.47381422924901184 0.06 0.15118577075098813
0 0.21472222222222223 0.08646245059288538 0.05388888888888889 0.17292490118577075
0 0.3933333333333333 0.3759881422924901 0.05277777777777778 0.2519762845849802
0 0.6397222222222222 0.02865612648221344 0.04055555555555555 0.05731225296442688
0 0.5675 0.058300395256917 0.04833333333333333 0.116600790513834
0 0.5208333333333334 0.49110671936758893 0.06944444444444445 0.116600790513834
0 0.54125 0.4167490118577075 0.059722222222222225 0.2643280632411067
0 0.4236111111111111 0.06669960474308301 0.05277777777777778 0.13339920948616601
0 0.41555555555555557 0.10128458498023715 0.06111111111111111 0.2025691699604743
0 0.19944444444444445 0.026185770750988144 0.04 0.05237154150197629
0 0.46 0.450098814229249 0.05555555555555555 0.19861660079051383
0 0.8672222222222222 0.31521739130434784 0.26555555555555554 0.4683794466403162
0 0.23194444444444445 0.7653162055335968 0.4638888888888889 0.4318181818181818