0 0.024581005586592177 0.37475149105367794 0.049162011173184354 0.2286282306163022
0 0.08826815642458101 0.23807157057654074 0.05307262569832402 0.25347912524850896
0 0.1106145251396648 0.03180914512922465 0.061452513966480445 0.0636182902584493
0 0.23072625698324023 0.24055666003976142 0.06424581005586592 0.2485089463220676
0 0.1893854748603352 0.39015904572564614 0.0659217877094972 0.23956262425447317
0 0.16159217877094972 0.31759443339960236 0.05726256983240224 0.268389662027833
0 0.7544692737430168 0.23508946322067595 0.11564245810055866 0.21868787276341947
0 0.2122905027932961 0.8041749502982107 0.33519553072625696 0.3911530815109344
0 0.6430167597765363 0.8901590457256461 0.060335195530726256 0.21968190854870775
0 0.6863128491620112 0.5432405566600398 0.04860335195530726 0.06660039761431412
0 0.6955307262569832 0.7952286282306164 0.04189944134078212 0.2286282306163022
0 0.7618715083798883 0.709493041749503 0.06005586592178771 0.2360834990059642
0 0.8505586592178771 0.6523359840954275 0.05865921787709497 0.2261431411530815
0 0.9195530726256983 0.6063618290258449 0.05139664804469274 0.19284294234592445
0 0.5466480446927374 0.6153081510934394 0.05418994413407821 0.21073558648111332
0 0.7164804469273743 0.8275347912524851 0.055865921787709494 0.2584493041749503