0 0.21785714285714286 0.0439453125 0.0521978021978022 0.087890625
0 0.35521978021978023 0.0498046875 0.04120879120879121 0.099609375
0 0.3252747252747253 0.044921875 0.04945054945054945 0.08984375
0 0.2879120879120879 0.03515625 0.04945054945054945 0.0703125
0 0.0635989010989011 0.1513671875 0.05357142857142857 0.2001953125
0 0.0510989010989011 0.044921875 0.04285714285714286 0.08984375
0 0.09093406593406593 0.02294921875 0.03461538461538462 0.0458984375
0 0.41236263736263734 0.09765625 0.0478021978021978 0.1953125
0 0.27005494505494504 0.10595703125 0.0521978021978022 0.2119140625
0 0.2620879120879121 0.164794921875 0.06043956043956044 0.23193359375
0 0.04835164835164835 0.06591796875 0.03956043956043956 0.1318359375
0 0.5002747252747253 0.0546875 0.0510989010989011 0.109375
0 0.7785714285714286 0.1875 0.030494505494505494 0.0703125
0 0.25247252747252746 0.51806640625 0.13626373626373625 0.3564453125