0 0.02744982290436836 0.19905462184873948 0.05489964580873672 0.2342436974789916
0 0.2074970484061393 0.08560924369747899 0.05726092089728453 0.17121848739495799
0 0.39433293978748524 0.35136554621848737 0.05076741440377804 0.19642857142857142
0 0.7378984651711924 0.24842436974789917 0.15702479338842976 0.3944327731092437
0 0.3919716646989374 0.604516806722689 0.05548996458087367 0.14180672268907563
0 0.040584415584415584 0.8789390756302521 0.06641086186540732 0.23371848739495799
0 0.22653482880755607 0.7436974789915967 0.05755608028335301 0.21533613445378152
0 0.2132526564344746 0.5848214285714286 0.045749704840613935 0.18644957983193278
0 0.25590318772136955 0.5399159663865546 0.0371900826446281 0.18067226890756302
0 0.15318772136953956 0.5362394957983193 0.050177095631641085 0.17331932773109243
0 0.9890791027154664 0.7100840336134454 0.021841794569067298 0.2415966386554622
0 0.5746753246753247 0.9427521008403361 0.05726092089728453 0.11449579831932773
0 0.7104486422668241 0.532563025210084 0.06080283353010626 0.16596638655462184
0 0.6735537190082644 0.5194327731092437 0.04604486422668241 0.13970588235294118
0 0.6611570247933884 0.850577731092437 0.05608028335301062 0.2599789915966387
0 0.4445100354191263 0.5141806722689075 0.049586776859504134 0.12920168067226892
0 0.8851829988193625 0.5021008403361344 0.050177095631641085 0.10504201680672269
0 0.8285123966942148 0.9154411764705882 0.07260920897284534 0.16911764705882354