0 0.3423913043478261 0.37372708757637474 0.06121281464530892 0.1120162932790224
0 0.22568649885583525 0.04684317718940937 0.05434782608695652 0.09368635437881874
0 0.448512585812357 0.04276985743380855 0.04233409610983982 0.0855397148676171
0 0.2717391304347826 0.29480651731160895 0.05434782608695652 0.25967413441955195
0 0.20080091533180777 0.3645621181262729 0.06407322654462243 0.13034623217922606
0 0.1404462242562929 0.39154786150712834 0.07151029748283753 0.07637474541751528
0 0.119279176201373 0.315173116089613 0.06121281464530892 0.22912423625254583
0 0.9499427917620137 0.11608961303462322 0.06807780320366133 0.23217922606924643
0 0.6710526315789473 0.21283095723014256 0.21052631578947367 0.4256619144602851
0 0.22969107551487414 0.8314663951120163 0.14130434782608695 0.33706720977596744
0 0.5034324942791762 0.7561099796334012 0.03747139588100686 0.20315682281059064