0 0.18837837837837837 0.3269230769230769 0.05783783783783784 0.06538461538461539
0 0.12135135135135135 0.2548076923076923 0.051351351351351354 0.20961538461538462
0 0.1 0.051923076923076926 0.05945945945945946 0.10384615384615385
0 0.007297297297297297 0.25721153846153844 0.014594594594594595 0.2048076923076923
0 0.05054054054054054 0.28942307692307695 0.055675675675675676 0.14038461538461539
0 0.3091891891891892 0.07259615384615385 0.06486486486486487 0.1451923076923077
0 0.7718918918918919 0.20432692307692307 0.21837837837837837 0.2091346153846154
0 0.5956756756756757 0.22067307692307692 0.2710810810810811 0.2620192307692308
0 0.6462162162162162 0.6834134615384615 0.051351351351351354 0.21394230769230768
0 0.6732432432432433 0.5716346153846154 0.04864864864864865 0.22596153846153846
0 0.6956756756756757 0.9634615384615385 0.06594594594594595 0.07307692307692308
0 0.7737837837837838 0.3908653846153846 0.05243243243243243 0.0625
0 0.9581081081081081 0.4355769230769231 0.051351351351351354 0.1519230769230769
0 0.9751351351351352 0.3956730769230769 0.04432432432432432 0.07211538461538461
0 0.46594594594594596 0.44134615384615383 0.011891891891891892 0.16346153846153846
0 0.4872972972972973 0.4461538461538462 0.05027027027027027 0.17307692307692307
0 0.8502702702702702 0.7459134615384615 0.062162162162162166 0.2091346153846154
0 0.8529729729729729 0.9072115384615385 0.06486486486486487 0.18557692307692308
0 0.9414864864864865 0.8588942307692308 0.05540540540540541 0.25721153846153844
0 0.9878378378378379 0.7014423076923076 0.024324324324324326 0.24519230769230768