0 0.21622340425531916 0.42911153119092627 0.05053191489361702 0.14177693761814744
0 0.2428191489361702 0.3539697542533081 0.047872340425531915 0.222117202268431
0 0.40904255319148936 0.473062381852552 0.06382978723404255 0.05387523629489603
0 0.34188829787234043 0.11294896030245746 0.05186170212765957 0.1890359168241966
0 0.4029255319148936 0.09073724007561437 0.05159574468085106 0.18147448015122875
0 0.45398936170212767 0.07041587901701324 0.0398936170212766 0.14083175803402648
0 0.48351063829787233 0.06568998109640832 0.047872340425531915 0.13137996219281664
0 0.5074468085106383 0.05623818525519849 0.02446808510638298 0.11247637051039698
0 0.5087765957446808 0.19328922495274103 0.021808510638297873 0.20321361058601134
0 0.0797872340425532 0.03733459357277883 0.04148936170212766 0.07466918714555766
0 0.041223404255319146 0.02551984877126654 0.038829787234042554 0.05103969754253308
0 0.006914893617021276 0.16020793950850662 0.013829787234042552 0.1937618147448015
0 0.027393617021276597 0.21928166351606806 0.034574468085106384 0.17485822306238186
0 0.05997340425531915 0.20982986767485823 0.04920212765957447 0.21266540642722118
0 0.039361702127659576 0.07868620037807184 0.04521276595744681 0.14886578449905483
0 0.17819148936170212 0.02551984877126654 0.043617021276595745 0.05103969754253308
0 0.7101063829787234 0.25 0.3651595744680851 0.5
0 0.6529255319148937 0.6866729678638941 0.08404255319148936 0.05340264650283554
0 0.7656914893617022 0.7495274102079396 0.05611702127659574 0.09735349716446125