0 0.3356741573033708 0.44875 0.05337078651685393 0.2225
0 0.30758426966292135 0.3325 0.05056179775280899 0.235
0 0.20280898876404493 0.0885 0.0550561797752809 0.177
0 0.13820224719101123 0.075 0.0550561797752809 0.15
0 0.08398876404494382 0.0535 0.042134831460674156 0.107
0 0.05337078651685393 0.0485 0.05056179775280899 0.097
0 0.020224719101123594 0.0385 0.04044943820224719 0.077
0 0.018820224719101122 0.1625 0.037640449438202245 0.215
0 0.008426966292134831 0.0985 0.016853932584269662 0.177
0 0.48735955056179775 0.1795 0.025280898876404494 0.225
0 0.12359550561797752 0.51375 0.06460674157303371 0.2175
0 0.12078651685393259 0.6375 0.06741573033707865 0.105
0 0.028651685393258425 0.5935 0.05730337078651685 0.193
0 0.6957865168539326 0.5145 0.12780898876404495 0.351
0 0.8721910112359551 0.5305 0.25533707865168537 0.319
0 0.5929775280898877 0.881 0.18595505617977529 0.238
0 0.6525280898876404 0.887 0.14719101123595504 0.226
0 0.7851123595505618 0.8935 0.13314606741573035 0.213
0 0.9825842696629213 0.872 0.03455056179775281 0.256