0 0.0701255980861244 0.3819148936170213 0.06429425837320574 0.24468085106382978
0 0.5373803827751196 0.21569148936170213 0.056818181818181816 0.23670212765957446
0 0.507177033492823 0.10851063829787234 0.05382775119617225 0.2170212765957447
0 0.4826555023923445 0.4973404255319149 0.0729665071770335 0.02446808510638298
0 0.3116028708133971 0.2848404255319149 0.0687799043062201 0.23138297872340424
0 0.30861244019138756 0.4351063829787234 0.07177033492822966 0.14893617021276595
0 0.21052631578947367 0.3882978723404255 0.061004784688995214 0.2425531914893617
0 0.14413875598086123 0.23563829787234042 0.056818181818181816 0.2712765957446808
0 0.8642344497607656 0.21170212765957447 0.08283492822966507 0.13031914893617022
0 0.5927033492822966 0.7547872340425532 0.1937799043062201 0.49042553191489363
0 0.4536483253588517 0.7547872340425532 0.21232057416267944 0.49042553191489363
0 0.2021531100478469 0.7547872340425532 0.0861244019138756 0.49042553191489363
0 0.32954545454545453 0.7547872340425532 0.11363636363636363 0.49042553191489363
0 0.8364234449760766 0.7803191489361702 0.11303827751196172 0.43936170212765957
0 0.7299641148325359 0.7718085106382979 0.08074162679425838 0.4563829787234043