0 0.01787807737397421 0.49373695198329853 0.03575615474794842 0.1315240083507307
0 0.037221570926143026 0.4232776617954071 0.05275498241500586 0.2453027139874739
0 0.4167643610785463 0.10490605427974947 0.05568581477139507 0.1409185803757829
0 0.26992966002344665 0.09394572025052192 0.043962485345838215 0.18789144050104384
0 0.30246189917936694 0.08872651356993737 0.05275498241500586 0.17745302713987474
0 0.3417350527549824 0.07828810020876827 0.05275498241500586 0.15657620041753653
0 0.3930246189917937 0.4953027139874739 0.05568581477139507 0.12839248434237996
0 0.12661195779601406 0.13100208768267224 0.05568581477139507 0.1931106471816284
0 0.2094079718640094 0.17536534446764093 0.05128956623681125 0.22964509394572025
0 0.23710433763188746 0.5135699373695198 0.0627198124267292 0.0918580375782881
0 0.36107854630715125 0.18449895615866388 0.05568581477139507 0.24791231732776617
0 0.3698710433763189 0.2575678496868476 0.06447831184056271 0.24791231732776617
0 0.8303048065650644 0.28757828810020875 0.028722157092614303 0.06576200417536535
0 0.7968933177022274 0.30741127348643005 0.031066822977725676 0.09968684759916492
0 0.8692848769050411 0.2938413361169102 0.025205158264947247 0.06576200417536535
0 0.15533411488862836 0.8021920668058455 0.3106682297772567 0.3935281837160752
0 0.742672919109027 0.5882045929018789 0.021101992966002344 0.05741127348643006