0 0.4231843575418994 0.2261431411530815 0.0729050279329609 0.3136182902584493
0 0.346927374301676 0.23658051689860835 0.09776536312849161 0.40755467196819084
0 0.18687150837988828 0.2644135188866799 0.15083798882681565 0.4875745526838966
0 0.07011173184357541 0.23409542743538767 0.07486033519553073 0.36381709741550694
0 0.9058659217877095 0.481610337972167 0.05865921787709497 0.11630218687872763
0 0.6801675977653632 0.47912524850894633 0.05418994413407821 0.12127236580516898
0 0.7054469273743017 0.4172465208747515 0.051675977653631286 0.24105367793240556
0 0.47960893854748604 0.3499005964214712 0.03966480446927374 0.22664015904572565
0 0.47681564245810054 0.10139165009940358 0.03407821229050279 0.20079522862823063
0 0.5141061452513966 0.110337972166998 0.05446927374301676 0.18886679920477137
0 0.5578212290502793 0.06610337972166998 0.04189944134078212 0.13220675944333996
0 0.5120111731843575 0.045228628230616304 0.04748603351955307 0.09045725646123261
0 0.4801675977653631 0.027833001988071572 0.04078212290502793 0.055666003976143144
0 0.6377094972067039 0.03777335984095427 0.05865921787709497 0.07554671968190854
0 0.6223463687150838 0.0874751491053678 0.055865921787709494 0.1749502982107356
0 0.7738826815642458 0.12027833001988071 0.04329608938547486 0.18886679920477137
0 0.8604748603351955 0.23210735586481113 0.05726256983240224 0.2286282306163022
0 0.9149441340782123 0.1525844930417495 0.04888268156424581 0.17892644135188868
0 0.9582402234636872 0.14512922465208747 0.046089385474860335 0.19383697813121273
0 0.9946927374301676 0.0874751491053678 0.010614525139664804 0.1749502982107356
0 0.8759776536312849 0.026341948310139165 0.04357541899441341 0.05268389662027833
0 0.9142458100558659 0.018886679920477135 0.04189944134078212 0.03777335984095427
0 0.9458100558659218 0.02286282306163022 0.04022346368715084 0.04572564612326044
0 0.15726256983240222 0.7798210735586482 0.31089385474860337 0.4403578528827038
0 0.7298882681564246 0.7698807157057654 0.5402234636871508 0.4602385685884692
0 0.6991620111731843 0.7872763419483101 0.47849162011173185 0.4000994035785288