0 0.18951612903225806 0.08365200764818356 0.051075268817204304 0.16730401529636713
0 0.2064516129032258 0.04397705544933078 0.04408602150537634 0.08795411089866156
0 0.4053763440860215 0.07982791586998088 0.05268817204301075 0.15965583173996176
0 0.08198924731182795 0.3427342256214149 0.06182795698924731 0.09273422562141491
0 0.2325268817204301 0.31166347992351817 0.051075268817204304 0.15487571701720843
0 0.06397849462365592 0.052581261950286805 0.047311827956989246 0.10516252390057361
0 0.6196236559139785 0.1345602294455067 0.051075268817204304 0.2127151051625239
0 0.646236559139785 0.06787762906309751 0.04838709677419355 0.13575525812619502
0 0.9731182795698925 0.15248565965583175 0.051075268817204304 0.24378585086042065
0 0.8360215053763441 0.15487571701720843 0.06182795698924731 0.2390057361376673
0 0.8755376344086021 0.28632887189292544 0.06290322580645161 0.2055449330783939
0 0.9025537634408602 0.22896749521988527 0.05510752688172043 0.25812619502868067
0 0.3053763440860215 0.6826003824091779 0.32903225806451614 0.5865200764818356