0 0.34674479166666666 0.275 0.055989583333333336 0.21296296296296297
0 0.28229166666666666 0.1476851851851852 0.049479166666666664 0.2361111111111111
0 0.21783854166666666 0.2726851851851852 0.05859375 0.24074074074074073
0 0.16223958333333333 0.32546296296296295 0.06510416666666667 0.2490740740740741
0 0.14361979166666666 0.18587962962962962 0.055989583333333336 0.24768518518518517
0 0.9274739583333333 0.3055555555555556 0.055989583333333336 0.21296296296296297
0 0.5375 0.16064814814814815 0.015625 0.2064814814814815
0 0.5497395833333333 0.08101851851851852 0.04010416666666667 0.16203703703703703
0 0.8630208333333333 0.17824074074074073 0.049479166666666664 0.2361111111111111
0 0.7302083333333333 0.18055555555555555 0.059895833333333336 0.23148148148148148
0 0.7684895833333333 0.32916666666666666 0.0609375 0.24166666666666667
0 0.7946614583333333 0.2523148148148148 0.053385416666666664 0.25
0 0.215625 0.7981481481481482 0.18125 0.40046296296296297
0 0.29296875 0.5740740740740741 0.11979166666666667 0.21574074074074073
0 0.4544270833333333 0.812962962962963 0.15052083333333333 0.3712962962962963
0 0.7002604166666667 0.662962962962963 0.04765625 0.07592592592592592
0 0.7372395833333333 0.6712962962962963 0.038802083333333334 0.075
0 0.7697916666666667 0.6601851851851852 0.026302083333333334 0.05925925925925926