0 0.6930778032036613 0.34725050916496947 0.05434782608695652 0.164969450101833
0 0.6644736842105263 0.26018329938900203 0.05148741418764302 0.23930753564154786
0 0.3624141876430206 0.09826883910386966 0.05434782608695652 0.19653767820773932
0 0.3446796338672769 0.0560081466395112 0.04748283752860412 0.1120162932790224
0 0.1330091533180778 0.09419551934826884 0.055491990846681924 0.18839103869653767
0 0.3166475972540046 0.34877800407331977 0.05434782608695652 0.16191446028513237
0 0.5769450800915332 0.034623217922606926 0.05434782608695652 0.06924643584521385
0 0.49628146453089245 0.06517311608961303 0.04977116704805492 0.13034623217922606
0 0.4691075514874142 0.3665987780040733 0.06178489702517163 0.12627291242362526
0 0.8881578947368421 0.23167006109979632 0.031464530892448515 0.3956211812627291
0 0.9130434782608695 0.3136456211812627 0.02517162471395881 0.2209775967413442