0 0.16933701657458564 0.03781925343811395 0.052486187845303865 0.0756385068762279
0 0.33950276243093924 0.20579567779960709 0.06629834254143646 0.2111984282907662
0 0.1516574585635359 0.16036345776031435 0.04143646408839779 0.2038310412573674
0 0.11906077348066299 0.10510805500982318 0.04585635359116022 0.21021611001964635
0 0.11629834254143646 0.01424361493123772 0.04585635359116022 0.02848722986247544
0 0.019889502762430938 0.07465618860510806 0.039779005524861875 0.14931237721021612
0 0.05828729281767956 0.07318271119842829 0.04033149171270718 0.14636542239685657
0 0.32624309392265194 0.07809430255402751 0.034806629834254144 0.15618860510805502
0 0.3455801104972376 0.043713163064833006 0.04033149171270718 0.08742632612966601
0 0.3723756906077348 0.03781925343811395 0.03314917127071823 0.0756385068762279
0 0.4755524861878453 0.1431728880157171 0.04834254143646409 0.2038310412573674
0 0.019060773480662985 0.3757367387033399 0.03812154696132597 0.18762278978389
0 0.09364640883977901 0.44204322200392926 0.058011049723756904 0.0550098231827112
0 0.08176795580110498 0.4012770137524558 0.05414364640883978 0.13654223968565815
0 0.5925414364640884 0.23354616895874264 0.052486187845303865 0.21856581532416502
0 0.6201657458563536 0.1193516699410609 0.049723756906077346 0.23084479371316308
0 0.9784530386740331 0.036345776031434185 0.0430939226519337 0.07269155206286837
0 0.9723756906077348 0.2888015717092338 0.04143646408839779 0.22593320235756384
0 0.9067679558011049 0.20407662082514735 0.05939226519337017 0.23330058939096268
0 0.819060773480663 0.1475933202357564 0.058011049723756904 0.22347740667976423
0 0.7505524861878453 0.0987229862475442 0.05138121546961326 0.1974459724950884
0 0.9516574585635359 0.3207269155206287 0.055248618784530384 0.2554027504911591
0 0.262707182320442 0.9636542239685658 0.05911602209944752 0.07269155206286837
0 0.21629834254143646 0.5044204322200393 0.052486187845303865 0.06974459724950884
0 0.1660220994475138 0.5717092337917485 0.04585635359116022 0.2043222003929273
0 0.22002762430939227 0.6252455795677799 0.04834254143646409 0.2013752455795678
0 0.21077348066298343 0.9145383104125737 0.04143646408839779 0.17092337917485265
0 0.3939226519337017 0.5265225933202358 0.03756906077348066 0.11394891944990176
0 0.36574585635359114 0.568762278978389 0.04143646408839779 0.18664047151277013
0 0.06602209944751382 0.5601669941060904 0.04419889502762431 0.17927308447937132
0 0.10883977900552486 0.5569744597249509 0.03867403314917127 0.17485265225933203
0 0.14544198895027624 0.8573182711198428 0.05939226519337017 0.23330058939096268
0 0.057734806629834254 0.8008349705304518 0.058011049723756904 0.22347740667976423
0 0.007458563535911602 0.7278978388998035 0.014917127071823204 0.2455795677799607
0 0.45828729281767955 0.5461689587426326 0.04696132596685083 0.15324165029469547
0 0.49613259668508286 0.5471512770137524 0.0430939226519337 0.15520628683693516
0 0.3581491712707182 0.7529469548133595 0.05386740331491713 0.23084479371316308
0 0.19005524861878453 0.9228880157170923 0.055248618784530384 0.15422396856581533
0 0.6955801104972376 0.925343811394892 0.049723756906077346 0.14931237721021612
0 0.7558011049723757 0.5235756385068763 0.05082872928176796 0.10805500982318271
0 0.7546961325966851 0.48428290766208254 0.05414364640883978 0.029469548133595286
0 0.9900552486187846 0.7485265225933202 0.019889502762430938 0.23772102161100198
0 0.9886740331491712 0.6183693516699411 0.022651933701657457 0.13457760314341846
0 0.9903314917127072 0.506385068762279 0.019337016574585635 0.07367387033398821
0 0.7241712707182321 0.643172888015717 0.04558011049723757 0.17927308447937132
0 0.9030386740331492 0.7536836935166994 0.04419889502762431 0.17927308447937132
0 0.9458563535911603 0.7401768172888016 0.03867403314917127 0.19646365422396855
0 0.8593922651933702 0.5505893909626719 0.04585635359116022 0.16208251473477406
0 0.8928176795580111 0.47838899803536344 0.03756906077348066 0.01768172888015717
0 0.8953038674033149 0.5446954813359528 0.042541436464088395 0.15029469548133595
0 0.9256906077348066 0.5520628683693517 0.04033149171270718 0.1650294695481336
0 0.626243093922652 0.5103143418467584 0.03149171270718232 0.08153241650294696
0 0.6027624309392265 0.5014734774066798 0.032044198895027624 0.06385068762278978
0 0.976243093922652 0.9670923379174853 0.04751381215469613 0.06581532416502947
0 0.8947513812154696 0.9410609037328095 0.058011049723756904 0.11787819253438114
0 0.8262430939226519 0.8993123772102161 0.05138121546961326 0.2013752455795678
0 0.5625690607734807 0.7414047151277013 0.04558011049723757 0.1694499017681729
0 0.5544198895027624 0.506385068762279 0.03149171270718232 0.07367387033398821
0 0.8486187845303867 0.5078585461689588 0.03756906077348066 0.07662082514734773