0 0.027972027972027972 0.49636929460580914 0.055944055944055944 0.18568464730290457
0 0.38665501165501165 0.48443983402489627 0.05536130536130536 0.2095435684647303
0 0.3575174825174825 0.375 0.05244755244755245 0.2437759336099585
0 0.1754079254079254 0.5326763485477178 0.06993006993006994 0.11307053941908714
0 0.2489801864801865 0.11047717842323651 0.056818181818181816 0.2074688796680498
0 0.18181818181818182 0.09284232365145229 0.05710955710955711 0.18568464730290457
0 0.1255827505827506 0.07053941908713693 0.043706293706293704 0.14107883817427386
0 0.09382284382284382 0.06535269709543569 0.05244755244755245 0.13070539419087138
0 0.05419580419580419 0.054979253112033194 0.05244755244755245 0.10995850622406639
0 0.05011655011655012 0.19865145228215766 0.05536130536130536 0.22302904564315354
0 0.03190559440559441 0.1325207468879668 0.04807692307692308 0.1841286307053942
0 0.42803030303030304 0.021265560165975105 0.04836829836829837 0.04253112033195021
0 0.3344988344988345 0.9035269709543569 0.07022144522144522 0.19294605809128632
0 0.4557109557109557 0.9149377593360996 0.0675990675990676 0.17012448132780084