0 0.20325086306098963 0.32991803278688525 0.06185270425776755 0.23565573770491804
0 0.6375143843498274 0.16956967213114754 0.024165707710011506 0.22848360655737704
0 0.6237054085155351 0.0855532786885246 0.05178365937859609 0.1711065573770492
0 0.2744533947065593 0.18903688524590165 0.05466052934407365 0.2612704918032787
0 0.40650172612197927 0.3785860655737705 0.07192174913693901 0.2612704918032787
0 0.42764672036823936 0.23130122950819673 0.06185270425776755 0.274077868852459
0 0.34349827387802073 0.2863729508196721 0.05753739930955121 0.2459016393442623
0 0.716915995397008 0.1285860655737705 0.05466052934407365 0.13831967213114754
0 0.8607594936708861 0.11321721311475409 0.043153049482163405 0.19467213114754098
0 0.8291139240506329 0.10553278688524591 0.05178365937859609 0.18954918032786885
0 0.7899884925201381 0.08965163934426229 0.05178365937859609 0.17930327868852458
0 0.7859608745684695 0.26690573770491804 0.05466052934407365 0.22028688524590165
0 0.7679804372842347 0.20158811475409835 0.04746835443037975 0.18186475409836064
0 0.7396432681242808 0.47899590163934425 0.05466052934407365 0.060450819672131145
0 0.987054085155351 0.15420081967213115 0.025891829689298044 0.18954918032786885
0 0.9204545454545454 0.19774590163934427 0.050345224395857306 0.22540983606557377
0 0.2773302646720368 0.8811475409836066 0.028768699654775604 0.05225409836065574
0 0.7097238204833142 0.7546106557377049 0.12025316455696203 0.49077868852459017
0 0.9712313003452244 0.7546106557377049 0.05753739930955121 0.49077868852459017
0 0.846662830840046 0.7771516393442623 0.0949367088607595 0.4456967213114754
0 0.9076524741081703 0.7658811475409836 0.08457997698504027 0.4682377049180328
0 0.7897008055235903 0.7546106557377049 0.09263521288837745 0.49077868852459017
0 0.9525316455696202 0.7546106557377049 0.07192174913693901 0.49077868852459017
0 0.952819332566168 0.5886270491803278 0.0713463751438435 0.15881147540983606