0 0.23834498834498835 0.41346153846153844 0.05827505827505827 0.16258741258741258
0 0.14277389277389277 0.4965034965034965 0.06293706293706294 0.14685314685314685
0 0.504079254079254 0.01818181818181818 0.05128205128205128 0.03636363636363636
0 0.19172494172494173 0.09965034965034965 0.05536130536130536 0.0944055944055944
0 0.27884615384615385 0.5146853146853146 0.06118881118881119 0.11048951048951049
0 0.388986013986014 0.5391608391608391 0.07983682983682984 0.06153846153846154
0 0.38694638694638694 0.46853146853146854 0.06993006993006994 0.17482517482517482
0 0.460518648018648 0.1346153846153846 0.056818181818181816 0.13986013986013987
0 0.393502331002331 0.10926573426573427 0.056818181818181816 0.1520979020979021
0 0.3374125874125874 0.08916083916083917 0.043706293706293704 0.13286713286713286
0 0.30536130536130535 0.08391608391608392 0.05244755244755245 0.12937062937062938
0 0.266025641025641 0.06993006993006994 0.05244755244755245 0.12937062937062938
0 0.26165501165501165 0.19405594405594406 0.05536130536130536 0.15034965034965034
0 0.24344405594405594 0.14947552447552448 0.04807692307692308 0.12412587412587413
0 0.027972027972027972 0.19195804195804195 0.055944055944055944 0.14335664335664336
0 0.018648018648018648 0.08636363636363636 0.037296037296037296 0.12377622377622377
0 0.056818181818181816 0.05839160839160839 0.03671328671328671 0.11678321678321678
0 0.7322261072261073 0.2762237762237762 0.1960955710955711 0.28881118881118883
0 0.28438228438228436 0.7951048951048951 0.3761655011655012 0.3594405594405594