0 0.16558441558441558 0.4527310924369748 0.05608028335301062 0.15336134453781514
0 0.1951003541912633 0.3713235294117647 0.053128689492325853 0.24684873949579833
0 0.30489964580873674 0.10399159663865547 0.05726092089728453 0.20798319327731093
0 0.3727863046044864 0.0898109243697479 0.05726092089728453 0.1796218487394958
0 0.429456906729634 0.06722689075630252 0.04427390791027155 0.13445378151260504
0 0.4577922077922078 0.06197478991596639 0.04427390791027155 0.12394957983193278
0 0.01859504132231405 0.03046218487394958 0.0371900826446281 0.06092436974789916
0 0.00974025974025974 0.210609243697479 0.01948051948051948 0.23634453781512604
0 0.12337662337662338 0.017331932773109245 0.048406139315230225 0.03466386554621849
0 0.38813459268004724 0.4884453781512605 0.0678866587957497 0.0819327731092437
0 0.6611570247933884 0.4852941176470588 0.0590318772136954 0.08823529411764706
0 0.7083825265643447 0.09191176470588236 0.05608028335301062 0.14180672268907563
0 0.506198347107438 0.11029411764705882 0.0525383707201889 0.22058823529411764
0 0.5605076741440378 0.08771008403361344 0.04427390791027155 0.17542016806722688
0 0.5932703659976387 0.08245798319327731 0.053128689492325853 0.16491596638655462
0 0.6328217237308147 0.07195378151260504 0.053128689492325853 0.14390756302521007
0 0.6375442739079102 0.23371848739495799 0.05608028335301062 0.22584033613445378
0 0.65599173553719 0.16675420168067226 0.048701298701298704 0.18644957983193278
0 0.874409681227863 0.23109243697478993 0.05755608028335301 0.21533613445378152
0 0.8875442739079102 0.08245798319327731 0.045454545454545456 0.16491596638655462
0 0.8447461629279811 0.058823529411764705 0.03659976387249114 0.11764705882352941
0 0.9471664698937426 0.05514705882352941 0.050177095631641085 0.11029411764705882
0 0.6815230224321134 0.6817226890756303 0.05991735537190083 0.0740546218487395
0 0.7281582054309327 0.6896008403361344 0.048996458087367176 0.07247899159663866
0 0.769185360094451 0.6790966386554622 0.03305785123966942 0.05777310924369748