0 0.3435483870967742 0.5960803059273423 0.053763440860215055 0.10611854684512428
0 0.30053763440860215 0.2251434034416826 0.051075268817204304 0.12906309751434034
0 0.4349462365591398 0.21080305927342255 0.04032258064516129 0.18164435946462715
0 0.4053763440860215 0.20363288718929254 0.04838709677419355 0.17686424474187382
0 0.36908602150537634 0.18451242829827916 0.04838709677419355 0.17686424474187382
0 0.3650537634408602 0.35420650095602296 0.051075268817204304 0.2055449330783939
0 0.348252688172043 0.2932600382409178 0.04435483870967742 0.16969407265774378
0 0.4438172043010753 0.04445506692160612 0.031720430107526884 0.08891013384321224
0 0.4134408602150538 0.05162523900573614 0.04838709677419355 0.10325047801147227
0 0.1493279569892473 0.35181644359464626 0.05241935483870968 0.1959847036328872
0 0.13723118279569893 0.20721797323135754 0.041666666666666664 0.16969407265774378
0 0.17620967741935484 0.16061185468451242 0.033602150537634407 0.17686424474187382
0 0.08279569892473118 0.1534416826003824 0.0456989247311828 0.17686424474187382
0 0.14516129032258066 0.033460803059273424 0.03655913978494624 0.06692160611854685
0 0.17688172043010753 0.039674952198852774 0.03225806451612903 0.07934990439770555
0 0.11478494623655915 0.04445506692160612 0.04032258064516129 0.08891013384321224
0 0.7298387096774194 0.3245697896749522 0.5403225806451613 0.6491395793499044
0 0.9741935483870968 0.8565965583173997 0.05161290322580645 0.20889101338432123
0 0.4924731182795699 0.8680688336520076 0.062096774193548386 0.18929254302103252
0 0.5860215053763441 0.8594646271510517 0.05456989247311828 0.18451242829827916
0 0.9338709677419355 0.8561185468451242 0.058333333333333334 0.1950286806883365
0 0.8174731182795699 0.8618546845124283 0.0467741935483871 0.16395793499043976
0 0.5395161290322581 0.8666347992351816 0.05161290322580645 0.17973231357552583
0 0.8922043010752688 0.8632887189292543 0.051075268817204304 0.17638623326959846
0 0.8513440860215054 0.858508604206501 0.05 0.17304015296367112
0 0.7473118279569892 0.858508604206501 0.0467741935483871 0.18307839388145317
0 0.7809139784946236 0.8589866156787763 0.04247311827956989 0.1725621414913958
0 0.6260752688172043 0.859942638623327 0.03870967741935484 0.17877629063097514
0 0.6672043010752688 0.7911089866156787 0.0467741935483871 0.05497131931166348
0 0.707258064516129 0.7930210325047801 0.04408602150537634 0.05353728489483748