0 0.2694377990430622 0.0574468085106383 0.056818181818181816 0.1148936170212766
0 0.011363636363636364 0.10106382978723404 0.022727272727272728 0.20212765957446807
0 0.0625 0.08670212765957447 0.05801435406698564 0.17340425531914894
0 0.11991626794258373 0.06382978723404255 0.04485645933014354 0.1276595744680851
0 0.15311004784688995 0.05851063829787234 0.05382775119617225 0.11702127659574468
0 0.19318181818181818 0.047872340425531915 0.05382775119617225 0.09574468085106383
0 0.19796650717703348 0.18670212765957447 0.056818181818181816 0.22872340425531915
0 0.2166566985645933 0.11888297872340425 0.049342105263157895 0.18882978723404256
0 0.24551435406698566 0.4223404255319149 0.056818181818181816 0.09361702127659574
0 0.25807416267942584 0.9382978723404255 0.056818181818181816 0.12340425531914893
0 0.28797846889952156 0.8718085106382979 0.05382775119617225 0.25
0 0.015251196172248804 0.5212765957446809 0.030502392344497607 0.10425531914893617
0 0.215311004784689 0.5 0.04904306220095694 0.06170212765957447
0 0.1423444976076555 0.4867021276595745 0.0430622009569378 0.035106382978723406
0 0.37021531100478466 0.573936170212766 0.039473684210526314 0.19680851063829788
0 0.05382775119617225 0.5372340425531915 0.034688995215311005 0.13617021276595745
0 0.08971291866028708 0.5388297872340425 0.05263157894736842 0.13936170212765958
0 0.08941387559808613 0.4909574468085106 0.04485645933014354 0.043617021276595745
0 0.06892942583732058 0.7507978723404255 0.05233253588516747 0.23670212765957446
0 0.022727272727272728 0.7531914893617021 0.045454545454545456 0.20425531914893616
0 0.03229665071770335 0.6789893617021276 0.04485645933014354 0.1622340425531915
0 0.024820574162679427 0.6031914893617021 0.04485645933014354 0.13829787234042554
0 0.004186602870813397 0.7 0.008373205741626795 0.23191489361702128
0 0.6133373205741627 0.7085106382978723 0.11513157894736842 0.1952127659574468