0 0.1339095744680851 0.29371455576559546 0.05186170212765957 0.21975425330812853
0 0.21170212765957447 0.15193761814744802 0.05053191489361702 0.2339319470699433
0 0.2654255319148936 0.3435727788279773 0.06808510638297872 0.19187145557655955
0 0.3529255319148936 0.3752362948960302 0.05372340425531915 0.1285444234404537
0 0.3547872340425532 0.2485822306238185 0.05 0.22873345935727787
0 0.8691489361702127 0.22684310018903592 0.07792553191489361 0.2679584120982987
0 0.7223404255319149 0.249054820415879 0.10664893617021276 0.3331758034026465
0 0.5893617021276596 0.2514177693761815 0.08164893617021277 0.31616257088846883
0 0.5715425531914894 0.20982986767485823 0.075 0.28544423440453687
0 0.07047872340425532 0.780718336483932 0.0800531914893617 0.2726843100189036
0 0.8711436170212766 0.6767485822306238 0.04920212765957447 0.21739130434782608
0 0.8977393617021276 0.7937145557655955 0.05452127659574468 0.2386578449905482
0 0.48271276595744683 0.917296786389414 0.05159574468085106 0.16540642722117202
0 0.6050531914893617 0.5155954631379962 0.054787234042553194 0.15217391304347827
0 0.5718085106382979 0.503780718336484 0.04148936170212766 0.1285444234404537
0 0.5606382978723404 0.8031663516068053 0.05053191489361702 0.2339319470699433
0 0.7095744680851064 0.9078449905482041 0.06382978723404255 0.1843100189035917
0 0.7406914893617021 0.4966918714555766 0.04627659574468085 0.11436672967863894
0 0.6143617021276596 0.9494328922495274 0.06808510638297872 0.10113421550094517