0 0.3002645502645503 0.4491525423728814 0.056613756613756616 0.1807909604519774
0 0.23492063492063492 0.3375706214689266 0.05026455026455026 0.2401129943502825
0 0.1 0.339924670433145 0.06084656084656084 0.23540489642184556
0 0.16534391534391535 0.4124293785310734 0.054497354497354496 0.2542372881355932
0 0.41878306878306876 0.1115819209039548 0.06349206349206349 0.2024482109227872
0 0.05343915343915344 0.07674199623352165 0.0582010582010582 0.1534839924670433
0 0.2388888888888889 0.08286252354048965 0.03968253968253968 0.1657250470809793
0 0.20767195767195767 0.05790960451977401 0.043915343915343914 0.11581920903954802
0 0.11190476190476191 0.02871939736346516 0.03968253968253968 0.05743879472693032
0 0.14947089947089948 0.027306967984934087 0.038624338624338624 0.054613935969868174
0 0.4060846560846561 0.032015065913371 0.03333333333333333 0.064030131826742
0 0.15158730158730158 0.435969868173258 0.06613756613756613 0.2071563088512241
0 0.8365079365079365 0.7580037664783428 0.0380952380952381 0.17372881355932204
0 0.8798941798941798 0.8516949152542372 0.06428571428571428 0.11299435028248588
0 0.8915343915343915 0.9378531073446328 0.08174603174603175 0.12429378531073447
0 0.7851851851851852 0.9209039548022598 0.1261904761904762 0.15819209039548024
0 0.65 0.7645951035781544 0.08095238095238096 0.2951977401129944