0 0.14697149643705462 0.4489957716701903 0.05641330166270784 0.23520084566596194
0 0.17666270783847982 0.32610993657505283 0.05344418052256532 0.24841437632135308
0 0.3494655581947744 0.6754756871035941 0.05997624703087886 0.10782241014799154
0 0.35302850356294535 0.5613107822410148 0.05285035629453682 0.2642706131078224
0 0.28711401425178146 0.08086680761099366 0.05760095011876484 0.16173361522198731
0 0.35302850356294535 0.06659619450317125 0.05285035629453682 0.1331923890063425
0 0.8162114014251781 0.6405919661733616 0.06353919239904988 0.17758985200845667
0 0.3940023752969121 0.38530655391120505 0.029097387173396674 0.24841437632135308
0 0.7663301662707839 0.06712473572938689 0.05641330166270784 0.13424947145877378
0 0.6178741092636579 0.07346723044397463 0.04453681710213777 0.14693446088794926
0 0.6508313539192399 0.06818181818181818 0.05344418052256532 0.13636363636363635
0 0.6906175771971497 0.057610993657505286 0.05344418052256532 0.11522198731501057
0 0.9336401425178147 0.2029598308668076 0.057897862232779096 0.2167019027484144
0 0.9468527315914489 0.06818181818181818 0.045724465558194774 0.13636363636363635
0 0.9040973871733967 0.04439746300211417 0.037410926365795724 0.08879492600422834
0 0.7428741092636579 0.5280126849894292 0.05641330166270784 0.26955602536997886
0 0.556561757719715 0.13424947145877378 0.05195961995249406 0.23255813953488372
0 0.6059976247030879 0.6590909090909091 0.07422802850356294 0.14059196617336153
0 0.5847684085510689 0.5716173361522199 0.06383610451306414 0.28276955602536996
0 0.7102137767220903 0.14349894291754756 0.05641330166270784 0.2510570824524313
0 0.7191211401425178 0.21749471458773784 0.06532066508313539 0.2510570824524313
0 0.9499703087885986 0.0919661733615222 0.043052256532066506 0.17970401691331925
0 0.6716152019002375 0.6152219873150105 0.05938242280285035 0.22832980972515857
0 0.46140142517814725 0.07875264270613108 0.05463182897862233 0.15750528541226216
0 0.19418052256532067 0.8472515856236786 0.05730403800475059 0.0613107822410148
0 0.6609263657957245 0.8752642706131079 0.22446555819477435 0.24947145877378435
0 0.8954869358669834 0.870507399577167 0.20783847980997625 0.25898520084566595