0 0.24947368421052632 0.17907303370786518 0.05263157894736842 0.21769662921348315
0 0.3356578947368421 0.299625468164794 0.056578947368421055 0.2153558052434457
0 0.21236842105263157 0.3300561797752809 0.05526315789473684 0.17883895131086142
0 0.11342105263157895 0.36282771535580527 0.07210526315789474 0.11329588014981273
0 0.11526315789473685 0.25280898876404495 0.06315789473684211 0.2340823970037453
0 0.7331578947368421 0.2818352059925094 0.1705263157894737 0.2752808988764045
0 0.7801315789473684 0.8752340823970037 0.05131578947368421 0.21769662921348315
0 0.6589473684210526 0.47237827715355807 0.05368421052631579 0.10580524344569288
0 0.6918421052631579 0.4606741573033708 0.04052631578947368 0.08239700374531835
0 0.7031578947368421 0.7347846441947565 0.05 0.23174157303370788
0 0.8971052631578947 0.4559925093632959 0.045789473684210526 0.07303370786516854
0 0.45473684210526316 0.9508426966292135 0.049473684210526316 0.09831460674157304
0 0.65 0.9147940074906367 0.06736842105263158 0.1704119850187266
0 0.5028947368421053 0.4452247191011236 0.04473684210526316 0.05149812734082397
0 0.5544736842105263 0.9461610486891385 0.07105263157894737 0.10767790262172285
0 0.5538157894736843 0.8307584269662921 0.06447368421052632 0.22705992509363296