0 0.07553191489361702 0.43809073724007563 0.047872340425531915 0.06332703213610585
0 0.13364361702127658 0.07797731568998109 0.04920212765957447 0.1323251417769376
0 0.1324468085106383 0.034026465028355386 0.052127659574468084 0.06805293005671077
0 0.42021276595744683 0.22920604914933837 0.05053191489361702 0.1275992438563327
0 0.17486702127659576 0.2764650283553875 0.05186170212765957 0.1890359168241966
0 0.2360372340425532 0.2422022684310019 0.05186170212765957 0.2055765595463138
0 0.2872340425531915 0.21502835538752363 0.0398936170212766 0.17958412098298676
0 0.31648936170212766 0.20793950850661624 0.047872340425531915 0.17485822306238186
0 0.3523936170212766 0.1890359168241966 0.047872340425531915 0.17485822306238186
0 0.35638297872340424 0.3568052930056711 0.05053191489361702 0.20321361058601134
0 0.37300531914893614 0.2965500945179584 0.043882978723404256 0.16776937618147447
0 0.24601063829787234 0.05056710775047259 0.034574468085106384 0.10113421550094517
0 0.2734042553191489 0.04725897920604915 0.04148936170212766 0.0945179584120983
0 0.30851063829787234 0.05434782608695652 0.047872340425531915 0.10869565217391304
0 0.5382978723404256 0.16493383742911152 0.023404255319148935 0.17485822306238186
0 0.5382978723404256 0.04253308128544423 0.023404255319148935 0.08506616257088846
0 0.01648936170212766 0.14366729678638943 0.03297872340425532 0.14177693761814744
0 0.0199468085106383 0.06474480151228733 0.0398936170212766 0.12948960302457466
0 0.714627659574468 0.1767485822306238 0.04680851063829787 0.0666351606805293
0 0.7510638297872341 0.1838374291115312 0.03803191489361702 0.06568998109640832
0 0.7829787234042553 0.17438563327032136 0.02579787234042553 0.05198487712665406