0 0.07708089097303635 0.5313152400835073 0.05568581477139507 0.21711899791231734
0 0.10638921453692848 0.41805845511482254 0.05275498241500586 0.2453027139874739
0 0.33909730363423213 0.09133611691022965 0.043962485345838215 0.1826722338204593
0 0.3716295427901524 0.0861169102296451 0.05275498241500586 0.1722338204592902
0 0.40211019929660025 0.075678496868476 0.035169988276670575 0.151356993736952
0 0.40357561547479487 0.2406054279749478 0.03223915592028136 0.2244258872651357
0 0.41471277842907384 0.17379958246346555 0.00996483001172333 0.1847599164926931
0 0.0354630715123095 0.04175365344467641 0.04865181711606096 0.08350730688935282
0 0.3883352872215709 0.6017745302713987 0.0627198124267292 0.07620041753653445
0 0.19577960140679954 0.12578288100208768 0.05568581477139507 0.1931106471816284
0 0.27857561547479487 0.17014613778705637 0.05128956623681125 0.22964509394572025
0 0.3062719812426729 0.5511482254697286 0.0627198124267292 0.17745302713987474
0 0.8015826494724502 0.2802713987473904 0.3493552168815944 0.34707724425887265
0 0.824736225087925 0.819937369519833 0.24824150058616648 0.36012526096033404
0 0.5817702227432591 0.819937369519833 0.23270808909730364 0.36012526096033404