0 0.11840562719812427 0.482776617954071 0.05275498241500586 0.05323590814196242
0 0.1824443141852286 0.09342379958246347 0.05422039859320047 0.14613778705636743
0 0.18112543962485345 0.04123173277661795 0.05744431418522861 0.0824634655532359
0 0.22787221570926142 0.3126304801670146 0.05715123094958968 0.20876826722338204
0 0.29528135990621335 0.27479123173277664 0.05715123094958968 0.22703549060542796
0 0.3516998827667057 0.24478079331941544 0.043962485345838215 0.19832985386221294
0 0.3839390386869871 0.23695198329853862 0.05275498241500586 0.1931106471816284
0 0.4232121922626026 0.21555323590814196 0.05275498241500586 0.1931106471816284
0 0.42467760844079716 0.39926931106471814 0.049824150058616644 0.22025052192066805
0 0.4358147713950762 0.3345511482254697 0.027549824150058615 0.1847599164926931
0 0.3062719812426729 0.059498956158663886 0.038100820633059786 0.11899791231732777
0 0.3364595545134818 0.055845511482254695 0.04572098475967175 0.11169102296450939
0 0.37514654161781946 0.06367432150313153 0.05275498241500586 0.12734864300626306
0 0.04762602579132474 0.16649269311064718 0.04835873388042204 0.15657620041753653
0 0.05363423212192263 0.07515657620041753 0.050996483001172335 0.15031315240083507
0 0.485052754982415 0.27244258872651356 0.070926143024619 0.4733820459290188
0 0.9126611957796014 0.3695198329853862 0.16412661195779601 0.2797494780793319
0 0.7740328253223916 0.36430062630480164 0.1447831184056272 0.29018789144050106
0 0.6503516998827668 0.3768267223382046 0.12924970691676435 0.2651356993736952
0 0.5600820633059789 0.3627348643006263 0.12162954279015241 0.2927974947807933
0 0.7069167643610785 0.2082463465553236 0.10199296600234467 0.2755741127348643
0 0.8053927315357562 0.1941544885177453 0.11078546307151231 0.3162839248434238
0 0.9085580304806565 0.2072025052192067 0.11488862837045721 0.2755741127348643
0 0.6236811254396248 0.20041753653444677 0.0914419695193435 0.2640918580375783
0 0.5424970691676436 0.17484342379958245 0.09232121922626026 0.2453027139874739
0 0.2749120750293083 0.7635699373695198 0.06740914419695193 0.3564718162839248