0 0.10140679953106682 0.5255741127348643 0.06330597889800703 0.20772442588726514
0 0.5407385697538101 0.37839248434237993 0.01817116060961313 0.23277661795407098
0 0.5266705744431418 0.25730688935281837 0.04630715123094959 0.2453027139874739
0 0.3745603751465416 0.09707724425887265 0.06447831184056271 0.1941544885177453
0 0.16969519343493553 0.10386221294363257 0.043962485345838215 0.20772442588726514
0 0.20398593200468934 0.07620041753653445 0.04806565064478312 0.1524008350730689
0 0.3103751465416178 0.04384133611691023 0.043962485345838215 0.08768267223382047
0 0.268464243845252 0.042275574112734866 0.04220398593200469 0.08455114822546973
0 0.322831184056272 0.35255741127348644 0.06594372801875732 0.24791231732776617
0 0.23124267291910902 0.49947807933194155 0.0615474794841735 0.2599164926931106
0 0.24369871043376318 0.3890918580375783 0.05715123094958968 0.21137787056367432
0 0.9387456037514654 0.3674321503131524 0.08411488862837045 0.3105427974947808
0 0.8895076201641267 0.30636743215031315 0.09935521688159438 0.14561586638830898
0 0.8188745603751465 0.4838204592901879 0.18141852286049237 0.28235908141962424
0 0.6609026963657679 0.38413361169102295 0.07209847596717468 0.4519832985386221
0 0.7256740914419695 0.3533402922755741 0.057737397420867524 0.4326722338204593
0 0.7734466588511137 0.42484342379958245 0.08616647127784291 0.34029227557411273
0 0.26260257913247365 0.9284968684759917 0.0246189917936694 0.075678496868476
0 0.011430246189917937 0.8742171189979123 0.022860492379835874 0.06784968684759916
0 0.3883352872215709 0.7270354906054279 0.016705744431418524 0.044363256784968684
0 0.3373388042203986 0.7724425887265136 0.016412661195779603 0.055845511482254695
0 0.31213364595545134 0.7578288100208769 0.013481828839390387 0.05845511482254697
0 0.38159437280187575 0.6409185803757829 0.016998827667057445 0.02244258872651357
0 0.01406799531066823 0.6550104384133612 0.014947245017584994 0.03444676409185804
0 0.49794841735052753 0.69258872651357 0.014947245017584994 0.05636743215031315
0 0.29073856975381007 0.8444676409185804 0.019050410316529893 0.06315240083507306
0 0.21658851113716296 0.6597077244258872 0.01611957796014068 0.03496868475991649
0 0.7303634232121923 0.7922755741127349 0.07913247362250879 0.043319415448851775
0 0.9208675263774913 0.7776617954070981 0.05070339976553341 0.07724425887265135
0 0.7740328253223916 0.7045929018789144 0.058909730363423216 0.06002087682672234