0 0.23871733966745842 0.483615221987315 0.05938242280285035 0.1321353065539112
0 0.28592636579572445 0.06871035940803383 0.05641330166270784 0.13742071881606766
0 0.08729216152019002 0.5206131078224101 0.07125890736342043 0.05813953488372093
0 0.020486935866983372 0.11839323467230443 0.040973871733966744 0.21141649048625794
0 0.08046318289786224 0.09778012684989429 0.05760095011876484 0.19556025369978858
0 0.1374703087885986 0.07505285412262157 0.04453681710213777 0.15010570824524314
0 0.17042755344418054 0.06976744186046512 0.05344418052256532 0.13953488372093023
0 0.21021377672209027 0.05919661733615222 0.05344418052256532 0.11839323467230443
0 0.21496437054631828 0.2087737843551797 0.05641330166270784 0.22727272727272727
0 0.233521377672209 0.14138477801268498 0.04899049881235154 0.1876321353065539
0 0.45323634204275537 0.20613107822410148 0.057897862232779096 0.2167019027484144
0 0.4664489311163896 0.06976744186046512 0.045724465558194774 0.13953488372093023
0 0.42339667458432306 0.0459830866807611 0.03681710213776722 0.0919661733615222
0 0.5264251781472684 0.042283298097251586 0.050475059382422804 0.08456659619450317
0 0.4192399049881235 0.7991543340380549 0.16597387173396674 0.37896405919661735
0 0.18972684085510688 0.8060253699788583 0.1514251781472684 0.3419661733615222
0 0.05552256532066508 0.804968287526427 0.11074821852731591 0.35570824524312894
0 0.8619358669833729 0.7801268498942917 0.14073634204275534 0.4397463002114165
0 0.9058788598574822 0.7912262156448203 0.12885985748218529 0.4175475687103594
0 0.6665676959619953 0.7996828752642706 0.09204275534441805 0.40063424947145876
0 0.7494061757719715 0.8070824524312896 0.09857482185273159 0.3858350951374207
0 0.607185273159145 0.8218816067653277 0.05522565320665083 0.3562367864693446