0 0.25495337995337997 0.412603734439834 0.05536130536130536 0.2308091286307054
0 0.2840909090909091 0.2920124481327801 0.05244755244755245 0.2437759336099585
0 0.4662004662004662 0.49636929460580914 0.06993006993006994 0.20643153526970953
0 0.3924825174825175 0.06535269709543569 0.05652680652680653 0.13070539419087138
0 0.4594988344988345 0.05134854771784232 0.05652680652680653 0.10269709543568464
0 0.014568764568764568 0.3630705394190871 0.029137529137529136 0.23651452282157676
0 0.0168997668997669 0.09284232365145229 0.0337995337995338 0.18568464730290457
0 0.04807692307692308 0.1441908713692946 0.03787878787878788 0.19190871369294607
0 0.08377039627039627 0.1338174273858921 0.053904428904428904 0.23340248962655602
0 0.060897435897435896 0.03578838174273859 0.049533799533799536 0.07157676348547717
0 0.25495337995337997 0.799792531120332 0.5099067599067599 0.4004149377593361
0 0.6930361305361306 0.83298755186722 0.053904428904428904 0.23858921161825727
0 0.6637529137529138 0.9149377593360996 0.05944055944055944 0.17012448132780084
0 0.9772727272727273 0.6696058091286307 0.045454545454545456 0.1400414937759336
0 0.5244755244755245 0.6721991701244814 0.029137529137529136 0.14522821576763487
0 0.8356643356643356 0.6488589211618258 0.05128205128205128 0.09854771784232365