0 0.05837696335078534 0.3712756052141527 0.049738219895287955 0.20716945996275604
0 0.08455497382198952 0.26303538175046554 0.04712041884816754 0.21880819366852886
0 0.1544502617801047 0.031191806331471134 0.048167539267015703 0.06238361266294227
0 0.22303664921465968 0.10335195530726257 0.05759162303664921 0.20670391061452514
0 0.3667539267015707 0.08472998137802606 0.025654450261780103 0.16945996275605213
0 0.28089005235602094 0.055865921787709494 0.03926701570680628 0.11173184357541899
0 0.3180628272251309 0.05446927374301676 0.03821989528795811 0.10893854748603352
0 0.32015706806282723 0.4813780260707635 0.06544502617801047 0.19553072625698323
0 0.33586387434554976 0.4073556797020484 0.0549738219895288 0.20949720670391062
0 0.2717277486910995 0.36894785847299816 0.06282722513089005 0.23044692737430167
0 0.706544502617801 0.21415270018621974 0.3261780104712042 0.17644320297951582
0 0.14607329842931938 0.7392923649906891 0.0306282722513089 0.07029795158286778
0 0.3507853403141361 0.8049348230912476 0.014659685863874346 0.06378026070763501
0 0.3382198952879581 0.8012104283054003 0.01387434554973822 0.051210428305400374
0 0.262565445026178 0.765828677839851 0.016753926701570682 0.03445065176908752
0 0.7361256544502618 0.654562383612663 0.05 0.08054003724394786
0 0.6552356020942408 0.6624767225325885 0.059424083769633505 0.13175046554934824
0 0.6143979057591623 0.6894785847299814 0.08350785340314136 0.11638733705772812
0 0.8356020942408376 0.6922718808193669 0.059947643979057594 0.10940409683426443
0 0.6976439790575916 0.6922718808193669 0.08429319371727749 0.10474860335195531
0 0.7670157068062827 0.6936685288640596 0.061518324607329845 0.10754189944134078
0 0.5274869109947644 0.6950651769087524 0.04424083769633508 0.10893854748603352
0 0.4649214659685864 0.771415270018622 0.08638743455497382 0.27932960893854747
0 0.9282722513089006 0.776536312849162 0.07643979057591622 0.27607076350093107
0 0.5481675392670157 0.835195530726257 0.09136125654450261 0.31890130353817503
0 0.8767015706806283 0.8375232774674115 0.08926701570680629 0.31145251396648044
0 0.7096858638743455 0.8389199255121043 0.08298429319371728 0.308659217877095
0 0.6319371727748692 0.8389199255121043 0.0887434554973822 0.313780260707635
0 0.7918848167539267 0.840782122905028 0.09005235602094241 0.30446927374301674
0 0.824607329842932 0.6391992551210428 0.08089005235602094 0.10614525139664804
0 0.5492146596858639 0.6396648044692738 0.08219895287958115 0.10335195530726257