0 0.27880047505938244 0.3929704016913319 0.05641330166270784 0.23520084566596194
0 0.24910926365795724 0.2700845665961945 0.05344418052256532 0.24841437632135308
0 0.16953681710213778 0.021141649048625793 0.05522565320665083 0.042283298097251586
0 0.5074228028503563 0.0660676532769556 0.024346793349168647 0.07928118393234672
0 0.49331947743467935 0.18683932346723045 0.04602137767220903 0.2404862579281184
0 0.5127672209026128 0.19291754756871035 0.013657957244655582 0.2167019027484144
0 0.09144893111638955 0.10306553911205074 0.06532066508313539 0.20613107822410148
0 0.02642517814726841 0.04915433403805497 0.04453681710213777 0.09830866807610994
0 0.457541567695962 0.021141649048625793 0.045724465558194774 0.042283298097251586
0 0.03681710213776722 0.3903276955602537 0.07125890736342043 0.2616279069767442
0 0.8565914489311164 0.2700845665961945 0.04720902612826603 0.0507399577167019
0 0.7660332541567696 0.28118393234672306 0.08580760095011876 0.11469344608879492
0 0.9287410926365796 0.2843551797040169 0.05077197149643706 0.10570824524312897
0 0.9851543942992874 0.2912262156448203 0.029691211401425176 0.09619450317124736
0 0.6018408551068883 0.3097251585623679 0.04423990498812352 0.06818181818181818
0 0.166270783847981 0.8948202959830867 0.06413301662707839 0.21035940803382663
0 0.23990498812351543 0.7658562367864693 0.05641330166270784 0.26955602536997886
0 0.0344418052256532 0.5824524312896406 0.0688836104513064 0.08668076109936575
0 0.3334323040380047 0.8800211416490487 0.07422802850356294 0.23995771670190275
0 0.31561757719714967 0.7869978858350951 0.062351543942992874 0.23784355179704017
0 0.38836104513064135 0.7433932346723044 0.07125890736342043 0.2616279069767442
0 0.6244061757719715 0.7695560253699789 0.20961995249406176 0.4608879492600423