0 0.4052486187845304 0.38973477406679763 0.052486187845303865 0.21856581532416502
0 0.3776243093922652 0.27554027504911593 0.049723756906077346 0.23084479371316308
0 0.02292817679558011 0.02111984282907662 0.04585635359116022 0.04223968565815324
0 0.274585635359116 0.061394891944990176 0.05414364640883978 0.12278978388998035
0 0.2110497237569061 0.0481335952848723 0.05414364640883978 0.0962671905697446
0 0.15773480662983425 0.027013752455795677 0.04143646408839779 0.054027504911591355
0 0.12762430939226518 0.022102161100196464 0.049723756906077346 0.04420432220039293
0 0.0861878453038674 0.10854616895874264 0.052486187845303865 0.2111984282907662
0 0.06878453038674033 0.06630648330058939 0.04585635359116022 0.13261296660117877
0 0.19668508287292819 0.4535854616895874 0.06353591160220995 0.21365422396856582
0 0.19392265193370165 0.5613948919449901 0.06629834254143646 0.0756385068762279
0 0.10331491712707182 0.518172888015717 0.056353591160221 0.16208251473477406
0 0.041988950276243095 0.4081532416502947 0.052486187845303865 0.2504911591355599
0 0.6013812154696132 0.31090373280943023 0.1505524861878453 0.5653241650294696
0 0.13867403314917126 0.7657170923379175 0.20331491712707184 0.3330058939096267