0 0.19169510807736065 0.1867408906882591 0.0540386803185438 0.13663967611336034
0 0.33390216154721275 0.1715587044534413 0.042662116040955635 0.19230769230769232
0 0.3026166097838453 0.16396761133603238 0.051194539249146756 0.18724696356275303
0 0.2642207053469852 0.1437246963562753 0.051194539249146756 0.18724696356275303
0 0.25995449374288965 0.3233805668016194 0.0540386803185438 0.21761133603238866
0 0.24217861205915814 0.25885627530364375 0.04692832764505119 0.17965587044534412
0 0.3779863481228669 0.02479757085020243 0.036973833902161544 0.04959514170040486
0 0.34869169510807735 0.02125506072874494 0.04436860068259386 0.04251012145748988
0 0.3111490329920364 0.028846153846153848 0.051194539249146756 0.057692307692307696
0 0.03171217292377702 0.3208502024291498 0.05546075085324232 0.2074898785425101
0 0.020477815699658702 0.1675101214574899 0.040955631399317405 0.1791497975708502
0 0.06015358361774744 0.11842105263157894 0.035551763367463025 0.18724696356275303
0 0.027303754266211604 0.009615384615384616 0.038680318543799774 0.019230769230769232
0 0.0608646188850967 0.016194331983805668 0.034129692832764506 0.032388663967611336
0 0.21416382252559726 0.541497975708502 0.0540386803185438 0.07692307692307693
0 0.39291808873720135 0.2550607287449393 0.04977246871444824 0.22267206477732793
0 0.9576222980659841 0.3314777327935223 0.03981797497155859 0.2049595141700405
0 0.38794084186575656 0.6300607287449392 0.055745164960182024 0.10020242914979757
0 0.3225255972696246 0.6163967611336032 0.055745164960182024 0.0728744939271255
0 0.19368600682593856 0.6771255060728745 0.0540386803185438 0.19433198380566802
0 0.1760523321956769 0.6351214574898786 0.047212741751990896 0.11032388663967611
0 0.30745164960182025 0.9554655870445344 0.06541524459613197 0.08906882591093117
0 0.1481797497155859 0.9225708502024291 0.0540386803185438 0.1548582995951417
0 0.5733788395904437 0.7965587044534413 0.28782707622298065 0.4068825910931174