0 0.11005434782608696 0.2374274661508704 0.06521739130434782 0.2079303675048356
0 0.09714673913043478 0.09719535783365571 0.033967391304347824 0.18375241779497098
0 0.11603260869565217 0.06044487427466151 0.03967391304347826 0.12088974854932302
0 0.1423913043478261 0.054642166344294 0.03260869565217391 0.109284332688588
0 0.1644021739130435 0.03288201160541586 0.029891304347826088 0.06576402321083172
0 0.24388586956521738 0.17577369439071566 0.04755434782608696 0.20067698259187622
0 0.4375 0.33752417794970985 0.18315217391304348 0.5154738878143134
0 0.9179347826086957 0.3742746615087041 0.16385869565217392 0.4443907156673114
0 0.56875 0.32736943907156674 0.1673913043478261 0.5352998065764023
0 0.6989130434782609 0.3520309477756286 0.14782608695652175 0.48936170212765956
0 0.8125 0.33704061895551257 0.13967391304347826 0.5207930367504836
0 0.3423913043478261 0.3554158607350097 0.10543478260869565 0.48065764023210833
0 0.4953804347826087 0.7998065764023211 0.31956521739130433 0.40038684719535783