0 0.0164804469273743 0.4010934393638171 0.0329608938547486 0.23359840954274355
0 0.36983240223463687 0.09791252485089463 0.05307262569832402 0.1341948310139165
0 0.22988826815642457 0.08846918489065607 0.04189944134078212 0.17693836978131214
0 0.2608938547486033 0.08349900596421471 0.05027932960893855 0.16699801192842942
0 0.29832402234636873 0.073558648111332 0.05027932960893855 0.147117296222664
0 0.5245810055865922 0.22912524850894633 0.05027932960893855 0.20377733598409542
0 0.5337988826815643 0.08349900596421471 0.031843575418994415 0.16699801192842942
0 0.4988826815642458 0.06113320079522863 0.034636871508379886 0.12226640159045726
0 0.34720670391061453 0.5039761431411531 0.05307262569832402 0.1908548707753479
0 0.17220670391061452 0.16500994035785288 0.04888268156424581 0.21868787276341947
0 0.19860335195530726 0.5213717693836978 0.05977653631284916 0.15606361829025844
0 0.3167597765363129 0.17370775347912526 0.05307262569832402 0.2360834990059642
0 0.32513966480446926 0.2432902584493042 0.061452513966480445 0.2360834990059642
0 0.535754189944134 0.12524850894632206 0.027932960893854747 0.16898608349900596
0 0.28044692737430166 0.5546719681908548 0.055865921787709494 0.08946322067594434
0 0.08282122905027933 0.09542743538767395 0.051675977653631286 0.18389662027833
0 0.8770949720670391 0.5656063618290258 0.055865921787709494 0.06759443339960239
0 0.5673184357541899 0.49353876739562624 0.03519553072625698 0.2117296222664016
0 0.6206703910614525 0.055666003976143144 0.05139664804469274 0.11133200795228629
0 0.6195530726256984 0.015904572564612324 0.054748603351955305 0.03180914512922465
0 0.9217877094972067 0.20129224652087474 0.05307262569832402 0.1341948310139165
0 0.6641061452513967 0.2509940357852883 0.05446927374301676 0.1988071570576541
0 0.7283519553072626 0.21496023856858848 0.05446927374301676 0.21620278330019882
0 0.7821229050279329 0.1863817097415507 0.04189944134078212 0.18886679920477137
0 0.8128491620111732 0.17892644135188868 0.05027932960893855 0.18389662027833
0 0.8505586592178771 0.15904572564612326 0.05027932960893855 0.18389662027833
0 0.8547486033519553 0.33548707753479123 0.05307262569832402 0.21371769383697814
0 0.8722067039106145 0.272117296222664 0.046089385474860335 0.176441351888668
0 0.7388268156424581 0.03330019880715706 0.036312849162011177 0.06660039761431412
0 0.7675977653631285 0.02982107355864811 0.04357541899441341 0.05964214711729622
0 0.8044692737430168 0.037276341948310136 0.05027932960893855 0.07455268389662027
0 0.5391061452513967 0.8300198807157058 0.021229050279329607 0.09095427435387674
0 0.7787709497206704 0.8354870775347912 0.21452513966480447 0.32852882703777336