0 0.16933701657458564 0.27087426326129665 0.052486187845303865 0.21856581532416502
0 0.19696132596685084 0.15667976424361493 0.049723756906077346 0.23084479371316308
0 0.009392265193370166 0.07711198428290766 0.01878453038674033 0.15422396856581533
0 0.8016574585635359 0.25589390962671904 0.1914364640883978 0.4268172888015717
0 0.8613259668508287 0.26571709233791746 0.17541436464088397 0.4076620825147348
0 0.5359116022099447 0.2730844793713163 0.12513812154696133 0.3929273084479371
0 0.6486187845303868 0.27946954813359526 0.13425414364640884 0.3796660117878193
0 0.4256906077348066 0.2922396856581532 0.13314917127071824 0.35461689587426326
0 0.1574585635359116 0.7671905697445972 0.11187845303867404 0.3163064833005894
0 0.06823204419889503 0.7917485265225933 0.13646408839779006 0.39636542239685657
0 0.8856353591160221 0.8354616895874263 0.16353591160220995 0.3290766208251473
0 0.4397790055248619 0.7578585461689588 0.34033149171270716 0.48428290766208254