0 0.3316268486916951 0.4200404858299595 0.051194539249146756 0.1396761133603239
0 0.2699089874857793 0.03441295546558704 0.052901023890784986 0.06882591093117409
0 0.10580204778156997 0.14524291497975708 0.042662116040955635 0.19230769230769232
0 0.0745164960182025 0.13765182186234817 0.051194539249146756 0.18724696356275303
0 0.03612059158134243 0.11740890688259109 0.051194539249146756 0.18724696356275303
0 0.14988623435722412 0.011639676113360324 0.036973833902161544 0.02327935222672065
0 0.12059158134243458 0.008097165991902834 0.04436860068259386 0.016194331983805668
0 0.08304891922639362 0.01568825910931174 0.051194539249146756 0.03137651821862348
0 0.39505119453924914 0.026821862348178137 0.04948805460750853 0.053643724696356275
0 0.1648179749715586 0.22874493927125505 0.04977246871444824 0.22267206477732793
0 0.02218430034129693 0.23734817813765183 0.04436860068259386 0.23987854251012145
0 0.020193401592719 0.3081983805668016 0.040386803185438 0.23987854251012145
0 0.4065699658703072 0.11867408906882591 0.04692832764505119 0.15941295546558704
0 0.4732650739476678 0.08147773279352227 0.040955631399317405 0.16295546558704455
0 0.5091012514220705 0.13866396761133604 0.02161547212741752 0.20040485829959515
0 0.5133674630261661 0.04959514170040486 0.013083048919226393 0.09919028340080972
0 0.2558304891922639 0.15789473684210525 0.05261660978384528 0.18724696356275303
0 0.6763367463026166 0.07135627530364372 0.02957906712172924 0.14271255060728744