0 0.03463375796178344 0.49660326086956524 0.042993630573248405 0.04619565217391304
0 0.3457404458598726 0.444633152173913 0.037818471337579616 0.15013586956521738
0 0.3258359872611465 0.366508152173913 0.035828025477707005 0.15964673913043478
0 0.2825437898089172 0.050611413043478264 0.03682324840764331 0.09510869565217392
0 0.28343949044585987 0.021739130434782608 0.03901273885350318 0.043478260869565216
0 0.06807324840764331 0.1593070652173913 0.037818471337579616 0.09171195652173914
0 0.1675955414012739 0.14911684782608695 0.029856687898089172 0.12907608695652173
0 0.14570063694267515 0.14402173913043478 0.035828025477707005 0.12567934782608695
0 0.1188296178343949 0.13043478260869565 0.035828025477707005 0.12567934782608695
0 0.11584394904458599 0.25101902173913043 0.037818471337579616 0.14605978260869565
0 0.10340366242038217 0.20771059782608695 0.03284235668789809 0.12058423913043478
0 0.19844745222929935 0.033627717391304345 0.02587579617834395 0.06725543478260869
0 0.17794585987261147 0.03125 0.03105095541401274 0.0625
0 0.151671974522293 0.036345108695652176 0.035828025477707005 0.07269021739130435
0 0.37410429936305734 0.09816576086956522 0.03284235668789809 0.10190217391304347
0 0.3700238853503185 0.043817934782608696 0.03463375796178344 0.08763586956521739
0 0.4228702229299363 0.07523777173913043 0.028861464968152867 0.11379076086956522
0 0.08379777070063694 0.44565217391304346 0.037818471337579616 0.1480978260869565
0 0.1331608280254777 0.4904891304347826 0.044984076433121016 0.058423913043478264
0 0.26512738853503187 0.17629076086956522 0.037818471337579616 0.12567934782608695
0 0.48158837579617836 0.12873641304347827 0.02289012738853503 0.1358695652173913
0 0.457703025477707 0.13213315217391305 0.0348328025477707 0.1324728260869565
0 0.45820063694267515 0.08203125 0.029856687898089172 0.11039402173913043
0 0.4716361464968153 0.28923233695652173 0.0348328025477707 0.15115489130434784
0 0.4934315286624204 0.2907608695652174 0.013136942675159236 0.13043478260869565
0 0.49044585987261147 0.24320652173913043 0.01910828025477707 0.10326086956521739
0 0.49303343949044587 0.1949728260869565 0.01393312101910828 0.08831521739130435
0 0.20889729299363058 0.20516304347826086 0.0348328025477707 0.14945652173913043
0 0.18988853503184713 0.45754076086956524 0.042993630573248405 0.12432065217391304
0 0.04110668789808917 0.7910869565217391 0.03164410828025478 0.08426630434782606
0 0.38813694267515925 0.9789402173913043 0.03503184713375796 0.042119565217391304
0 0.039410828025477705 0.9898097826086957 0.027070063694267517 0.020380434782608696
0 0.01552547770700637 0.9660326086956522 0.03105095541401274 0.06793478260869565
0 0.3791799363057325 0.8104619565217391 0.025079617834394906 0.14130434782608695
0 0.030453821656050956 0.6372282608695652 0.020302547770700636 0.08423913043478261
0 0.06329617834394904 0.5730298913043478 0.013535031847133758 0.06725543478260869
0 0.1305732484076433 0.5472146739130435 0.013535031847133758 0.05502717391304348
0 0.020302547770700636 0.681046195652174 0.01592356687898089 0.08220108695652174
0 0.25636942675159236 0.5682744565217391 0.018312101910828025 0.05638586956521739
0 0.028065286624203822 0.735733695652174 0.018710191082802547 0.07744565217391304
0 0.02089968152866242 0.8600543478260869 0.02746815286624204 0.08559782608695653
0 0.12181130573248408 0.5543546195652174 0.011150477707006366 0.04754076086956523
0 0.17993630573248406 0.548233695652174 0.010350318471337579 0.057065217391304345
0 0.04996019108280255 0.5448369565217391 0.010748407643312101 0.050271739130434784
0 0.1660031847133758 0.5499320652173914 0.012738853503184714 0.06046195652173913
0 0.0686703821656051 0.553328804347826 0.012340764331210192 0.06725543478260869
0 0.03702229299363057 0.7523777173913043 0.018312101910828025 0.06725543478260869
0 0.23089171974522293 0.5427989130434783 0.014331210191082803 0.04619565217391304
0 0.2161624203821656 0.5275135869565217 0.011146496815286623 0.015625
0 0.23686305732484075 0.5258152173913043 0.014331210191082803 0.012228260869565218
0 0.17097929936305734 0.5628396739130435 0.011544585987261146 0.078125
0 0.27567675159235666 0.5254755434782609 0.01552547770700637 0.01154891304347826
0 0.012937898089171975 0.7768342391304348 0.02587579617834395 0.078125
0 0.1976512738853503 0.5394021739130435 0.01393312101910828 0.03940217391304348
0 0.0031847133757961785 0.7832880434782609 0.006369426751592357 0.07744565217391304
0 0.1614251592356688 0.5394021739130435 0.011544585987261146 0.03940217391304348
0 0.34039410828025474 0.5880706521739131 0.01648885350318474 0.04434103260869564
0 0.3310429936305732 0.5744701086956522 0.012910031847133692 0.038892663043478264
0 0.30992436305732485 0.5610529891304348 0.015254777070063669 0.0419429347826087
0 0.26118232484076437 0.592296195652174 0.023312101910828005 0.046385869565217376
0 0.11365445859872611 0.5458559782608695 0.018710191082802547 0.052309782608695655
0 0.4760907643312102 0.5942459239130435 0.015493630573248436 0.04116168478260864
0 0.4617277070063694 0.6122282608695653 0.019832802547770766 0.05831521739130429
0 0.82703025477707 0.938858695652174 0.037818471337579616 0.12228260869565218
0 0.8071257961783439 0.8746603260869565 0.035828025477707005 0.15964673913043478
0 0.763734076433121 0.5628396739130435 0.03702229299363057 0.08627717391304347
0 0.7647292993630573 0.5356657608695652 0.03901273885350318 0.03192934782608696
0 0.5493630573248408 0.6674592391304348 0.037818471337579616 0.09171195652173914
0 0.6488853503184714 0.6572690217391305 0.029856687898089172 0.12907608695652173
0 0.6269904458598726 0.6521739130434783 0.035828025477707005 0.12567934782608695
0 0.6001194267515924 0.6385869565217391 0.035828025477707005 0.12567934782608695
0 0.6797372611464968 0.5475543478260869 0.02587579617834395 0.05570652173913043
0 0.6592356687898089 0.5451766304347826 0.03105095541401274 0.050951086956521736
0 0.6329617834394905 0.5502717391304348 0.035828025477707005 0.06114130434782609
0 0.8513136942675159 0.5577445652173914 0.03463375796178344 0.07608695652173914
0 0.5650875796178344 0.9398777173913043 0.037818471337579616 0.12024456521739131
0 0.690187101910828 0.7133152173913043 0.0348328025477707 0.14945652173913043
0 0.5871815286624203 0.7192595108695652 0.037818471337579616 0.16134510869565216
0 0.5812101910828026 0.7668138586956522 0.04378980891719745 0.16134510869565216
0 0.859375 0.6394361413043478 0.03284235668789809 0.10699728260869565
0 0.9061504777070064 0.6139605978260869 0.028861464968152867 0.11039402173913043
0 0.9394904458598726 0.6530230978260869 0.03184713375796178 0.13417119565217392
0 0.9434713375796179 0.5867866847826086 0.02786624203821656 0.07982336956521739
0 0.966859076433121 0.641983695652174 0.026871019108280256 0.11888586956521739
0 0.7538813694267515 0.6657608695652174 0.03682324840764331 0.12567934782608695
0 0.6666003184713376 0.9415760869565217 0.04578025477707006 0.11684782608695653
0 0.6174363057324841 0.9643342391304348 0.04060509554140127 0.07133152173913043
0 0.9688495222929936 0.5927309782608695 0.024880573248407645 0.11209239130434782
0 0.9946257961783439 0.7190896739130435 0.010748407643312101 0.07948369565217392
0 0.9860668789808917 0.743546195652174 0.02786624203821656 0.050951086956521736
0 0.9708399681528662 0.8211616847826086 0.030851910828025478 0.15455163043478262
0 0.9896496815286624 0.8250679347826086 0.020700636942675158 0.13926630434782608