0 0.4266627078384798 0.2040169133192389 0.05641330166270784 0.07188160676532769
0 0.39667458432304037 0.13953488372093023 0.05344418052256532 0.20084566596194503
0 0.03592636579572447 0.20560253699788583 0.05641330166270784 0.06871035940803383
0 0.05997624703087886 0.06025369978858351 0.06532066508313539 0.12050739957716702
0 0.1873515439429929 0.20824524312896406 0.06828978622327792 0.06342494714587738
0 0.9400237529691211 0.11997885835095137 0.11995249406175772 0.23995771670190275
0 0.7357482185273159 0.11997885835095137 0.0855106888361045 0.23995771670190275
0 0.8622327790973872 0.11997885835095137 0.11282660332541568 0.23995771670190275
0 0.06591448931116389 0.8874207188160677 0.06413301662707839 0.2251585623678647
0 0.11549881235154394 0.2986257928118393 0.05641330166270784 0.11733615221987315
0 0.26395486935866985 0.3049682875264271 0.04453681710213777 0.13002114164904863
0 0.23159144893111638 0.2996828752642706 0.05344418052256532 0.11945031712473574
0 0.19121140142517815 0.2891120507399577 0.05344418052256532 0.09830866807610994
0 0.18705463182897863 0.428646934460888 0.05641330166270784 0.22727272727272727
0 0.16849762470308788 0.36125792811839325 0.04899049881235154 0.1876321353065539
0 0.30581947743467935 0.7999471458773785 0.06828978622327792 0.2299154334038055
0 0.13954869358669833 0.7510570824524313 0.05641330166270784 0.26955602536997886
0 0.28117577197149646 0.9191331923890064 0.07541567695961995 0.16173361522198731
0 0.21288598574821851 0.877906976744186 0.0671021377672209 0.2441860465116279
0 0.4094418052256532 0.3250528541226216 0.05641330166270784 0.17019027484143764
0 0.32586104513064135 0.3572938689217759 0.05195961995249406 0.23255813953488372
0 0.8387767220902613 0.6358350951374208 0.32244655581947745 0.7283298097251586