0 0.15638297872340426 0.18100189035916825 0.05053191489361702 0.1275992438563327
0 0.31968085106382976 0.3341209829867675 0.06382978723404255 0.13137996219281664
0 0.13909574468085106 0.31379962192816635 0.0398936170212766 0.1720226843100189
0 0.10784574468085106 0.2601606805293006 0.043882978723404256 0.22920604914933837
0 0.10518617021276595 0.13492438563327033 0.043882978723404256 0.12996219281663515
0 0.015691489361702126 0.2329867674858223 0.03138297872340425 0.16540642722117202
0 0.04933510638297872 0.22117202268431002 0.03856382978723404 0.1843100189035917
0 0.011702127659574468 0.05151228733459357 0.023404255319148935 0.10302457466918714
0 0.036436170212765955 0.05860113421550094 0.034574468085106384 0.11720226843100189
0 0.30731382978723404 0.2329867674858223 0.03324468085106383 0.17958412098298676
0 0.3259308510638298 0.17745746691871456 0.03856382978723404 0.15831758034026466
0 0.35186170212765955 0.15382797731568998 0.031914893617021274 0.1819470699432892
0 0.37313829787234043 0.11602079395085066 0.02925531914893617 0.1724952741020794
0 0.34175531914893614 0.03969754253308128 0.028191489361702127 0.07939508506616257
0 0.30731382978723404 0.06994328922495274 0.03590425531914894 0.13705103969754254
0 0.2726063829787234 0.08081285444234404 0.03351063829787234 0.16162570888468808
0 0.33856382978723404 0.017013232514177693 0.02925531914893617 0.034026465028355386
0 0.10531914893617021 0.031190926275992438 0.03829787234042553 0.062381852551984876
0 0.13856382978723406 0.030245746691871456 0.038829787234042554 0.06049149338374291
0 0.7074468085106383 0.23251417769376181 0.575531914893617 0.33459357277882795
0 0.3428191489361702 0.7580340264650284 0.059042553191489364 0.42958412098298676
0 0.28297872340425534 0.7405482041587902 0.08643617021276596 0.3988657844990548
0 0.19175531914893618 0.7745746691871456 0.11675531914893617 0.45085066162570886
0 0.09654255319148936 0.720226843100189 0.060904255319148934 0.3270321361058601
0 0.2523936170212766 0.7121928166351607 0.03430851063829787 0.21880907372400757