0 0.08763188745603752 0.25417536534446766 0.07327080890973037 0.25156576200417535
0 0.10902696365767878 0.12526096033402923 0.06330597889800703 0.25052192066805845
0 0.02637749120750293 0.16701461377870563 0.05275498241500586 0.25052192066805845
0 0.6611957796014069 0.11325678496868476 0.18405627198124266 0.2265135699373695
0 0.2951348182883939 0.6967640918580376 0.023153575615474795 0.22599164926931106
0 0.751905041031653 0.6148225469728601 0.05422039859320047 0.24008350730688935
0 0.7812133645955451 0.7439979123173278 0.0600820633059789 0.26356993736951984
0 0.335873388042204 0.894572025052192 0.032825322391559206 0.21085594989561587
0 0.4586752637749121 0.45041753653444677 0.06037514654161782 0.1409185803757829
0 0.4220398593200469 0.4373695198329854 0.04572098475967175 0.11482254697286012
0 0.4097303634232122 0.7544363256784968 0.05568581477139507 0.25835073068893527
0 0.9882766705744431 0.6210855949895616 0.023446658851113716 0.25260960334029225
0 0.929073856975381 0.453027139874739 0.04572098475967175 0.14613778705636743
0 0.9642438452520515 0.4462421711899791 0.04220398593200469 0.1325678496868476
0 0.9882766705744431 0.41492693110647183 0.023446658851113716 0.06993736951983298
0 0.6998827667057445 0.9702505219206681 0.08206330597889801 0.059498956158663886
0 0.46893317702227433 0.930062630480167 0.07502930832356389 0.13987473903966596
0 0.6321805392731535 0.4201461377870564 0.049824150058616644 0.08037578288100208
0 0.5753223915592028 0.9650313152400835 0.07913247362250879 0.06993736951983298
0 0.5760550996483002 0.8614300626304802 0.07180539273153576 0.2531315240083507