0 0.0068783068783068784 0.4463276836158192 0.013756613756613757 0.2071563088512241
0 0.3986772486772487 0.3039077212806026 0.05026455026455026 0.20951035781544255
0 0.37222222222222223 0.19444444444444445 0.047619047619047616 0.22128060263653485
0 0.07777777777777778 0.04990583804143126 0.04338624338624339 0.09981167608286252
0 0.02619047619047619 0.0748587570621469 0.046031746031746035 0.1497175141242938
0 0.03492063492063492 0.3568738229755179 0.03968253968253968 0.21657250470809794
0 0.17354497354497356 0.038135593220338986 0.042328042328042326 0.07627118644067797
0 0.1328042328042328 0.035781544256120526 0.037037037037037035 0.07156308851224105
0 0.09775132275132276 0.2756591337099812 0.056878306878306875 0.2236346516007533
0 0.18174603174603174 0.2215160075329567 0.05555555555555555 0.21421845574387946
0 0.24722222222222223 0.15207156308851225 0.04894179894179894 0.23540489642184556
0 0.05476190476190476 0.3874764595103578 0.05291005291005291 0.2448210922787194
0 0.5505291005291005 0.3601694915254237 0.08915343915343915 0.3775894538606403
0 0.9328042328042329 0.3714689265536723 0.08571428571428572 0.3540489642184557
0 0.8738095238095238 0.3837099811676083 0.058994708994708996 0.3319209039548023
0 0.5775132275132275 0.3983050847457627 0.07063492063492063 0.3027306967984934
0 0.8431216931216932 0.4303201506591337 0.07989417989417989 0.2387005649717514
0 0.7698412698412699 0.4194915254237288 0.08835978835978836 0.2584745762711864
0 0.6457671957671958 0.4270244821092279 0.091005291005291 0.2434086629001883
0 0.707936507936508 0.4114877589453861 0.09603174603174604 0.24717514124293785
0 0.6272486772486773 0.2740112994350282 0.05052910052910053 0.14218455743879474
0 0.7436507936507937 0.2815442561205273 0.06825396825396825 0.1384180790960452
0 0.6841269841269841 0.275894538606403 0.06825396825396825 0.1605461393596987
0 0.8126984126984127 0.2900188323917137 0.07328042328042328 0.1699623352165725
0 0.482010582010582 0.4477401129943503 0.02433862433862434 0.20386064030131826
0 0.19735449735449737 0.9430320150659134 0.06613756613756613 0.11346516007532957
0 0.2724867724867725 0.9326741996233522 0.025661375661375663 0.13465160075329566
0 0.2923280423280423 0.9552730696798494 0.01746031746031746 0.08945386064030132
0 0.353968253968254 0.934557438794727 0.04312169312169312 0.13041431261770245
0 0.42804232804232806 0.934557438794727 0.06111111111111111 0.13041431261770245
0 0.46005291005291005 0.9209039548022598 0.019576719576719578 0.15819209039548024
0 0.32063492063492066 0.9058380414312618 0.025925925925925925 0.09133709981167608
0 0.2965608465608466 0.8912429378531074 0.02142857142857143 0.04943502824858757