0 0.12674825174825174 0.38148340248962653 0.05536130536130536 0.2308091286307054
0 0.09761072261072261 0.26089211618257263 0.05244755244755245 0.2437759336099585
0 0.23805361305361306 0.05653526970954357 0.04836829836829837 0.11307053941908714
0 0.3094405594405594 0.8900414937759336 0.02097902097902098 0.21991701244813278
0 0.01252913752913753 0.6721991701244814 0.02505827505827506 0.25103734439834025
0 0.013986013986013986 0.5529045643153527 0.027972027972027972 0.10580912863070539
0 0.10693473193473194 0.6776452282157677 0.046620046620046623 0.18931535269709543
0 0.06177156177156177 0.6633817427385892 0.04079254079254079 0.2074688796680498
0 0.15268065268065267 0.5243775933609959 0.047785547785547784 0.0487551867219917
0 0.1148018648018648 0.5181535269709544 0.045454545454545456 0.03630705394190872
0 0.08275058275058275 0.5259336099585062 0.04195804195804196 0.05186721991701245
0 0.20221445221445222 0.8822614107883817 0.05710955710955711 0.2354771784232365
0 0.12296037296037296 0.8858921161825726 0.0641025641025641 0.22821576763485477
0 0.027972027972027972 0.9144190871369294 0.055944055944055944 0.17116182572614108
0 0.4621212121212121 0.870850622406639 0.053613053613053616 0.258298755186722
0 0.6555303030303029 0.8360684647302905 0.034184149184149235 0.15127593360995842
0 0.6942249417249418 0.8228112033195021 0.01960372960372966 0.12937759336099589
0 0.7136538461538462 0.7997614107883818 0.013123543123543113 0.05100622406639012
0 0.9586013986013986 0.809564315352697 0.02245337995338007 0.12130705394190877
0 0.9832051282051283 0.8141701244813279 0.027628205128205043 0.12592323651452292