0 0.3620967741935484 0.11639579349904397 0.051075268817204304 0.2127151051625239
0 0.3349462365591398 0.058795411089866155 0.04838709677419355 0.11759082217973231
0 0.006182795698924731 0.1701720841300191 0.012365591397849462 0.2198852772466539
0 0.221505376344086 0.06596558317399617 0.05268817204301075 0.13193116634799235
0 0.14838709677419354 0.05019120458891013 0.05913978494623656 0.10038240917782026
0 0.057526881720430106 0.0788718929254302 0.05806451612903226 0.1577437858508604
0 0.5196236559139785 0.3231357552581262 0.07473118279569893 0.2084130019120459
0 0.8529569892473118 0.30736137667304014 0.06075268817204301 0.2112810707456979
0 0.49650537634408604 0.19933078393881454 0.0532258064516129 0.12715105162523901
0 0.7005376344086022 0.2729445506692161 0.054838709677419356 0.20172084130019122
0 0.978763440860215 0.3451242829827916 0.04247311827956989 0.2084130019120459
0 0.6376344086021506 0.3121414913957935 0.07096774193548387 0.18451242829827916
0 0.9295698924731183 0.26147227533460804 0.05806451612903226 0.2323135755258126
0 0.739516129032258 0.3231357552581262 0.04139784946236559 0.20267686424474188
0 0.7817204301075269 0.3436902485659656 0.06129032258064516 0.1921606118546845
0 0.5284946236559139 0.14244741873804972 0.043010752688172046 0.12237093690248566
0 0.9881720430107527 0.13001912045889102 0.023655913978494623 0.1586998087954111
0 0.613978494623656 0.1878585086042065 0.05591397849462366 0.14818355640535372
0 0.5846774193548387 0.3245697896749522 0.0521505376344086 0.21892925430210325
0 0.9715053763440861 0.2820267686424474 0.05698924731182796 0.2045889101338432
0 0.8905913978494624 0.2595602294455067 0.06075268817204301 0.1959847036328872
0 0.746505376344086 0.22323135755258125 0.0532258064516129 0.13288718929254303
0 0.8075268817204301 0.29875717017208414 0.047311827956989246 0.2074569789674952
0 0.7836021505376344 0.14340344168260039 0.051075268817204304 0.124282982791587
0 0.7900537634408602 0.21032504780114722 0.043548387096774194 0.13766730401529637
0 0.667741935483871 0.23565965583173995 0.043010752688172046 0.19024856596558318
0 0.5672043010752689 0.1826003824091778 0.04086021505376344 0.0994263862332696
0 0.546505376344086 0.26673040152963673 0.051075268817204304 0.17782026768642448
0 0.571505376344086 0.11759082217973231 0.04946236559139785 0.12237093690248566
0 0.8373655913978495 0.19455066921606118 0.03924731182795699 0.09847036328871893
0 0.6596774193548387 0.12045889101338432 0.043010752688172046 0.13766730401529637
0 0.7365591397849462 0.15105162523900573 0.03870967741935484 0.08221797323135756
0 0.6978494623655914 0.1601338432122371 0.04086021505376344 0.09273422562141491
0 0.6115591397849462 0.09369024856596558 0.0456989247311828 0.12619502868068833
0 0.9905913978494624 0.05449330783938815 0.01881720430107527 0.09369024856596558
0 0.639247311827957 0.0745697896749522 0.04086021505376344 0.1491395793499044
0 0.7067204301075268 0.07982791586998088 0.043548387096774194 0.14053537284894838
0 0.5956989247311828 0.04063097514340344 0.04516129032258064 0.08126195028680688
0 0.7798387096774193 0.0621414913957935 0.037096774193548385 0.11663479923518165
0 0.8919354838709678 0.04063097514340344 0.04408602150537634 0.08126195028680688
0 0.8303763440860215 0.07934990439770555 0.04247311827956989 0.14531548757170173
0 0.7155913978494624 0.03489483747609943 0.041935483870967745 0.06978967495219886
0 0.8932795698924731 0.12237093690248566 0.0489247311827957 0.11089866156787763
0 0.5669354838709677 0.0497131931166348 0.0478494623655914 0.0994263862332696
0 0.807258064516129 0.12332695984703633 0.037096774193548385 0.14531548757170173
0 0.8709677419354839 0.0855640535372849 0.035483870967741936 0.09273422562141491
0 0.739516129032258 0.10850860420650095 0.05 0.11950286806883365
0 0.8145161290322581 0.02820267686424474 0.03978494623655914 0.05640535372848948
0 0.6696236559139785 0.06548757170172084 0.04139784946236559 0.13097514340344169
0 0.9279569892473118 0.04063097514340344 0.034408602150537634 0.08126195028680688
0 0.9551075268817204 0.2055449330783939 0.044623655913978495 0.2198852772466539
0 0.9655913978494624 0.03824091778202677 0.046236559139784944 0.07648183556405354
0 0.9478494623655914 0.09464627151051626 0.06129032258064516 0.11854684512428298
0 0.8483870967741935 0.1410133843212237 0.04408602150537634 0.10803059273422562
0 0.6849462365591398 0.02198852772466539 0.03870967741935484 0.04397705544933078
0 0.7255376344086022 0.026290630975143402 0.044623655913978495 0.052581261950286805
0 0.9086021505376344 0.16682600382409177 0.04086021505376344 0.09847036328871893
0 0.9075268817204301 0.05783938814531549 0.043010752688172046 0.10038240917782026
0 0.7682795698924731 0.03107074569789675 0.03978494623655914 0.0621414913957935
0 0.8561827956989247 0.021032504780114723 0.037096774193548385 0.04206500956022945
0 0.24086021505376345 0.9579349904397706 0.05806451612903226 0.0841300191204589
0 0.285752688172043 0.49378585086042065 0.051075268817204304 0.08891013384321224
0 0.3349462365591398 0.5592734225621415 0.04408602150537634 0.2198852772466539
0 0.33763440860215055 0.47084130019120457 0.04408602150537634 0.043021032504780114
0 0.28266129032258064 0.6218929254302104 0.04704301075268817 0.1959847036328872
0 0.2911290322580645 0.9101338432122371 0.04032258064516129 0.17973231357552583
0 0.08225806451612903 0.4722753346080306 0.03333333333333333 0.045889101338432124
0 0.11317204301075269 0.5152963671128107 0.03602150537634408 0.13193116634799235
0 0.14086021505376345 0.5669216061185468 0.04032258064516129 0.18164435946462715
0 0.43252688172043013 0.5585564053537285 0.043010752688172046 0.17447418738049714
0 0.39086021505376345 0.5454110898661568 0.03763440860215054 0.19120458891013384
0 0.35524193548387095 0.847753346080306 0.05779569892473118 0.22705544933078395
0 0.4405913978494624 0.7927820267686424 0.056451612903225805 0.21749521988527726
0 0.050806451612903224 0.5344168260038241 0.0456989247311828 0.1701720841300191
0 0.017204301075268817 0.5353728489483748 0.034408602150537634 0.17208413001912046
0 0.148252688172043 0.7461759082217974 0.05241935483870968 0.22466539196940727
0 0.31129032258064515 0.9182600382409177 0.053763440860215055 0.16347992351816443
0 0.6193548387096774 0.7552581261950286 0.19811827956989247 0.4894837476099426
0 0.931989247311828 0.6892925430210325 0.10940860215053763 0.3604206500956023