0 0.42905759162303664 0.4655493482309125 0.05602094240837696 0.16759776536312848
0 0.022513089005235604 0.3431098696461825 0.04502617801047121 0.20763500931098697
0 0.04633507853403141 0.2351024208566108 0.04712041884816754 0.21880819366852886
0 0.33743455497382197 0.07076350093109869 0.043455497382198956 0.14152700186219738
0 0.3886125654450262 0.09543761638733705 0.04581151832460733 0.1908752327746741
0 0.38010471204188484 0.3957169459962756 0.03926701570680628 0.21415270018621974
0 0.2424083769633508 0.059124767225325885 0.041884816753926704 0.11824953445065177
0 0.2832460732984293 0.056797020484171325 0.03664921465968586 0.11359404096834265
0 0.1569371727748691 0.2351024208566108 0.051047120418848166 0.2467411545623836
0 0.22827225130890053 0.22346368715083798 0.05759162303664921 0.20949720670391062
0 0.31662303664921465 0.2770018621973929 0.056282722513089 0.21415270018621974
0 0.293979057591623 0.7807262569832403 0.35130890052356023 0.43854748603351956
0 0.6267015706806283 0.7956238361266295 0.31413612565445026 0.40875232774674114
0 0.7494764397905759 0.7681564245810056 0.1301047120418848 0.09916201117318436