0 0.3231638418079096 0.3868209255533199 0.05084745762711865 0.14587525150905434
0 0.261864406779661 0.01710261569416499 0.05254237288135593 0.03420523138832998
0 0.016101694915254237 0.20925553319919518 0.03220338983050847 0.24346076458752516
0 0.01751412429378531 0.07595573440643863 0.03502824858757062 0.13782696177062373
0 0.1115819209039548 0.21453722334004025 0.04519774011299435 0.1836016096579477
0 0.06779661016949153 0.2007042253521127 0.03954802259887006 0.2012072434607646
0 0.15593220338983052 0.04476861167002012 0.04632768361581921 0.08953722334004025
0 0.1192090395480226 0.03873239436619718 0.04406779661016949 0.07746478873239436
0 0.08813559322033898 0.04627766599597585 0.04067796610169491 0.0925553319919517
0 0.03446327683615819 0.029678068410462777 0.04406779661016949 0.059356136820925554
0 0.20395480225988702 0.37927565392354123 0.05536723163841808 0.16096579476861167
0 0.1271186440677966 0.3827967806841046 0.062146892655367235 0.15392354124748492
0 0.031638418079096044 0.4104627766599598 0.061016949152542375 0.09859154929577464
0 0.3714689265536723 0.07494969818913481 0.0480225988700565 0.14989939637826963
0 0.5206214689265537 0.15543259557344064 0.01864406779661017 0.176056338028169
0 0.4894067796610169 0.2547786720321932 0.04943502824858757 0.1836016096579477
0 0.7734463276836158 0.1675050301810865 0.2093220338983051 0.22686116700201206
0 0.4367231638418079 0.6413480885311871 0.10790960451977401 0.3485915492957746
0 0.3107344632768362 0.6775653923541247 0.11440677966101695 0.29225352112676056
0 0.18559322033898304 0.7007042253521126 0.3059322033898305 0.2112676056338028