0 0.3175 0.266304347826087 0.059444444444444446 0.14723320158102768
0 0.26555555555555554 0.2075098814229249 0.041666666666666664 0.22727272727272727
0 0.41333333333333333 0.06669960474308301 0.05444444444444444 0.13339920948616601
0 0.02861111111111111 0.08399209486166008 0.05388888888888889 0.16798418972332016
0 0.10444444444444445 0.06768774703557312 0.06111111111111111 0.13537549407114624
0 0.19805555555555557 0.09733201581027667 0.059444444444444446 0.19466403162055335
0 0.6116666666666667 0.22875494071146246 0.14333333333333334 0.22035573122529645
0 0.8052777777777778 0.2149209486166008 0.2713888888888889 0.2317193675889328
0 0.9113888888888889 0.19861660079051383 0.17722222222222223 0.16205533596837945
0 0.34 0.6343873517786561 0.06305555555555556 0.24555335968379446
0 0.6344444444444445 0.5370553359683794 0.05277777777777778 0.13339920948616601
0 0.58375 0.6198122529644269 0.04583333333333333 0.23962450592885376
0 0.5809722222222222 0.48888339920948615 0.04583333333333333 0.1358695652173913
0 0.7920833333333334 0.4209486166007905 0.0375 0.1432806324110672
0 0.6379166666666667 0.6902173913043478 0.04861111111111111 0.2025691699604743
0 0.6286111111111111 0.9476284584980237 0.041666666666666664 0.10474308300395258
0 0.8448611111111111 0.47282608695652173 0.034722222222222224 0.17292490118577075
0 0.8129166666666666 0.5592885375494071 0.0375 0.17786561264822134
0 0.7844444444444445 0.633399209486166 0.041666666666666664 0.18774703557312253
0 0.7627777777777778 0.41847826086956524 0.03777777777777778 0.15711462450592886
0 0.8208333333333333 0.3606719367588933 0.030555555555555555 0.041501976284584984
0 0.7768055555555555 0.8186758893280632 0.05416666666666667 0.23221343873517786
0 0.7566666666666667 0.3567193675889328 0.03333333333333333 0.03359683794466403
0 0.6069444444444444 0.3977272727272727 0.041666666666666664 0.11561264822134387
0 0.5602777777777778 0.4061264822134387 0.04055555555555555 0.1324110671936759
0 0.5655555555555556 0.8824110671936759 0.051111111111111114 0.22727272727272727
0 0.9059722222222222 0.6358695652173914 0.04861111111111111 0.1976284584980237
0 0.8913888888888889 0.5592885375494071 0.05 0.17292490118577075