0 0.3687070938215103 0.464867617107943 0.06121281464530892 0.20875763747454176
0 0.26859267734553777 0.048879837067209775 0.04748283752860412 0.09775967413441955
0 0.324370709382151 0.07586558044806517 0.05034324942791762 0.15173116089613034
0 0.31521739130434784 0.3757637474541752 0.04290617848970252 0.23421588594704684
0 0.47168192219679633 0.04276985743380855 0.036041189931350116 0.0855397148676171
0 0.16475972540045766 0.03615071283095723 0.04576659038901602 0.07230142566191446
0 0.20938215102974828 0.03360488798370672 0.04004576659038902 0.06720977596741344
0 0.24728260869565216 0.28793279022403256 0.06149885583524028 0.24185336048879838
0 0.15646453089244852 0.22937881873727087 0.060068649885583525 0.23167006109979632
0 0.08566933638443935 0.15427698574338086 0.052917620137299774 0.2545824847250509
0 0.4645308924485126 0.17973523421588594 0.05034324942791762 0.23930753564154786
0 0.29376430205949655 0.4088594704684318 0.057208237986270026 0.26476578411405294
0 0.5060068649885584 0.09215885947046844 0.03032036613272311 0.1675152749490835
0 0.504862700228833 0.031568228105906315 0.03032036613272311 0.06313645621181263
0 0.562070938215103 0.05091649694501019 0.039473684210526314 0.10183299389002037
0 0.5869565217391305 0.06924643584521385 0.02145308924485126 0.08197556008146639
0 0.7182494279176201 0.9516293279022403 0.052917620137299774 0.07942973523421588