0 0.37826603325415675 0.6305496828752643 0.022565320665083134 0.17864693446088795
0 0.34887173396674587 0.06183932346723044 0.05641330166270784 0.12367864693446089
0 0.29498218527315917 0.14085623678646936 0.04899049881235154 0.25634249471458775
0 0.2918646080760095 0.03646934460887949 0.04928741092636579 0.07293868921775898
0 0.35288004750593827 0.21617336152219874 0.05195961995249406 0.2167019027484144
0 0.34323040380047504 0.5570824524312896 0.04453681710213777 0.24312896405919662
0 0.28741092636579574 0.5972515856236786 0.06413301662707839 0.2452431289640592
0 0.26677553444180524 0.502906976744186 0.057897862232779096 0.2616279069767442
0 0.1777019002375297 0.4355179704016913 0.06086698337292162 0.24841437632135308
0 0.11386579572446556 0.26374207188160675 0.057897862232779096 0.2536997885835095
0 0.009798099762470308 0.06183932346723044 0.019596199524940617 0.12367864693446089
0 0.1873515439429929 0.14614164904862578 0.047505938242280284 0.19291754756871035
0 0.2333729216152019 0.13160676532769555 0.04156769596199525 0.21141649048625794
0 0.8904394299287411 0.4048625792811839 0.21912114014251782 0.6300211416490487
0 0.4328978622327791 0.4334038054968288 0.08669833729216152 0.572938689217759
0 0.7283254156769596 0.41120507399577166 0.17755344418052257 0.6173361522198731
0 0.5457244655581948 0.35993657505285415 0.24584323040380046 0.7198731501057083