0 0.18836805555555555 0.4835390946502058 0.05497685185185185 0.13168724279835392
0 0.21730324074074073 0.4130658436213992 0.052083333333333336 0.2417695473251029
0 0.5222800925925926 0.18518518518518517 0.014467592592592593 0.24897119341563786
0 0.5208333333333334 0.059670781893004114 0.017361111111111112 0.11934156378600823
0 0.24681712962962962 0.08436213991769548 0.048032407407407406 0.16872427983539096
0 0.43431712962962965 0.19058641975308643 0.046296296296296294 0.18775720164609053
0 0.4791666666666667 0.17644032921810698 0.04050925925925926 0.205761316872428
0 0.38859953703703703 0.03137860082304527 0.048032407407407406 0.06275720164609054
0 0.4262152777777778 0.025205761316872428 0.04456018518518518 0.050411522633744855
0 0.45804398148148145 0.03292181069958848 0.04224537037037037 0.06584362139917696
0 0.5078125 0.4645061728395062 0.043402777777777776 0.1697530864197531
0 0.42563657407407407 0.43724279835390945 0.06076388888888889 0.2242798353909465
0 0.35402199074074076 0.36676954732510286 0.053530092592592594 0.257201646090535
0 0.021701388888888888 0.09259259259259259 0.043402777777777776 0.1728395061728395
0 0.07769097222222222 0.17772633744855967 0.04774305555555555 0.17746913580246915
0 0.2818287037037037 0.9429012345679012 0.0763888888888889 0.11419753086419752
0 0.20081018518518517 0.9331275720164609 0.0798611111111111 0.1337448559670782
0 0.36140046296296297 0.9002057613168725 0.04137731481481482 0.08539094650205761