0 0.08264462809917356 0.4369747899159664 0.053128689492325853 0.14495798319327732
0 0.14698937426210154 0.03623949579831933 0.05430932703659976 0.07247899159663866
0 0.4651711924439197 0.16754201680672268 0.05608028335301062 0.14180672268907563
0 0.41130460448642264 0.2555147058823529 0.048701298701298704 0.2547268907563025
0 0.4083530106257379 0.11633403361344538 0.048701298701298704 0.14443277310924368
0 0.46886068476977566 0.33035714285714285 0.05165289256198347 0.21533613445378152
0 0.30430932703659974 0.2607668067226891 0.047225501770956316 0.19170168067226892
0 0.3500590318772137 0.24632352941176472 0.04132231404958678 0.21008403361344538
0 0.2960448642266824 0.058823529411764705 0.045454545454545456 0.11764705882352941
0 0.3285123966942149 0.0667016806722689 0.04309327036599764 0.1334033613445378
0 0.43536009445100354 0.04044117647058824 0.04427390791027155 0.08088235294117647
0 0.3845926800472255 0.04936974789915966 0.045454545454545456 0.09873949579831932
0 0.2074970484061393 0.42909663865546216 0.05726092089728453 0.16071428571428573
0 0.03276269185360094 0.09663865546218488 0.050177095631641085 0.19327731092436976
0 0.5935655253837072 0.11896008403361344 0.03541912632821724 0.18119747899159663
0 0.6213105076741441 0.1055672268907563 0.017119244391971666 0.16071428571428573
0 0.6242621015348289 0.23792016806722688 0.011216056670602124 0.17331932773109243
0 0.6124557260920898 0.37710084033613445 0.03482880755608028 0.17857142857142858
0 0.6056670602125147 0.4632352941176471 0.048406139315230225 0.09243697478991597
0 0.24011216056670603 0.10845588235294118 0.03984651711924439 0.18644957983193278
0 0.23110979929161748 0.03623949579831933 0.03955135773317592 0.07247899159663866
0 0.2762691853600944 0.41964285714285715 0.053128689492325853 0.1796218487394958
0 0.390495867768595 0.4432773109243697 0.051357733175914994 0.1323529411764706
0 0.16233766233766234 0.8713235294117647 0.2190082644628099 0.25735294117647056
0 0.45159386068476975 0.904936974789916 0.3565525383707202 0.19012605042016806