0 0.3652472527472527 0.310546875 0.059065934065934064 0.224609375
0 0.31373626373626373 0.212890625 0.04120879120879121 0.224609375
0 0.26222527472527474 0.272705078125 0.059065934065934064 0.27099609375
0 0.2429945054945055 0.162841796875 0.05357142857142857 0.24169921875
0 0.16043956043956045 0.107421875 0.056043956043956046 0.21484375
0 0.10137362637362637 0.029296875 0.053296703296703295 0.05859375
0 0.4736263736263736 0.0576171875 0.04835164835164835 0.115234375
0 0.42115384615384616 0.72998046875 0.4774725274725275 0.5400390625
0 0.6711538461538461 0.59033203125 0.022527472527472527 0.2294921875
0 0.9936813186813187 0.7587890625 0.012637362637362638 0.224609375
0 0.9429945054945055 0.674560546875 0.059065934065934064 0.23193359375
0 0.8557692307692307 0.618408203125 0.057692307692307696 0.22216796875
0 0.7876373626373626 0.56396484375 0.0510989010989011 0.2080078125
0 0.9799450549450549 0.7900390625 0.04010989010989011 0.25390625