0 0.5372960372960373 0.3869294605809129 0.05244755244755245 0.16597510373443983
0 0.16025641025641027 0.10943983402489627 0.05536130536130536 0.1400414937759336
0 0.21343240093240093 0.1963174273858921 0.04807692307692308 0.25155601659751037
0 0.2162004662004662 0.06483402489626557 0.047785547785547784 0.12966804979253113
0 0.1566142191142191 0.27022821576763484 0.05099067599067599 0.21265560165975103
0 0.012237762237762238 0.21058091286307054 0.024475524475524476 0.1970954356846473
0 0.31905594405594406 0.20150414937759337 0.046620046620046623 0.18931535269709543
0 0.2738927738927739 0.18724066390041494 0.04079254079254079 0.2074688796680498
0 0.36480186480186483 0.03630705394190872 0.047785547785547784 0.07261410788381743
0 0.3269230769230769 0.03008298755186722 0.045454545454545456 0.06016597510373444
0 0.2948717948717949 0.037863070539419084 0.04195804195804196 0.07572614107883817
0 0.025349650349650348 0.03371369294605809 0.03904428904428905 0.06742738589211618
0 0.019522144522144524 0.37655601659751037 0.03904428904428905 0.18672199170124482
0 0.2395104895104895 0.02074688796680498 0.045454545454545456 0.04149377593360996
0 0.4143356643356643 0.379149377593361 0.05710955710955711 0.18153526970954356
0 0.3350815850815851 0.38278008298755184 0.0641025641025641 0.17427385892116182
0 0.2365967365967366 0.4113070539419087 0.06293706293706294 0.11721991701244813
0 0.585955710955711 0.06742738589211618 0.0472027972027972 0.13485477178423236
0 0.7196969696969697 0.36099585062240663 0.2202797202797203 0.21784232365145229
0 0.40588578088578087 0.8246887966804979 0.08187645687645688 0.2774896265560166
0 0.9796037296037297 0.8801867219917012 0.04079254079254079 0.23132780082987553
0 0.9577505827505828 0.7598547717842323 0.05244755244755245 0.2437759336099585
0 0.6334498834498834 0.5627593360995851 0.047785547785547784 0.18568464730290457
0 0.7389277389277389 0.549792531120332 0.046620046620046623 0.15975103734439833
0 0.6940559440559441 0.5471991701244814 0.04079254079254079 0.1545643153526971
0 0.8346445221445221 0.7598547717842323 0.056818181818181816 0.274896265560166
0 0.7552447552447552 0.7468879668049793 0.0641025641025641 0.23340248962655602
0 0.6569055944055944 0.8065352697095436 0.06264568764568765 0.23858921161825727