0 0.07611111111111112 0.38290513833992096 0.05 0.0741106719367589
0 0.13666666666666666 0.03557312252964427 0.051111111111111114 0.07114624505928854
0 0.15069444444444444 0.15810276679841898 0.05138888888888889 0.18280632411067194
0 0.22361111111111112 0.287796442687747 0.06111111111111111 0.22974308300395258
0 0.3811111111111111 0.24308300395256918 0.03777777777777778 0.2391304347826087
0 0.37972222222222224 0.11215415019762846 0.04055555555555555 0.13537549407114624
0 0.2847222222222222 0.2149209486166008 0.041666666666666664 0.17292490118577075
0 0.32430555555555557 0.2025691699604743 0.04027777777777778 0.19268774703557312
0 0.24222222222222223 0.044466403162055336 0.04 0.08893280632411067
0 0.28055555555555556 0.039525691699604744 0.03333333333333333 0.07905138339920949
0 0.31083333333333335 0.04693675889328063 0.03611111111111111 0.09387351778656126
0 0.3813888888888889 0.018280632411067192 0.03722222222222222 0.036561264822134384
0 0.5097222222222222 0.21541501976284586 0.0975 0.191699604743083
0 0.18583333333333332 0.7549407114624506 0.11194444444444444 0.3473320158102767
0 0.5441666666666667 0.7070158102766798 0.08333333333333333 0.23221343873517786