0 0.25027027027027027 0.18221153846153845 0.051351351351351354 0.12980769230769232
0 0.08378378378378379 0.3605769230769231 0.06486486486486487 0.17884615384615385
0 0.2678378378378378 0.3300480769230769 0.04054054054054054 0.19951923076923078
0 0.2995945945945946 0.2627403846153846 0.0445945945945946 0.23317307692307693
0 0.3022972972972973 0.13533653846153845 0.0445945945945946 0.13221153846153846
0 0.39756756756756756 0.23509615384615384 0.04054054054054054 0.16826923076923078
0 0.35905405405405405 0.2230769230769231 0.03918918918918919 0.1875
0 0.4016216216216216 0.05144230769230769 0.032432432432432434 0.10288461538461538
0 0.3716216216216216 0.058653846153846154 0.03513513513513514 0.11730769230769231
0 0.09689189189189189 0.23509615384615384 0.033783783783783786 0.18269230769230768
0 0.07797297297297297 0.17860576923076923 0.03918918918918919 0.16105769230769232
0 0.05162162162162162 0.1545673076923077 0.032432432432432434 0.18509615384615385
0 0.03 0.11610576923076923 0.02972972972972973 0.17548076923076922
0 0.061621621621621624 0.03942307692307692 0.02810810810810811 0.07884615384615384
0 0.09675675675675675 0.06923076923076923 0.036756756756756756 0.13846153846153847
0 0.1318918918918919 0.08125 0.03351351351351351 0.1625
0 0.06513513513513514 0.016346153846153847 0.02972972972972973 0.032692307692307694
0 0.3021621621621622 0.03076923076923077 0.03891891891891892 0.06153846153846154
0 0.26837837837837836 0.02980769230769231 0.03945945945945946 0.05961538461538462
0 0.8145945945945946 0.7466346153846154 0.35783783783783785 0.5067307692307692