0 0.18844497607655497 0.35224576271186436 0.012001594896331702 0.04159957627118642
0 0.2169218500797448 0.3650317796610169 0.018022328548644266 0.06128177966101697
0 0.9844497607655502 0.8463983050847458 0.03110047846889952 0.3072033898305085
0 0.9334130781499203 0.8601694915254238 0.08054226475279107 0.2796610169491525
0 0.766347687400319 0.8569915254237288 0.10047846889952153 0.2860169491525424
0 0.8560606060606061 0.8569915254237288 0.08692185007974482 0.2860169491525424
0 0.594896331738437 0.8659957627118644 0.09090909090909091 0.2680084745762712
0 0.6790271132376395 0.861228813559322 0.08851674641148326 0.2775423728813559
0 0.988835725677831 0.6975635593220338 0.022328548644338118 0.15572033898305085
0 0.8712121212121212 0.7092161016949152 0.09170653907496013 0.17902542372881355
0 0.620414673046252 0.7134533898305084 0.10845295055821372 0.1875
0 0.7814992025518341 0.7145127118644068 0.09409888357256778 0.1896186440677966
0 0.9501594896331739 0.7108050847457628 0.07416267942583732 0.16101694915254236
0 0.6993620414673046 0.7166313559322034 0.07655502392344497 0.19385593220338984