0 0.019340159271899887 0.07844129554655871 0.038680318543799774 0.15688259109311742
0 0.18088737201365188 0.023785425101214574 0.04550625711035267 0.04757085020242915
0 0.16311149032992037 0.09868421052631579 0.05546075085324232 0.1720647773279352
0 0.14647326507394767 0.21305668016194332 0.04835039817974972 0.152834008097166
0 0.2906712172923777 0.07186234817813765 0.01820250284414107 0.1437246963562753
0 0.8378839590443686 0.1867408906882591 0.3242320819112628 0.2054655870445344
0 0.2098976109215017 0.7024291497975709 0.042377701934015924 0.2616396761133603
0 0.5236063708759955 0.9043522267206477 0.0540386803185438 0.19129554655870445
0 0.5520477815699659 0.8041497975708503 0.051194539249146756 0.23785425101214575
0 0.6137656427758816 0.3466599190283401 0.05233219567690557 0.11437246963562753
0 0.6126279863481229 0.3061740890688259 0.055745164960182024 0.03340080971659919
0 0.9203640500568828 0.49544534412955465 0.0540386803185438 0.13663967611336034
0 0.8684584755403868 0.5802125506072875 0.04692832764505119 0.24544534412955465
0 0.8656143344709898 0.44610323886639675 0.04692832764505119 0.13917004048582995
0 0.8657565415244596 0.32894736842105265 0.040955631399317405 0.07894736842105263
0 0.9239192263936291 0.6523279352226721 0.04977246871444824 0.2074898785425101
0 0.914391353811149 0.9311740890688259 0.042662116040955635 0.13765182186234817
0 0.765358361774744 0.5852732793522267 0.04550625711035267 0.1847165991902834
0 0.8094425483503982 0.5713562753036437 0.03981797497155859 0.20242914979757085
0 0.7204209328782708 0.37449392712550605 0.047212741751990896 0.1700404858299595
0 0.754835039817975 0.3001012145748988 0.038680318543799774 0.02125506072874494
0 0.7573947667804323 0.3684210526315789 0.04379977246871445 0.15789473684210525
0 0.7886803185437997 0.37601214574898784 0.04152445961319681 0.17307692307692307
0 0.4803754266211604 0.33299595141700405 0.032423208191126277 0.08704453441295547
0 0.45620022753128553 0.32388663967611336 0.03299203640500569 0.06882591093117409
0 0.34584755403868034 0.3567813765182186 0.03981797497155859 0.1346153846153846
0 0.8469852104664392 0.8856275303643725 0.06143344709897611 0.22874493927125505
0 0.7568259385665529 0.833248987854251 0.059726962457337884 0.23026315789473684
0 0.6864334470989761 0.7586032388663968 0.05261660978384528 0.25303643724696356
0 0.35793515358361777 0.4891194331983806 0.04692832764505119 0.1695344129554656
0 0.4148179749715586 0.5726214574898786 0.04692832764505119 0.17459514170040485
0 0.4064277588168373 0.32894736842105265 0.032423208191126277 0.07894736842105263
0 0.8930602957906713 0.9397773279352226 0.05688282138794084 0.12044534412955465
0 0.7093287827076223 0.33046558704453444 0.038680318543799774 0.08198380566801619
0 0.31370875995449377 0.4888663967611336 0.027872582480091012 0.1700404858299595
0 0.3094425483503982 0.5748987854251012 0.019340159271899887 0.21052631578947367
0 0.5356939704209329 0.4486336032388664 0.04124004550625711 0.1847165991902834
0 0.8922070534698521 0.3507085020242915 0.042662116040955635 0.12246963562753037