0 0.2713483146067416 0.5255 0.05056179775280899 0.149
0 0.21053370786516853 0.1035 0.05196629213483146 0.14
0 0.21179775280898877 0.0465 0.0550561797752809 0.093
0 0.06095505617977528 0.35225 0.0449438202247191 0.1825
0 0.01853932584269663 0.338 0.03707865168539326 0.2
0 0.07134831460674157 0.0405 0.038202247191011236 0.081
0 0.06867977528089887 0.12725 0.04353932584269663 0.1775
0 0.0377808988764045 0.13975 0.04073033707865169 0.1825
0 0.36629213483146067 0.064 0.03258426966292135 0.128
0 0.3193820224719101 0.19475 0.047752808988764044 0.1875
0 0.5120786516853932 0.287 0.015168539325842697 0.188
0 0.4366573033707865 0.39225 0.04915730337078652 0.1825
0 0.12205056179775281 0.20725 0.037921348314606744 0.1775
0 0.13047752808988763 0.09975 0.037921348314606744 0.1475
0 0.08764044943820225 0.509 0.05056179775280899 0.182
0 0.174438202247191 0.5615 0.05898876404494382 0.077
0 0.49803370786516854 0.312 0.04325842696629213 0.188
0 0.4379213483146067 0.0655 0.03202247191011236 0.131
0 0.45070224719101126 0.11725 0.032303370786516857 0.1725
0 0.851685393258427 0.531 0.060674157303370786 0.138
0 0.8985955056179775 0.0335 0.05337078651685393 0.067
0 0.95 0.102 0.046067415730337076 0.204
0 0.8953651685393258 0.1545 0.04915730337078652 0.205
0 0.9044943820224719 0.477 0.042134831460674156 0.23
0 0.9943820224719101 0.087 0.011235955056179775 0.174
0 0.6629213483146067 0.056 0.0449438202247191 0.112
0 0.6179775280898876 0.11825 0.05056179775280899 0.2125
0 0.7764044943820225 0.0195 0.033707865168539325 0.039
0 0.7303370786516854 0.0745 0.0449438202247191 0.149
0 0.7478932584269663 0.1995 0.054775280898876406 0.17
0 0.7640449438202247 0.352 0.047752808988764044 0.23
0 0.9698033707865169 0.312 0.04915730337078652 0.225
0 0.09002808988764045 0.878 0.060393258426966294 0.23
0 0.5109550561797753 0.7215 0.01741573033707865 0.223
0 0.4974719101123595 0.6615 0.044382022471910115 0.123
0 0.14269662921348314 0.778 0.042134831460674156 0.23
0 0.38202247191011235 0.669 0.0550561797752809 0.138
0 0.012921348314606741 0.684 0.025842696629213482 0.168
0 0.31685393258426964 0.64 0.05056179775280899 0.08
0 0.20786516853932585 0.6625 0.04943820224719101 0.125
0 0.9216292134831461 0.8695 0.06123595505617978 0.2015
0 0.6193820224719101 0.8 0.199438202247191 0.4