0 0.656799531066823 0.47964509394572025 0.0627198124267292 0.22025052192066805
0 0.19900351699882768 0.3264613778705637 0.05568581477139507 0.23225469728601253
0 0.2283118405627198 0.20511482254697286 0.05275498241500586 0.2453027139874739
0 0.5542203985932005 0.05010438413361169 0.04865181711606096 0.10020876826722339
0 0.6113716295427901 0.07776617954070981 0.05158264947245018 0.15553235908141963
0 0.6019929660023446 0.38517745302713985 0.043962485345838215 0.24008350730688935
0 0.447831184056272 0.037056367432150315 0.04689331770222743 0.07411273486430063
0 0.4935521688159437 0.03444676409185804 0.041031652989449004 0.06889352818371608
0 0.08675263774912075 0.028183716075156576 0.04806565064478312 0.05636743215031315
0 0.3521395076201641 0.20511482254697286 0.05715123094958968 0.2766179540709812
0 0.4320046893317702 0.19206680584551147 0.06447831184056271 0.2348643006263048
0 0.5309202813599062 0.2520876826722338 0.06301289566236812 0.24008350730688935
0 0.9492966002344666 0.4164926931106472 0.10140679953106682 0.3465553235908142
0 0.7599648300117233 0.3836116910229645 0.14009378663540445 0.4123173277661795
0 0.16617819460726846 0.907098121085595 0.1708675263774912 0.1826722338204593
0 0.20545134818288394 0.8705636743215032 0.16002344665885113 0.2588726513569937
0 0.25703399765533413 0.7609603340292276 0.1351113716295428 0.16910229645093947
0 0.3713364595545135 0.8282881002087683 0.15533411488862836 0.14822546972860126
0 0.36430246189917936 0.8496868475991649 0.17233294255568582 0.2954070981210856
0 0.4396248534583822 0.8449895615866388 0.2705158264947245 0.31002087682672236
0 0.4466588511137163 0.8449895615866388 0.4522274325908558 0.31002087682672236