0 0.20846560846560847 0.3742937853107345 0.05714285714285714 0.07062146892655367
0 0.3010582010582011 0.0480225988700565 0.04338624338624339 0.096045197740113
0 0.24947089947089948 0.07297551789077213 0.046031746031746035 0.14595103578154425
0 0.25793650793650796 0.3272128060263653 0.03968253968253968 0.1647834274952919
0 0.30767195767195765 0.3446327683615819 0.056613756613756616 0.12994350282485875
0 0.3261904761904762 0.2989642184557439 0.051322751322751325 0.22128060263653485
0 0.4056878306878307 0.2448210922787194 0.05423280423280423 0.22128060263653485
0 0.4624338624338624 0.10216572504708098 0.05185185185185185 0.20433145009416195
0 0.10978835978835978 0.0423728813559322 0.03968253968253968 0.0847457627118644
0 0.1041005291005291 0.14948210922787195 0.046296296296296294 0.2189265536723164
0 0.3968253968253968 0.036252354048964215 0.042328042328042326 0.07250470809792843
0 0.35608465608465606 0.03389830508474576 0.037037037037037035 0.06779661016949153
0 0.7134920634920635 0.20951035781544255 0.3074074074074074 0.4001883239171375
0 0.6425925925925926 0.7669491525423728 0.061375661375661375 0.4199623352165725
0 0.705026455026455 0.7504708097928436 0.09021164021164021 0.3898305084745763
0 0.8002645502645502 0.7815442561205274 0.12169312169312169 0.4369114877589454
0 0.8994708994708994 0.730225988700565 0.06349206349206349 0.3196798493408663
0 0.737037037037037 0.722693032015066 0.03571428571428571 0.2137476459510358