0 0.4373543123543124 0.23392116182572614 0.05536130536130536 0.1504149377593361
0 0.40821678321678323 0.15404564315352698 0.05244755244755245 0.2437759336099585
0 0.027097902097902096 0.052385892116182574 0.050699300699300696 0.10477178423236515
0 0.036421911421911424 0.26141078838174275 0.043706293706293704 0.0954356846473029
0 0.2851107226107226 0.15404564315352698 0.056818181818181816 0.274896265560166
0 0.21736596736596736 0.11566390041493776 0.05244755244755245 0.23132780082987553
0 0.10445804195804195 0.16182572614107885 0.05099067599067599 0.23340248962655602
0 0.9338578088578089 0.1545643153526971 0.13228438228438227 0.3091286307053942
0 0.7345571095571095 0.1545643153526971 0.40967365967365965 0.3091286307053942
0 0.09761072261072261 0.8335062240663901 0.11888111888111888 0.3329875518672199
0 0.6150932400932401 0.741701244813278 0.09702797202797203 0.18827800829875518