0 0.11693548387096774 0.3580305927342256 0.051075268817204304 0.1826003824091778
0 0.14381720430107528 0.2624282982791587 0.04838709677419355 0.22466539196940727
0 0.4879032258064516 0.01768642447418738 0.043548387096774194 0.03537284894837476
0 0.21559139784946235 0.02820267686424474 0.04946236559139785 0.05640535372848948
0 0.2860215053763441 0.1022944550669216 0.05913978494623656 0.2045889101338432
0 0.47446236559139787 0.11782982791586998 0.04032258064516129 0.19837476099426385
0 0.442741935483871 0.08317399617590822 0.044623655913978495 0.16634799235181644
0 0.34543010752688175 0.05353728489483748 0.04032258064516129 0.10707456978967496
0 0.3836021505376344 0.052103250478011474 0.03924731182795699 0.10420650095602295
0 0.3338709677419355 0.3427342256214149 0.060215053763440864 0.21319311663479923
0 0.050268817204301076 0.02581261950286807 0.044623655913978495 0.05162523900573614
0 0.41801075268817206 0.4072657743785851 0.056451612903225805 0.0841300191204589
0 0.4064516129032258 0.3675908221797323 0.05268817204301075 0.16347992351816443
0 0.635752688172043 0.41539196940726575 0.10376344086021505 0.06787762906309751
0 0.7349462365591398 0.7562141491395793 0.1532258064516129 0.27963671128107076
0 0.8005376344086022 0.8236137667304015 0.09919354838709678 0.3527724665391969