0 0.20454545454545456 0.3179460580912863 0.05244755244755245 0.1628630705394191
0 0.42336829836829837 0.13407676348547717 0.046620046620046623 0.18931535269709543
0 0.4589160839160839 0.11929460580912864 0.02156177156177156 0.2074688796680498
0 0.1553030303030303 0.03371369294605809 0.049533799533799536 0.06742738589211618
0 0.03365384615384615 0.17557053941908712 0.05099067599067599 0.18931535269709543
0 0.35984848484848486 0.037863070539419084 0.03904428904428905 0.07572614107883817
0 0.3956876456876457 0.3008298755186722 0.05244755244755245 0.1970954356846473
0 0.30506993006993005 0.3552904564315353 0.06118881118881119 0.08817427385892117
0 0.5635198135198135 0.30601659751037347 0.13082750582750582 0.17686721991701246
0 0.5938228438228438 0.27230290456431533 0.12237762237762238 0.254149377593361
0 0.6331585081585082 0.16441908713692946 0.10343822843822843 0.16390041493775934
0 0.7205710955710956 0.22977178423236513 0.11888111888111888 0.14367219917012447
0 0.7153263403263403 0.2505186721991701 0.131993006993007 0.2857883817427386
0 0.7730186480186481 0.2474066390041494 0.20687645687645687 0.3039419087136929
0 0.7782634032634033 0.2474066390041494 0.34586247086247085 0.3039419087136929
0 0.039627039627039624 0.8293568464730291 0.049533799533799536 0.26348547717842324
0 0.06526806526806526 0.7754149377593361 0.01048951048951049 0.14315352697095435