0 0.05056179775280899 0.0685 0.05337078651685393 0.135
0 0.10182584269662921 0.15225 0.046348314606741575 0.2425
0 0.10449438202247191 0.044 0.046067415730337076 0.088
0 0.047050561797752806 0.2235 0.04915730337078652 0.205
0 0.20365168539325842 0.15725 0.0449438202247191 0.1825
0 0.1601123595505618 0.1435 0.03932584269662921 0.2
0 0.21207865168539325 0.329 0.05898876404494382 0.082
0 0.28146067415730336 0.2865 0.051685393258426963 0.167
0 0.770505617977528 0.1915 0.4589887640449438 0.165
0 0.2769662921348315 0.7285 0.10561797752808989 0.499
0 0.15842696629213482 0.7725 0.1 0.415
0 0.1598314606741573 0.8045 0.09859550561797753 0.3585
0 0.871629213483146 0.968 0.05337078651685393 0.064
0 0.8432584269662922 0.907 0.05056179775280899 0.186
0 0.7824438202247191 0.4665 0.05196629213483146 0.14
0 0.7837078651685393 0.413 0.0550561797752809 0.086
0 0.4797752808988764 0.6265 0.05337078651685393 0.135
0 0.7683988764044943 0.624 0.05196629213483146 0.185
0 0.6946629213483146 0.75525 0.06179775280898876 0.2325
0 0.49803370786516854 0.78025 0.042134831460674156 0.2075
0 0.5310393258426966 0.71025 0.046348314606741575 0.2425
0 0.5338483146067415 0.57775 0.046348314606741575 0.1375
0 0.6328651685393258 0.6815 0.042134831460674156 0.175
0 0.5928370786516854 0.669 0.04073033707865169 0.195
0 0.6757022471910112 0.47525 0.04073033707865169 0.1575
0 0.6370786516853932 0.46275 0.033707865168539325 0.1625
0 0.6061797752808988 0.4715 0.03651685393258427 0.175
0 0.33370786516853934 0.681 0.007865168539325843 0.19
0 0.33455056179775283 0.5085 0.009550561797752809 0.145
0 0.3568820224719101 0.51275 0.0351123595505618 0.1875
0 0.9269662921348315 0.417 0.029213483146067417 0.094
0 0.9002808988764045 0.423 0.04325842696629213 0.106
0 0.5337078651685393 0.4355 0.04044943820224719 0.131
0 0.49859550561797755 0.4345 0.04101123595505618 0.129
0 0.976685393258427 0.4295 0.03651685393258427 0.119
0 0.6446629213483146 0.952 0.06348314606741573 0.096
0 0.9955056179775281 0.58 0.008988764044943821 0.162
0 0.9411516853932584 0.6315 0.046348314606741575 0.16
0 0.5688202247191011 0.978 0.05449438202247191 0.044
0 0.9348314606741573 0.484 0.03651685393258427 0.125