0 0.01763367463026166 0.3775303643724696 0.03526734926052332 0.12348178137651822
0 0.03668941979522184 0.31123481781376516 0.051194539249146756 0.23785425101214575
0 0.4047212741751991 0.0354251012145749 0.0540386803185438 0.0708502024291498
0 0.3529579067121729 0.10475708502024292 0.047212741751990896 0.20951417004048584
0 0.4085608646188851 0.15941295546558704 0.04977246871444824 0.2074898785425101
0 0.399032992036405 0.4043522267206478 0.042662116040955635 0.06983805668016195
0 0.25 0.0923582995951417 0.04550625711035267 0.1847165991902834
0 0.29408418657565416 0.0895748987854251 0.03981797497155859 0.1791497975708502
0 0.156712172923777 0.3081983805668016 0.055176336746302616 0.26214574898785425
0 0.5284414106939704 0.02125506072874494 0.034129692832764506 0.04251012145748988
0 0.5662684869169511 0.07692307692307693 0.026734926052332197 0.15384615384615385
0 0.5548919226393629 0.20445344129554655 0.04948805460750853 0.1720647773279352
0 0.5412400455062572 0.3410931174089069 0.04835039817974972 0.19635627530364372
0 0.2229806598407281 0.2732793522267207 0.051194539249146756 0.22773279352226722
0 0.33319112627986347 0.3188259109311741 0.04977246871444824 0.22773279352226722
0 0.46387940841865755 0.7580971659919028 0.02417519908987486 0.08046558704453441
0 0.5310011376564278 0.7525303643724697 0.02161547212741752 0.06882591093117409
0 0.5150739476678043 0.7606275303643725 0.025312855517633674 0.07236842105263158
0 0.3916382252559727 0.7484817813765182 0.02161547212741752 0.0673076923076923
0 0.3796928327645051 0.7449392712550608 0.015073947667804323 0.07388663967611336
0 0.7278156996587031 0.6720647773279352 0.24516496018202502 0.46558704453441296