0 0.11543062200956938 0.24414893617021277 0.056818181818181816 0.14361702127659576
0 0.2993421052631579 0.45691489361702126 0.07177033492822966 0.22872340425531915
0 0.09599282296650717 0.4077127659574468 0.04485645933014354 0.22074468085106383
0 0.06085526315789474 0.33324468085106385 0.049342105263157895 0.2579787234042553
0 0.05786483253588517 0.19228723404255318 0.049342105263157895 0.14627659574468085
0 0.008373205741626795 0.28882978723404257 0.01674641148325359 0.2074468085106383
0 0.28513755980861244 0.3026595744680851 0.03738038277511962 0.20212765957446807
0 0.3060705741626794 0.2401595744680851 0.04336124401913875 0.17819148936170212
0 0.3352272727272727 0.21356382978723404 0.03588516746411483 0.2047872340425532
0 0.3591507177033493 0.17101063829787233 0.03289473684210526 0.19414893617021275
0 0.32401315789473684 0.07526595744680852 0.031399521531100476 0.10904255319148937
0 0.28513755980861244 0.11914893617021277 0.04037081339712919 0.15425531914893617
0 0.24626196172248804 0.12313829787234043 0.03738038277511962 0.19946808510638298
0 0.3202751196172249 0.039361702127659576 0.03289473684210526 0.07872340425531915
0 0.05801435406698564 0.05531914893617021 0.0430622009569378 0.11063829787234042
0 0.09539473684210527 0.05425531914893617 0.04366028708133971 0.10851063829787234
0 0.4276315789473684 0.34893617021276596 0.023923444976076555 0.20425531914893616
0 0.28379186602870815 0.01702127659574468 0.031698564593301434 0.03404255319148936
0 0.7045454545454546 0.17393617021276594 0.056818181818181816 0.14361702127659576
0 0.680322966507177 0.5728723404255319 0.056818181818181816 0.13297872340425532
0 0.8884569377990431 0.38670212765957446 0.07177033492822966 0.22872340425531915
0 0.47577751196172247 0.31090425531914895 0.06578947368421052 0.2473404255319149
0 0.6851076555023924 0.3375 0.04485645933014354 0.22074468085106383
0 0.64997009569378 0.26303191489361705 0.049342105263157895 0.2579787234042553
0 0.6469796650717703 0.12207446808510639 0.049342105263157895 0.14627659574468085
0 0.541566985645933 0.2324468085106383 0.04485645933014354 0.18617021276595744
0 0.5841806220095693 0.21914893617021278 0.04336124401913875 0.2074468085106383
0 0.4958133971291866 0.04840425531914894 0.0430622009569378 0.09680851063829787
0 0.5370813397129187 0.04308510638297872 0.03588516746411483 0.08617021276595745
0 0.5702751196172249 0.05106382978723404 0.038875598086124404 0.10212765957446808
0 0.8742523923444976 0.2324468085106383 0.03738038277511962 0.20212765957446807
0 0.8951854066985646 0.1699468085106383 0.04336124401913875 0.17819148936170212
0 0.9243421052631579 0.14335106382978724 0.03588516746411483 0.2047872340425532
0 0.9482655502392344 0.10079787234042553 0.03289473684210526 0.19414893617021275
0 0.9129784688995215 0.029787234042553193 0.031698564593301434 0.059574468085106386
0 0.8741028708133971 0.0627659574468085 0.04007177033492823 0.125531914893617
0 0.8352272727272727 0.07606382978723404 0.037679425837320576 0.15212765957446808
0 0.6043660287081339 0.5914893617021276 0.06279904306220095 0.09574468085106383
0 0.5311004784688995 0.5632978723404255 0.07177033492822966 0.15212765957446808
0 0.298744019138756 0.8159574468085107 0.2159090909090909 0.3170212765957447
0 0.7242822966507177 0.8765957446808511 0.10197368421052631 0.24680851063829787