0 0.061170212765957445 0.44234404536862004 0.0574468085106383 0.17391304347826086
0 0.47686170212765955 0.31639886578449905 0.05053191489361702 0.21030245746691872
0 0.45026595744680853 0.20652173913043478 0.047872340425531915 0.222117202268431
0 0.15425531914893617 0.055765595463137994 0.043617021276595745 0.11153119092627599
0 0.1023936170212766 0.08081285444234404 0.04627659574468085 0.16162570888468808
0 0.25053191489361704 0.04395085066162571 0.0425531914893617 0.08790170132325142
0 0.20957446808510638 0.04158790170132325 0.03723404255319149 0.0831758034026465
0 0.27606382978723404 0.17107750472589792 0.047872340425531915 0.21266540642722118
0 0.17300531914893616 0.21361058601134217 0.04654255319148936 0.21266540642722118
0 0.35851063829787233 0.29158790170132326 0.05585106382978723 0.2551984877126654
0 0.12912234042553192 0.3790170132325142 0.05186170212765957 0.23156899810964082
0 0.8704787234042554 0.7632325141776938 0.14468085106382977 0.3832703213610586