0 0.558288770053476 0.47338403041825095 0.0481283422459893 0.1520912547528517
0 0.5004010695187165 0.06701520912547529 0.04946524064171123 0.13307984790874525
0 0.5016042780748663 0.028517110266159697 0.052406417112299465 0.057034220532319393
0 0.21229946524064172 0.219106463878327 0.05080213903743316 0.12832699619771862
0 0.261096256684492 0.2987167300380228 0.04411764705882353 0.2305133079847909
0 0.26377005347593585 0.1727661596958175 0.04411764705882353 0.13070342205323193
0 0.061764705882352944 0.01568441064638783 0.028342245989304814 0.03136882129277566
0 0.2089572192513369 0.3664448669201521 0.04679144385026738 0.19486692015209126
0 0.013101604278074866 0.157319391634981 0.026203208556149733 0.16634980988593157
0 0.35802139037433156 0.3034695817490494 0.0427807486631016 0.17347908745247148
0 0.3165775401069519 0.29039923954372626 0.0374331550802139 0.19011406844106463
0 0.3679144385026738 0.022813688212927757 0.03636363636363636 0.045627376425855515
0 0.3653743315508021 0.0895912547528517 0.04144385026737968 0.16872623574144488
0 0.33596256684491976 0.10147338403041825 0.03877005347593583 0.17347908745247148
0 0.6486631016042781 0.04515209125475285 0.031016042780748664 0.0903041825095057
0 0.03288770053475936 0.034695817490494295 0.029411764705882353 0.06939163498098859
0 0.0946524064171123 0.030893536121673004 0.03208556149732621 0.06178707224334601
0 0.23877005347593583 0.07034220532319392 0.040106951871657755 0.14068441064638784
0 0.28502673796791445 0.07842205323193917 0.04171122994652406 0.15684410646387834
0 0.44545454545454544 0.46625475285171103 0.052406417112299465 0.16634980988593157
0 0.6040106951871658 0.15375475285171103 0.045454545454545456 0.1782319391634981
0 0.004545454545454545 0.23336501901140685 0.00909090909090909 0.18536121673003803
0 0.09598930481283423 0.1751425855513308 0.03208556149732621 0.16397338403041825
0 0.0572192513368984 0.16326045627376426 0.0427807486631016 0.1449619771863118
0 0.051871657754010696 0.2832699619771863 0.0427807486631016 0.15684410646387834
0 0.06858288770053476 0.40922053231939165 0.05213903743315508 0.16159695817490494
0 0.08368983957219252 0.49714828897338403 0.045454545454545456 0.10456273764258556
0 0.4161764705882353 0.16563688212927757 0.03609625668449198 0.16872623574144488
0 0.42406417112299466 0.06653992395437262 0.03636363636363636 0.13307984790874525
0 0.38342245989304813 0.45769961977186313 0.0481283422459893 0.18346007604562736
0 0.2796791443850267 0.4790874524714829 0.047058823529411764 0.14068441064638784
0 0.9195187165775401 0.2846958174904943 0.08181818181818182 0.5057034220532319
0 0.8377005347593582 0.2723384030418251 0.09385026737967915 0.43631178707224333
0 0.7625668449197861 0.7894486692015209 0.1304812834224599 0.4211026615969582