0 0.24559059326563334 0.42728136882129275 0.020710849812934258 0.11596958174904944
0 0.0951362907536077 0.34838403041825095 0.018305718866916086 0.11216730038022814
0 0.10475681453768039 0.2899239543726236 0.017370390165686797 0.11834600760456274
0 0.12573490112239444 0.0556083650190114 0.017771245323356492 0.07057984790874525
0 0.12533404596472475 0.025190114068441065 0.01884019241047568 0.05038022813688213
0 0.22942276857295563 0.13616920152091255 0.018305718866916086 0.0679657794676806
0 0.21191876002137894 0.17846958174904942 0.015900587920897914 0.12214828897338403
0 0.21098343132014966 0.11169201520912547 0.015900587920897914 0.06915399239543726
0 0.2840726884019241 0.07699619771863118 0.01296098343132015 0.07295627376425856
0 0.21098343132014966 0.036596958174904944 0.01389631213254944 0.07295627376425856
0 0.2835382148583645 0.018298479087452472 0.010154997327632281 0.036596958174904944
0 0.23062533404596472 0.21435361216730037 0.016835916622127203 0.1033745247148289
0 0.22755211117049706 0.37690114068441066 0.014430785676109033 0.11596958174904944
0 0.3023784072688402 0.10361216730038023 0.012025654730090861 0.08816539923954372
0 0.2912880812399786 0.14757604562737642 0.01296098343132015 0.09077946768060836
0 0.2814003206841261 0.18536121673003803 0.014430785676109033 0.09576996197718632
0 0.17704436130411544 0.18108365019011408 0.015366114377338322 0.09196768060836502
0 0.19187600213789419 0.17395437262357413 0.013495456974879744 0.10076045627376426
0 0.16181186531266703 0.07390684410646388 0.015900587920897914 0.08935361216730038
0 0.17330304649919828 0.022100760456273766 0.013094601817210049 0.04420152091254753
0 0.17437199358631747 0.06772813688212928 0.014965259219668627 0.08935361216730038
0 0.18492784607161947 0.07390684410646388 0.01389631213254944 0.09196768060836502
0 0.08057188669160877 0.03849809885931559 0.010956707642971674 0.07699619771863118
0 0.07242116515232495 0.0339828897338403 0.01122394441475147 0.0679657794676806
0 0.03500801710315339 0.06012357414448669 0.013495456974879744 0.0817490494296578
0 0.2739176910742918 0.07271863117870722 0.01296098343132015 0.08697718631178707
0 0.2940940673436665 0.028517110266159697 0.010555852485301978 0.057034220532319393
0 0.007883484767504008 0.16468631178707224 0.014965259219668627 0.10693916349809886
0 0.20470336718332444 0.3334125475285171 0.020710849812934258 0.1195342205323194
0 0.1741047568145377 0.3044201520912547 0.020176376269374664 0.11454372623574144
0 0.15032068412613575 0.26734790874524716 0.017771245323356492 0.12595057034220533
0 0.03915018706574024 0.13307984790874525 0.015900587920897914 0.08436311787072244
0 0.010154997327632281 0.31059885931558934 0.020176376269374664 0.11929657794676807
0 0.058391234633885625 0.17466730038022812 0.015900587920897914 0.08697718631178707
0 0.05558524853019776 0.036596958174904944 0.010956707642971674 0.07295627376425856
0 0.31373597006948156 0.1627851711026616 0.01630144307856761 0.10076045627376426
0 0.3269641902725815 0.16587452471482889 0.014965259219668627 0.09695817490494296
0 0.2787279529663282 0.2799429657794677 0.01870657402458578 0.11834600760456274
0 0.22033671833244253 0.39306083650190116 0.019241047568145375 0.13094106463878327
0 0.15793693212185997 0.04063688212927757 0.01296098343132015 0.0679657794676806
0 0.27164617851416356 0.02637832699619772 0.011491181186531267 0.05275665399239544
0 0.02084446819882416 0.13307984790874525 0.015900587920897914 0.08436311787072244
0 0.0172367717797969 0.1758555133079848 0.017370390165686797 0.10456273764258556
0 0.09927846071619455 0.11288022813688213 0.01389631213254944 0.09196768060836502
0 0.21980224478888294 0.05061787072243346 0.014430785676109033 0.08816539923954372
0 0.22367717797969 0.7671102661596958 0.0074826296098343134 0.05156844106463878
0 0.21111704970603956 0.7759030418250951 0.008150721539283805 0.022338403041825095
0 0.6365579903794762 0.6216730038022814 0.20804382683057188 0.18346007604562736