0 0.2366325369738339 0.6751012145748988 0.06143344709897611 0.14979757085020243
0 0.676905574516496 0.5581983805668016 0.04550625711035267 0.2257085020242915
0 0.6527303754266212 0.4407894736842105 0.051194539249146756 0.23785425101214575
0 0.5907281001137656 0.020242914979757085 0.052901023890784986 0.04048582995951417
0 0.2844141069397042 0.132085020242915 0.0540386803185438 0.13663967611336034
0 0.3363196814562002 0.21685222672064777 0.04692832764505119 0.24544534412955465
0 0.3391638225255973 0.08274291497975708 0.04692832764505119 0.13917004048582995
0 0.2808589306029579 0.2889676113360324 0.04977246871444824 0.2074898785425101
0 0.2901023890784983 0.6153846153846154 0.042662116040955635 0.23279352226720648
0 0.06882821387940842 0.07742914979757085 0.03526734926052332 0.1548582995951417
0 0.439419795221843 0.22191295546558704 0.04550625711035267 0.1847165991902834
0 0.39533560864618883 0.20799595141700405 0.03981797497155859 0.20242914979757085
0 0.447098976109215 0.04200404858299595 0.04436860068259386 0.0840080971659919
0 0.41581342434584756 0.04959514170040486 0.040955631399317405 0.09919028340080972
0 0.31257110352673495 0.024291497975708502 0.042662116040955635 0.048582995951417005
0 0.36177474402730375 0.03289473684210526 0.04436860068259386 0.06578947368421052
0 0.5325654152445961 0.4407894736842105 0.05546075085324232 0.2682186234817814
0 0.6882821387940842 0.07844129554655871 0.022753128555176336 0.15688259109311742
0 0.04550625711035267 0.14726720647773278 0.04550625711035267 0.19736842105263158
0 0.012798634812286689 0.2520242914979757 0.025597269624573378 0.2145748987854251
0 0.16040955631399317 0.0860323886639676 0.034129692832764506 0.1720647773279352
0 0.11945392491467577 0.07489878542510121 0.04550625711035267 0.14979757085020243
0 0.11376564277588168 0.20040485829959515 0.04550625711035267 0.16700404858299595
0 0.1315415244596132 0.33451417004048584 0.05546075085324232 0.1720647773279352
0 0.14789533560864618 0.4888663967611336 0.04835039817974972 0.23279352226720648
0 0.5011376564277589 0.08248987854251012 0.038680318543799774 0.16497975708502025
0 0.5096700796359499 0.020242914979757085 0.038680318543799774 0.04048582995951417
0 0.4664391353811149 0.402834008097166 0.051194539249146756 0.22773279352226722
0 0.3562286689419795 0.4483805668016194 0.04977246871444824 0.22773279352226722
0 0.95193401592719 0.6120951417004049 0.0540386803185438 0.22520242914979757
0 0.9234926052332195 0.4944331983805668 0.051194539249146756 0.23785425101214575
0 0.861490329920364 0.04706477732793522 0.052901023890784986 0.09412955465587045
0 0.8629124004550626 0.006578947368421052 0.055745164960182024 0.013157894736842105
0 0.7161547212741752 0.27530364372469635 0.03299203640500569 0.18421052631578946
0 0.754835039817975 0.07489878542510121 0.04664391353811149 0.14979757085020243
0 0.7198521046643913 0.06882591093117409 0.040386803185438 0.13765182186234817
0 0.7662116040955631 0.030870445344129555 0.038680318543799774 0.06174089068825911
0 0.8033276450511946 0.4944331983805668 0.05546075085324232 0.2682186234817814
0 0.7283845278725825 0.4812753036437247 0.05745164960182025 0.22773279352226722
0 0.9718430034129693 0.11614372469635628 0.04835039817974972 0.18977732793522267
0 0.2790102389078498 0.8770242914979757 0.09556313993174062 0.03744939271255061
0 0.8284982935153583 0.90334008097166 0.034698521046643914 0.039473684210526314
0 0.8174061433447098 0.8081983805668016 0.008532423208191127 0.013663967611336033
0 0.9124004550625711 0.8117408906882592 0.008532423208191127 0.012651821862348178
0 0.8762798634812287 0.8046558704453441 0.03725824800910125 0.02277327935222672