0 0.13898305084745763 0.335010060362173 0.061016949152542375 0.1488933601609658
0 0.1827683615819209 0.02716297786720322 0.04915254237288136 0.05432595573440644
0 0.192090395480226 0.27565392354124746 0.0423728813559322 0.23138832997987926
0 0.24491525423728813 0.30331991951710263 0.060451977401129946 0.21227364185110664
0 0.2648305084745763 0.22409456740442657 0.05508474576271186 0.24899396378269617
0 0.3495762711864407 0.15995975855130784 0.05790960451977401 0.23641851106639838
0 0.4101694915254237 0.05835010060362173 0.05536723163841808 0.11670020120724346
0 0.027401129943502824 0.0875251509054326 0.04915254237288136 0.1750503018108652
0 0.9316384180790961 0.025653923541247486 0.020338983050847456 0.05130784708249497
0 0.6734463276836158 0.047283702213279676 0.03135593220338983 0.0658953722334004
0 0.3497175141242938 0.7585513078470825 0.36045197740112994 0.482897384305835
0 0.5980225988700565 0.7525150905432596 0.07005649717514124 0.44818913480885314
0 0.6694915254237288 0.7344064386317908 0.10282485875706214 0.4164989939637827
0 0.7776836158192091 0.7671026156941649 0.1387005649717514 0.46529175050301813
0 0.8909604519774011 0.7127766599597586 0.07259887005649718 0.3415492957746479
0 0.7056497175141243 0.704728370221328 0.04067796610169491 0.2283702213279678