0 0.2644021739130435 0.449468085106383 0.051630434782608696 0.21518375241779497
0 0.23722826086956522 0.33704061895551257 0.04891304347826087 0.22727272727272727
0 0.33152173913043476 0.061895551257253385 0.04456521739130435 0.12379110251450677
0 0.042255434782608695 0.39264990328820115 0.05570652173913043 0.22727272727272727
0 0.10067934782608695 0.23549323017408125 0.05298913043478261 0.23210831721470018
0 0.20923913043478262 0.05367504835589942 0.04456521739130435 0.10735009671179883
0 0.03342391304347826 0.12790135396518376 0.043478260869565216 0.1764990328820116
0 0.005163043478260869 0.11411992263056092 0.010326086956521738 0.19342359767891681
0 0.9377717391304348 0.40425531914893614 0.12445652173913044 0.4695357833655706
0 0.9008152173913043 0.11315280464216634 0.19809782608695653 0.2122823984526112
0 0.3089673913043478 0.8902321083172147 0.10163043478260869 0.21953578336557059
0 0.07173913043478261 0.8210831721470019 0.14021739130434782 0.3578336557059961
0 0.2217391304347826 0.8820116054158608 0.09891304347826087 0.23597678916827852
0 0.14375 0.8617021276595744 0.08641304347826087 0.2765957446808511
0 0.7377717391304348 0.7531431334622823 0.051630434782608696 0.21518375241779497
0 0.7103260869565218 0.6968085106382979 0.04891304347826087 0.11508704061895551
0 0.3720108695652174 0.8075435203094777 0.024456521739130436 0.22243713733075435
0 0.4285326086956522 0.7388781431334622 0.058152173913043476 0.19922630560928434
0 0.5149456521739131 0.7088974854932302 0.057065217391304345 0.13926499032882012
0 0.5820652173913043 0.6784332688588007 0.05 0.07833655705996131
0 0.9747282608695652 0.7171179883945842 0.050543478260869565 0.15570599613152805
0 0.38559782608695653 0.8384912959381045 0.051630434782608696 0.2514506769825919