0 0.21080760095011877 0.22780126849894292 0.05641330166270784 0.1427061310782241
0 0.2649940617577197 0.3163319238900634 0.04899049881235154 0.25634249471458775
0 0.26796318289786225 0.17626849894291755 0.04899049881235154 0.14534883720930233
0 0.04230997624703088 0.10359408033826638 0.04008313539192399 0.15327695560253699
0 0.2678147268408551 0.04756871035940803 0.04275534441805225 0.09513742071881606
0 0.23070071258907363 0.046511627906976744 0.04334916864608076 0.09302325581395349
0 0.04364608076009501 0.009513742071881607 0.03147268408551069 0.019027484143763214
0 0.2069477434679335 0.38636363636363635 0.05166270783847981 0.20613107822410148
0 0.020041567695961996 0.25158562367864695 0.04008313539192399 0.19027484143763213
0 0.050475059382422804 0.3308668076109937 0.04453681710213777 0.20084566596194503
0 0.372624703087886 0.3216173361522199 0.047505938242280284 0.19291754756871035
0 0.32660332541567694 0.3070824524312896 0.04156769596199525 0.21141649048625794
0 0.41938836104513066 0.09698731501057083 0.04899049881235154 0.1876321353065539
0 0.3836104513064133 0.01744186046511628 0.040380047505938245 0.03488372093023256
0 0.3806413301662708 0.08879492600422834 0.04631828978622328 0.17758985200845667
0 0.3481294536817102 0.09698731501057083 0.043052256532066506 0.19291754756871035
0 0.07348574821852731 0.0943446088794926 0.04008313539192399 0.18234672304439747
0 0.013954869358669833 0.0306553911205074 0.027909738717339667 0.0613107822410148
0 0.45486935866983375 0.4297040169133192 0.05463182897862233 0.11945031712473574
0 0.0584916864608076 0.44714587737843553 0.05760095011876484 0.08456659619450317
0 0.4311163895486936 0.04915433403805497 0.040380047505938245 0.09830866807610994
0 0.08016627078384798 0.026427061310782242 0.035629453681710214 0.052854122621564484
0 0.32125890736342044 0.7795983086680761 0.11757719714964371 0.3313953488372093