0 0.4214614499424626 0.5686475409836066 0.05466052934407365 0.18237704918032788
0 0.392692750287687 0.4728483606557377 0.05178365937859609 0.24077868852459017
0 0.32997698504027617 0.03381147540983607 0.053509781357882626 0.06762295081967214
0 0.023590333716915997 0.1603483606557377 0.047180667433831994 0.13831967213114754
0 0.0726409666283084 0.2461577868852459 0.04746835443037975 0.24846311475409835
0 0.07551783659378596 0.11039959016393443 0.04746835443037975 0.1408811475409836
0 0.07537399309551208 0.015881147540983607 0.04142692750287687 0.031762295081967214
0 0.03941311852704258 0.01485655737704918 0.04200230149597238 0.02971311475409836
0 0.4926639815880322 0.16547131147540983 0.04746835443037975 0.16393442622950818
0 0.48590333716915995 0.0389344262295082 0.037399309551208286 0.0778688524590164
0 0.020713463751438434 0.31915983606557374 0.04142692750287687 0.21004098360655737
0 0.025604142692750288 0.5957991803278688 0.043153049482163405 0.12807377049180327
0 0.18627733026467203 0.5317622950819673 0.05897583429228999 0.24077868852459017
0 0.2481300345224396 0.36526639344262296 0.056098964326812426 0.2459016393442623
0 0.363204833141542 0.13601434426229508 0.04746835443037975 0.1869877049180328
0 0.17692750287686995 0.25128073770491804 0.04602991944764097 0.1869877049180328
0 0.1323360184119678 0.23719262295081966 0.04027617951668585 0.20491803278688525
0 0.22209436133486765 0.061987704918032786 0.047180667433831994 0.12397540983606557
0 0.1846950517836594 0.05584016393442623 0.04487917146144994 0.11168032786885246
0 0.15304948216340622 0.06352459016393443 0.04142692750287687 0.12704918032786885
0 0.4651898734177215 0.019979508196721313 0.03279631760644419 0.039959016393442626
0 0.5638665132336018 0.12704918032786885 0.03222094361334868 0.17418032786885246
0 0.05811277330264672 0.6086065573770492 0.04487917146144994 0.10245901639344263
0 0.09407364787111623 0.5496926229508197 0.061565017261219795 0.22028688524590165
0 0.9349827387802071 0.3555327868852459 0.07048331415420023 0.2930327868852459
0 0.5897583429228999 0.2510245901639344 0.019562715765247412 0.18545081967213115
0 0.19361334867663982 0.8288934426229508 0.27387802071346373 0.28790983606557374