0 0.07680555555555556 0.38636363636363635 0.059722222222222225 0.22727272727272727
0 0.5108333333333334 0.23196640316205533 0.05277777777777778 0.2198616600790514
0 0.48305555555555557 0.11709486166007906 0.05 0.23221343873517786
0 0.11972222222222222 0.03507905138339921 0.04833333333333333 0.07015810276679842
0 0.1288888888888889 0.2875494071146245 0.041666666666666664 0.22727272727272727
0 0.19486111111111112 0.20232213438735178 0.059722222222222225 0.23468379446640317
0 0.28305555555555556 0.14550395256916995 0.058333333333333334 0.22480237154150198
0 0.3516666666666667 0.09782608695652174 0.051111111111111114 0.1956521739130435
0 0.14972222222222223 0.31966403162055335 0.05555555555555555 0.25691699604743085
0 0.9830555555555556 0.0291501976284585 0.03388888888888889 0.058300395256917
0 0.6927777777777778 0.14772727272727273 0.05277777777777778 0.13339920948616601
0 0.7434722222222222 0.23048418972332016 0.04583333333333333 0.23962450592885376
0 0.74625 0.09955533596837944 0.04583333333333333 0.1358695652173913
0 0.7461111111111111 0.011857707509881422 0.04 0.023715415019762844
0 0.6893055555555555 0.3008893280632411 0.04861111111111111 0.2025691699604743
0 0.6980555555555555 0.532608695652174 0.041666666666666664 0.0533596837944664
0 0.8441666666666666 0.23542490118577075 0.044444444444444446 0.18033596837944665
0 0.8011111111111111 0.22183794466403162 0.03888888888888889 0.1976284584980237
0 0.8877777777777778 0.05632411067193676 0.04555555555555556 0.11264822134387352
0 0.8516666666666667 0.05039525691699605 0.043333333333333335 0.1007905138339921
0 0.8211111111111111 0.057806324110671936 0.04 0.11561264822134387
0 0.7641666666666667 0.4881422924901186 0.059444444444444446 0.1422924901185771
0 0.8525 0.46195652173913043 0.058333333333333334 0.19466403162055335
0 0.92125 0.40464426877470355 0.05138888888888889 0.24703557312252963
0 0.8988888888888888 0.0133399209486166 0.03777777777777778 0.0266798418972332
0 0.7202777777777778 0.033102766798418976 0.041666666666666664 0.06620553359683795
0 0.1802777777777778 0.799901185770751 0.20777777777777778 0.40019762845849804
0 0.4583333333333333 0.8586956521739131 0.2222222222222222 0.2826086956521739
0 0.034722222222222224 0.6813241106719368 0.058888888888888886 0.09239130434782608
0 0.8994444444444445 0.79100790513834 0.115 0.41798418972332013
0 0.7841666666666667 0.782608695652174 0.13194444444444445 0.3641304347826087