0 0.03896103896103896 0.39233193277310924 0.053128689492325853 0.17331932773109243
0 0.4214876033057851 0.10871848739495799 0.05608028335301062 0.14180672268907563
0 0.36762101534828806 0.19669117647058823 0.048701298701298704 0.2547268907563025
0 0.3645218417945691 0.06460084033613446 0.048996458087367176 0.12920168067226892
0 0.58913813459268 0.03046218487394958 0.04014167650531287 0.06092436974789916
0 0.5507674144037781 0.043592436974789914 0.03659976387249114 0.08718487394957983
0 0.4251770956316411 0.27153361344537813 0.05165289256198347 0.21533613445378152
0 0.33943329397874855 0.4527310924369748 0.05785123966942149 0.052521008403361345
0 0.25088547815820544 0.4222689075630252 0.0602125147579693 0.1134453781512605
0 0.18757378984651712 0.31880252100840334 0.05755608028335301 0.25210084033613445
0 0.06936245572609209 0.0898109243697479 0.048996458087367176 0.1796218487394958
0 0.6449232585596222 0.0661764705882353 0.0371900826446281 0.1323529411764706
0 0.6605667060212514 0.12972689075630253 0.050177095631641085 0.19957983193277312
0 0.6111275088547816 0.1323529411764706 0.03984651711924439 0.18907563025210083
0 0.5808736717827627 0.2111344537815126 0.04427390791027155 0.19957983193277312
0 0.5873671782762692 0.3697478991596639 0.05194805194805195 0.2184873949579832
0 0.26062573789846516 0.20194327731092437 0.047225501770956316 0.19170168067226892
0 0.30637544273907913 0.1875 0.04132231404958678 0.21008403361344538
0 0.21428571428571427 0.03571428571428571 0.048406139315230225 0.07142857142857142
0 0.2526564344746163 0.029411764705882353 0.04604486422668241 0.058823529411764705
0 0.28512396694214875 0.037289915966386554 0.04250295159386069 0.07457983193277311
0 0.83913813459268 0.12342436974789917 0.023022432113341203 0.0898109243697479
0 0.8668831168831169 0.8707983193277311 0.0678866587957497 0.25840336134453784
0 0.9400826446280992 0.9059873949579832 0.06080283353010626 0.1880252100840336
0 0.8152302243211335 0.571953781512605 0.06493506493506493 0.18592436974789917
0 0.981404958677686 0.5509453781512605 0.0371900826446281 0.14390756302521007
0 0.8804604486422668 0.5183823529411765 0.04427390791027155 0.07878151260504201
0 0.9223730814639906 0.5168067226890757 0.04309327036599764 0.07563025210084033
0 0.9247343565525383 0.9322478991596639 0.07378984651711924 0.13550420168067226