0 0.18723684210526315 0.4859681945743686 0.03276315789473684 0.1314312441534144
0 0.4256578947368421 0.396866230121609 0.02894736842105263 0.12698783910196446
0 0.41039473684210526 0.3304490177736202 0.0275 0.1342376052385407
0 0.37723684210526315 0.0647801683816651 0.028289473684210528 0.07998129092609915
0 0.3778947368421053 0.029466791393826006 0.02986842105263158 0.05893358278765201
0 0.21276315789473685 0.15622076707202995 0.02894736842105263 0.07717492984097288
0 0.2406578947368421 0.2039289055191768 0.02513157894736842 0.1384471468662301
0 0.24210526315789474 0.1283910196445276 0.02513157894736842 0.07857811038353602
0 0.1268421052631579 0.02174929840972872 0.01618421052631579 0.04349859681945744
0 0.21092105263157895 0.24462114125350795 0.026710526315789473 0.11716557530402245
0 0.21578947368421053 0.42890551917680075 0.022894736842105263 0.1314312441534144
0 0.09710526315789474 0.11903648269410665 0.019078947368421053 0.09985968194574368
0 0.295921052631579 0.2069691300280636 0.024473684210526314 0.10430308699719364
0 0.27223684210526317 0.1990177736202058 0.02131578947368421 0.11412535079513564
0 0.30157894736842106 0.02595884003741815 0.020789473684210528 0.0519176800748363
0 0.3001315789473684 0.07834424695977549 0.02368421052631579 0.10126286248830683
0 0.28342105263157896 0.08559401309635173 0.022105263157894735 0.10430308699719364
0 0.46171052631578946 0.03928905519176801 0.017631578947368422 0.07857811038353602
0 0.11039473684210527 0.03320860617399439 0.016842105263157894 0.06618334892422825
0 0.5622368421052631 0.3538353601496726 0.03513157894736842 0.13564078578110383
0 0.1456578947368421 0.03086997193638915 0.018289473684210526 0.0617399438727783
0 0.2280263157894737 0.05916744621141253 0.022894736842105263 0.09985968194574368
0 0.4951315789473684 0.0519176800748363 0.018289473684210526 0.08559401309635173
0 0.5157894736842106 0.052619270346117866 0.022894736842105263 0.09565014031805426
0 0.25434210526315787 0.06758652946679139 0.02368421052631579 0.1028999064546305
0 0.34592105263157896 0.3304490177736202 0.02973684210526316 0.15130963517305893
0 0.4363157894736842 0.11693171188026193 0.02592105263157895 0.10710944808231992
0 0.5734210526315789 0.22310570626753976 0.013157894736842105 0.11131898971000935
0 0.5573684210526316 0.22193638914873715 0.026710526315789473 0.11716557530402245
0 0.5511842105263158 0.16978484565014032 0.028289473684210528 0.10710944808231992
0 0.5244736842105263 0.17329279700654818 0.02513157894736842 0.09985968194574368
0 0.5001315789473684 0.2296538821328344 0.026710526315789473 0.10430308699719364
0 0.08460526315789474 0.16487371375116933 0.024473684210526314 0.11131898971000935
0 0.06013157894736842 0.22404115996258187 0.0275 0.12137511693171188
0 0.1463157894736842 0.12979420018709073 0.018289473684210526 0.09845650140318055
0 0.12421052631578948 0.1225444340505145 0.024473684210526314 0.08699719363891488
0 0.12118421052631578 0.19480823199251637 0.024473684210526314 0.09424695977549111
0 0.13078947368421054 0.27034611786716556 0.02973684210526316 0.0970533208606174
0 0.1394736842105263 0.357577174929841 0.02592105263157895 0.1314312441534144
0 0.32921052631578945 0.12418147801683817 0.020657894736842104 0.10126286248830683
0 0.3336842105263158 0.0626753975678204 0.020657894736842104 0.08419083255378859
0 0.3103947368421053 0.308933582787652 0.0275 0.1283910196445276
0 0.2513157894736842 0.3346585594013096 0.026710526315789473 0.1283910196445276
0 0.7935526315789474 0.46492048643592143 0.06763157894736842 0.2899906454630496
0 0.8976277650000001 0.6099158091674463 0.8978947368421053 0.6005612722170253 0.8968421052631579 0.5799812909260992 0.8936842105263157 0.5575304022450889 0.8921052631578947 0.5266604303086997 0.8918421052631579 0.480823199251637 0.8978947368421053 0.4331150608044902 0.8986842105263158 0.39943872778297473 0.8976315789473684 0.3872778297474275 0.8923684210526316 0.3540692235734331 0.8892105263157895 0.34658559401309635 0.8857894736842106 0.34284377923292797 0.883421052631579 0.33395696913002804 0.8826315789473684 0.3077642656688494 0.8805263157894737 0.29560336763330214 0.8755263157894737 0.2890551917680075 0.8652631578947368 0.2871842843779233 0.8621052631578947 0.2885874649204864 0.858421052631579 0.2951356407857811 0.8555263157894737 0.3255378858746492 0.853421052631579 0.3316183348924228 0.8510526315789474 0.3353601496725912 0.8402631578947368 0.34424695977549113 0.8342105263157895 0.35360149672591207 0.83 0.3713751169317119 0.8268421052631579 0.39943872778297473 0.8289473684210527 0.45650140318054255 0.8318421052631579 0.4752104770813845 0.8371052631578947 0.49438727782974745 0.8363157894736842 0.5865294667913938 0.8376463631578948 0.6099158091674463 0.8577170197368421 0.6099158091674463 0.8581578947368421 0.5898035547240411 0.8602631578947368 0.5617399438727783 0.863421052631579 0.538821328344247 0.8652631578947368 0.5341440598690365 0.8744736842105263 0.5818521983161834 0.8764285713157894 0.6099158091674463 0.8976277650000001 0.6099158091674463
0 0.5897368421052631 0.44971936389148737 0.019473684210526317 0.3101028999064546
0 0.6025605263157895 0.3865294667913939 0.027081578947368384 0.20546772684752104
0 0.5842105263157895 0.2963049579045837 0.008421052631578947 0.0715622076707203
0 0.6397236842105263 0.35570626753975676 0.03276842105263157 0.17637979420018704
0 0.35697368421052633 0.8274087932647334 0.10868421052631579 0.23550046772684752
0 0.10092105263157895 0.8224976613657624 0.08118421052631579 0.26520112254443406
0 0.1723684210526316 0.8196913002806361 0.08855263157894737 0.235266604303087
0 0.4481578947368421 0.8131431244153414 0.10578947368421053 0.2469597754911132
0 0.2425 0.818755846585594 0.13592105263157894 0.24672591206735267
0 0.32513157894736844 0.8171188026192704 0.0875 0.2411131898971001
0 0.7611842105263158 0.9015434985968195 0.0838157894736842 0.1931711880261927
0 0.9367105263157894 0.8985032740879326 0.09302631578947368 0.20135640785781103
0 0.6501315789473684 0.8947614593077643 0.10828947368421053 0.20673526660430308
0 0.7463157894736843 0.8250701590271281 0.07328947368421053 0.33348924228250704
0 0.6746052631578947 0.8269410664172123 0.08789473684210526 0.3369971936389149
0 0.8493421052631579 0.9059869036482694 0.08828947368421053 0.18779232927970066
0 0.8894736842105263 0.8239008419083256 0.05881578947368421 0.2731524789522919
0 0.8089473684210526 0.8367633302151544 0.07592105263157894 0.3101028999064546