0 0.27661290322580645 0.04254302103250478 0.051075268817204304 0.08508604206500955
0 0.3258064516129032 0.10803059273422562 0.04408602150537634 0.21606118546845124
0 0.328494623655914 0.01959847036328872 0.04408602150537634 0.03919694072657744
0 0.27352150537634407 0.16873804971319312 0.04704301075268817 0.1959847036328872
0 0.07311827956989247 0.021032504780114723 0.03333333333333333 0.04206500956022945
0 0.10403225806451613 0.06405353728489484 0.03602150537634408 0.12810707456978968
0 0.13172043010752688 0.11376673040152964 0.04032258064516129 0.18164435946462715
0 0.42338709677419356 0.10540152963671127 0.043010752688172046 0.17447418738049714
0 0.3817204301075269 0.09369024856596558 0.03763440860215054 0.18738049713193117
0 0.34596774193548385 0.3154875717017208 0.057526881720430106 0.06883365200764818
0 0.4314516129032258 0.2901529636711281 0.056451612903225805 0.11950286806883365
0 0.4978494623655914 0.24952198852772467 0.04946236559139785 0.20076481835564053
0 0.041666666666666664 0.08317399617590822 0.0456989247311828 0.16634799235181644
0 0.012634408602150538 0.0841300191204589 0.025268817204301075 0.1682600382409178
0 0.1389784946236559 0.2652963671128107 0.0521505376344086 0.16921606118546845
0 0.4932795698924731 0.40678776290630975 0.0239247311827957 0.0994263862332696
0 0.19086021505376344 0.44980879541108987 0.03655913978494624 0.0994263862332696
0 0.7424731182795699 0.8508604206500956 0.03951612903225806 0.11902485659655831