0 0.10915071770334928 0.3723404255319149 0.056818181818181816 0.19361702127659575
0 0.139055023923445 0.27074468085106385 0.05382775119617225 0.25
0 0.354366028708134 0.06861702127659575 0.030502392344497607 0.1372340425531915
0 0.2654007177033493 0.27074468085106385 0.0583133971291866 0.28191489361702127
0 0.3349282296650718 0.23085106382978723 0.05382775119617225 0.2393617021276596
0 0.9058014354066986 0.039361702127659576 0.03409090909090909 0.05106382978723404
0 0.7661483253588517 0.10638297872340426 0.05382775119617225 0.15319148936170213
0 0.4255382775119617 0.12340425531914893 0.08433014354066985 0.16595744680851063
0 0.6444377990430622 0.13085106382978723 0.038875598086124404 0.08297872340425531
0 0.8495813397129187 0.1372340425531915 0.042464114832535885 0.10425531914893617
0 0.52811004784689 0.13882978723404255 0.03708133971291866 0.1351063829787234
0 0.5642942583732058 0.14893617021276595 0.05562200956937799 0.16595744680851063
0 0.4688995215311005 0.15106382978723404 0.029904306220095694 0.07872340425531915
0 0.6175239234449761 0.15851063829787235 0.04844497607655503 0.1595744680851064
0 0.8953349282296651 0.16702127659574467 0.06339712918660287 0.2297872340425532
0 0.9536483253588517 0.17393617021276594 0.09270334928229665 0.2542553191489362
0 0.7171052631578947 0.20053191489361702 0.09330143540669857 0.2797872340425532
0 0.9799641148325359 0.21170212765957447 0.04007177033492823 0.41702127659574467
0 0.4147727272727273 0.2271276595744681 0.090311004784689 0.2542553191489362
0 0.7930622009569378 0.2398936170212766 0.08971291866028708 0.32872340425531915
0 0.666566985645933 0.24202127659574468 0.07117224880382775 0.34361702127659577
0 0.618122009569378 0.25372340425531914 0.04724880382775119 0.35
0 0.49611244019138756 0.274468085106383 0.08911483253588516 0.33404255319148934
0 0.5941985645933014 0.29414893617021276 0.08433014354066985 0.35
0 0.8322368421052632 0.31968085106382976 0.1513157894736842 0.298936170212766
0 0.9455741626794258 0.32340425531914896 0.10885167464114832 0.29148936170212764
0 0.5481459330143541 0.34893617021276596 0.12260765550239235 0.2404255319148936
0 0.6907894736842105 0.3478723404255319 0.15550239234449761 0.2425531914893617
0 0.4288277511961722 0.3574468085106383 0.11483253588516747 0.22340425531914893