0 0.21519337016574586 0.46168958742632615 0.052486187845303865 0.13555992141453832
0 0.24281767955801106 0.3894891944990177 0.049723756906077346 0.23084479371316308
0 0.6005524861878453 0.08988212180746562 0.052486187845303865 0.13261296660117877
0 0.5501381215469613 0.17215127701375246 0.04558011049723757 0.2382121807465619
0 0.5472375690607735 0.05451866404715128 0.04585635359116022 0.10903732809430255
0 0.1468232044198895 0.09479371316306483 0.04558011049723757 0.15717092337917485
0 0.6040055248618784 0.24214145383104127 0.04834254143646409 0.2013752455795678
0 0.5947513812154697 0.48772102161100195 0.04143646408839779 0.08349705304518663
0 0.523756906077348 0.4582514734774067 0.05414364640883978 0.14243614931237722
0 0.4408839779005525 0.42976424361493126 0.056353591160221 0.1994106090373281
0 0.38162983425414365 0.2863457760314342 0.05386740331491713 0.2357563850687623
0 0.2709944751381215 0.07809430255402751 0.04585635359116022 0.15618860510805502
0 0.7342541436464088 0.1856581532416503 0.011049723756906077 0.18664047151277013
0 0.45 0.17706286836935167 0.04419889502762431 0.17927308447937132
0 0.49281767955801103 0.16355599214145383 0.03867403314917127 0.19646365422396855
0 0.406353591160221 0.0275049115913556 0.04585635359116022 0.0550098231827112
0 0.44226519337016573 0.021611001964636542 0.042541436464088395 0.043222003929273084
0 0.4726519337016575 0.028978388998035363 0.04033149171270718 0.05795677799607073
0 0.0707182320441989 0.07072691552062868 0.045303867403314914 0.14145383104125736
0 0.020441988950276244 0.06827111984282908 0.04088397790055249 0.13654223968565815
0 0.018508287292817678 0.12524557956777996 0.037016574585635356 0.20923379174852652
0 0.0060773480662983425 0.3791748526522593 0.012154696132596685 0.19646365422396855
0 0.724585635359116 0.02504911591355599 0.03038674033149171 0.05009823182711198
0 0.9676795580110498 0.7647347740667977 0.06464088397790055 0.47053045186640474
0 0.8977900552486188 0.7647347740667977 0.1270718232044199 0.47053045186640474
0 0.7994475138121547 0.7647347740667977 0.11933701657458563 0.47053045186640474