0 0.07167832167832168 0.258298755186722 0.05244755244755245 0.1016597510373444
0 0.44900932400932403 0.04149377593360996 0.05536130536130536 0.08298755186721991
0 0.395979020979021 0.11255186721991702 0.04836829836829837 0.22510373443983403
0 0.3930652680652681 0.016597510373443983 0.04836829836829837 0.03319502074688797
0 0.45294289044289043 0.1737551867219917 0.05099067599067599 0.21265560165975103
0 0.2905011655011655 0.10503112033195021 0.046620046620046623 0.18931535269709543
0 0.3356643356643357 0.09699170124481328 0.04079254079254079 0.19398340248962656
0 0.22698135198135197 0.023340248962655602 0.03904428904428905 0.046680497925311204
0 0.26282051282051283 0.2411825726141079 0.05244755244755245 0.1358921161825726
0 0.3755827505827506 0.2645228215767635 0.050699300699300696 0.08921161825726141
0 0.8245920745920746 0.19813278008298754 0.09411421911421912 0.21732365145228216
0 0.7444638694638694 0.133298755186722 0.043414918414918416 0.07053941908713693
0 0.6736596736596736 0.19761410788381742 0.07080419580419581 0.21887966804979253
0 0.3741258741258741 0.8402489626556017 0.09527972027972027 0.1566390041493776
0 0.6707459207459208 0.5243775933609959 0.26223776223776224 0.4299792531120332