0 0.27081021087680357 0.7376482213438735 0.05993340732519423 0.08399209486166008
0 0.3174250832408435 0.23863636363636365 0.05271920088790233 0.13339920948616601
0 0.36806326304106546 0.32139328063241107 0.045782463928967815 0.23962450592885376
0 0.3708379578246393 0.19046442687747037 0.045782463928967815 0.1358695652173913
0 0.15996115427302995 0.1225296442687747 0.037458379578246395 0.1432806324110672
0 0.16120976692563818 0.021739130434782608 0.029411764705882353 0.043478260869565216
0 0.31395671476137627 0.39179841897233203 0.04855715871254162 0.2025691699604743
0 0.32269700332963375 0.6882411067193676 0.041620421753607105 0.18280632411067194
0 0.10724195338512764 0.17440711462450592 0.034683684794672584 0.17292490118577075
0 0.1391509433962264 0.2608695652173913 0.037458379578246395 0.17786561264822134
0 0.16759156492785793 0.3349802371541502 0.041620421753607105 0.18774703557312253
0 0.468645948945616 0.32633399209486164 0.04439511653718091 0.18033596837944665
0 0.42563817980022195 0.31274703557312256 0.038845726970033294 0.1976284584980237
0 0.5123473917869035 0.11635375494071146 0.045782463928967815 0.17539525691699603
0 0.47891231964483905 0.0291501976284585 0.03773584905660377 0.058300395256917
0 0.47627635960044395 0.10400197628458498 0.043007769145394004 0.17539525691699603
0 0.44575471698113206 0.11635375494071146 0.0402330743618202 0.18033596837944665
0 0.18909544950055493 0.11388339920948616 0.037458379578246395 0.17045454545454544
0 0.13124306326304105 0.041501976284584984 0.030521642619311874 0.08300395256916997
0 0.1752219755826859 0.5202569169960475 0.054106548279689234 0.23221343873517786
0 0.52330743618202 0.058794466403162056 0.03773584905660377 0.11758893280632411
0 0.195338512763596 0.037549407114624504 0.033296337402885685 0.07509881422924901
0 0.3448945615982242 0.07855731225296443 0.041620421753607105 0.15711462450592886
0 0.39289678135405104 0.08695652173913043 0.04328523862375139 0.17391304347826086
0 0.5510543840177581 0.5400197628458498 0.03773584905660377 0.2618577075098814
0 0.4839067702552719 0.5276679841897233 0.06104328523862375 0.22233201581027667
0 0.39026082130965595 0.5844861660079052 0.05965593784683685 0.22727272727272727
0 0.046198668146503884 0.3374505928853755 0.04855715871254162 0.1976284584980237
0 0.06076581576026637 0.2608695652173913 0.049944506104328525 0.17292490118577075
0 0.560488346281909 0.908102766798419 0.018867924528301886 0.18379446640316205
0 0.5471698113207547 0.8537549407114624 0.04550499445061043 0.1482213438735178
0 0.1956159822419534 0.9342885375494071 0.041620421753607105 0.13142292490118576
0 0.4322974472807991 0.8611660079051383 0.05438401775804662 0.16304347826086957
0 0.05688124306326304 0.8759881422924901 0.04716981132075472 0.19268774703557312
0 0.36792452830188677 0.8325098814229249 0.049944506104328525 0.10573122529644269
0 0.2602663706992231 0.8547430830039525 0.048834628190899 0.15019762845849802