0 0.5375690607734807 0.47053045186640474 0.02430939226519337 0.09823182711198428
0 0.523756906077348 0.4106090373280943 0.049723756906077346 0.2180746561886051
0 0.4638121546961326 0.01424361493123772 0.05138121546961326 0.02848722986247544
0 0.16629834254143647 0.11738703339882121 0.052486187845303865 0.13261296660117877
0 0.21671270718232044 0.19965618860510806 0.04558011049723757 0.2382121807465619
0 0.21947513812154695 0.06949901768172888 0.04558011049723757 0.13506876227897838
0 0.01408839779005525 0.036345776031434185 0.0281767955801105 0.07269155206286837
0 0.1628453038674033 0.26964636542239684 0.04834254143646409 0.2013752455795678
0 0.17154696132596686 0.49656188605108054 0.04143646408839779 0.04616895874263261
0 0.01878453038674033 0.2131630648330059 0.03756906077348066 0.18664047151277013
0 0.3168508287292818 0.20456777996070727 0.04419889502762431 0.17927308447937132
0 0.2740331491712707 0.19106090373280943 0.03867403314917127 0.19646365422396855
0 0.3602209944751381 0.0412573673870334 0.045303867403314914 0.0825147347740668
0 0.3243093922651934 0.03536345776031434 0.0430939226519337 0.07072691552062868
0 0.29392265193370165 0.04273084479371316 0.039779005524861875 0.08546168958742632
0 0.03839779005524862 0.03880157170923379 0.037016574585635356 0.07760314341846758
0 0.237292817679558 0.45235756385068765 0.05911602209944752 0.13457760314341846
0 0.3251381215469613 0.4263261296660118 0.058011049723756904 0.18664047151277013
0 0.39350828729281767 0.37278978388998035 0.05110497237569061 0.2455795677799607
0 0.02569060773480663 0.3973477406679764 0.05138121546961326 0.23084479371316308
0 0.5348066298342542 0.08055009823182711 0.02983425414364641 0.16110019646365423
0 0.19364640883977902 0.018172888015717092 0.04143646408839779 0.036345776031434185
0 0.444475138121547 0.7391944990176817 0.03038674033149171 0.04174852652259332
0 0.9806629834254144 0.8610019646365422 0.03867403314917127 0.2779960707269155
0 0.8850828729281768 0.9204322200392927 0.06629834254143646 0.15913555992141454
0 0.9411602209944752 0.8629666011787819 0.07900552486187845 0.27406679764243613
0 0.594475138121547 0.918467583497053 0.07624309392265194 0.16306483300589392
0 0.8215469613259668 0.9214145383104125 0.06629834254143646 0.15717092337917485
0 0.6610497237569061 0.918958742632613 0.06574585635359116 0.16208251473477406
0 0.7654696132596686 0.9327111984282908 0.054696132596685085 0.13457760314341846
0 0.7933701657458564 0.8344793713163065 0.04088397790055249 0.19548133595284872
0 0.744475138121547 0.824656188605108 0.06353591160220995 0.21709233791748528
0 0.7171270718232045 0.9258349705304518 0.06077348066298342 0.14833005893909626
0 0.8303867403314917 0.8266208251473477 0.04419889502762431 0.18369351669941061
0 0.8767955801104972 0.8276031434184676 0.05414364640883978 0.18958742632612965
0 0.5779005524861879 0.8654223968565815 0.056353591160221 0.2691552062868369
0 0.6969613259668508 0.8305500982318271 0.044751381215469614 0.2013752455795678
0 0.623756906077348 0.8212180746561886 0.04419889502762431 0.19842829076620824
0 0.6604972375690608 0.8167976424361493 0.044751381215469614 0.17779960707269155