0 0.16524459613196815 0.07742914979757085 0.047212741751990896 0.1548582995951417
0 0.2208475540386803 0.10475708502024292 0.04977246871444824 0.2074898785425101
0 0.21131968145620023 0.36690283400809715 0.042662116040955635 0.10425101214574899
0 0.3998862343572241 0.030870445344129555 0.038680318543799774 0.06174089068825911
0 0.3705915813424346 0.07135627530364372 0.042662116040955635 0.14271255060728744
0 0.062002275312855515 0.06477732793522267 0.04550625711035267 0.12955465587044535
0 0.10637087599544938 0.062246963562753034 0.03981797497155859 0.12449392712550607
0 0.3630546075085324 0.23633603238866396 0.05546075085324232 0.23785425101214575
0 0.04664391353811149 0.24392712550607287 0.06257110352673492 0.22773279352226722
0 0.14263367463026166 0.3021255060728745 0.0611490329920364 0.23279352226720648
0 0.838452787258248 0.28289473684210525 0.0813424345847554 0.13866396761133604
0 0.11774744027303755 0.562753036437247 0.011660978384527872 0.04908906882591093
0 0.11006825938566553 0.5602226720647774 0.007963594994311717 0.0541497975708502
0 0.729806598407281 0.7059716599190283 0.35523321956769055 0.4144736842105263