0 0.20872395833333332 0.2814814814814815 0.055989583333333336 0.21296296296296297
0 0.15989583333333332 0.18888888888888888 0.0390625 0.21296296296296297
0 0.2984375 0.059722222222222225 0.051041666666666666 0.11944444444444445
0 0.01875 0.060648148148148145 0.0375 0.12129629629629629
0 0.09661458333333334 0.08842592592592592 0.05572916666666667 0.17685185185185184
0 0.5 0.3314814814814815 0.10104166666666667 0.14675925925925926
0 0.75703125 0.3277777777777778 0.09192708333333334 0.12314814814814815
0 0.8385416666666666 0.3296296296296296 0.08098958333333334 0.11481481481481481
0 0.6333333333333333 0.33101851851851855 0.07708333333333334 0.10416666666666667
0 0.38984375 0.3236111111111111 0.059895833333333336 0.16296296296296298
0 0.9244791666666666 0.3296296296296296 0.08697916666666666 0.09861111111111111
0 0.20286458333333332 0.8583333333333333 0.07109375 0.26851851851851855
0 0.05390625 0.8537037037037037 0.07890625 0.2800925925925926
0 0.296875 0.8486111111111111 0.09192708333333334 0.2875
0 0.21536458333333333 0.7518518518518519 0.062239583333333334 0.4638888888888889
0 0.27630208333333334 0.7541666666666667 0.07447916666666667 0.4689814814814815
0 0.128125 0.8643518518518518 0.07473958333333333 0.2611111111111111
0 0.09401041666666667 0.75 0.05 0.3800925925925926
0 0.16223958333333333 0.7680555555555556 0.06432291666666666 0.43148148148148147
0 0.6755208333333333 0.6282407407407408 0.02421875 0.03981481481481482
0 0.6427083333333333 0.625462962962963 0.020572916666666666 0.04259259259259259