0 0.3336842105263158 0.21956928838951312 0.05 0.12640449438202248
0 0.3815789473684211 0.24719101123595505 0.0431578947368421 0.1254681647940075
0 0.3843421052631579 0.17392322097378277 0.04342105263157895 0.12874531835205993
0 0.1843421052631579 0.10955056179775281 0.035526315789473684 0.13576779026217228
0 0.38421052631578945 0.05102996254681648 0.037894736842105266 0.10205992509363296
0 0.3513157894736842 0.050093632958801496 0.038421052631578946 0.10018726591760299
0 0.18552631578947368 0.017322097378277154 0.027894736842105264 0.03464419475655431
0 0.33026315789473687 0.2893258426966292 0.045789473684210526 0.04119850187265917
0 0.1343421052631579 0.15870786516853932 0.03289473684210526 0.16385767790262173
0 0.12026315789473684 0.22940074906367042 0.04473684210526316 0.16104868913857678
0 0.16447368421052633 0.23314606741573032 0.035263157894736843 0.15355805243445692
0 0.19131578947368422 0.26591760299625467 0.039473684210526314 0.08801498127340825
0 0.21197368421052631 0.10135767790262172 0.035526315789473684 0.16151685393258428
0 0.15710526315789475 0.03604868913857678 0.02894736842105263 0.07209737827715355
0 0.06184210526315789 0.2542134831460674 0.038421052631578946 0.11142322097378277
0 0.853421052631579 0.26919475655430714 0.05 0.08146067415730338
0 0.8268421052631579 0.21207865168539325 0.04736842105263158 0.1956928838951311
0 0.5342105263157895 0.0650749063670412 0.0431578947368421 0.1301498127340824
0 0.48289473684210527 0.0898876404494382 0.045789473684210526 0.1797752808988764
0 0.6294736842105263 0.05337078651685393 0.042105263157894736 0.10674157303370786
0 0.5889473684210527 0.05102996254681648 0.03684210526315789 0.10205992509363296
0 0.5539473684210526 0.25187265917602997 0.05631578947368421 0.11610486891385768
0 0.6376315789473684 0.22705992509363296 0.05526315789473684 0.16573033707865167
0 0.7027631578947369 0.18211610486891386 0.04868421052631579 0.2340823970037453
0 0.9539473684210527 0.04541198501872659 0.04368421052631579 0.09082397003745318