0 0.010391923990498812 0.44820295983086683 0.020783847980997625 0.24312896405919662
0 0.45279097387173395 0.2830338266384778 0.05641330166270784 0.23520084566596194
0 0.4230997624703088 0.1601479915433404 0.05344418052256532 0.24841437632135308
0 0.09263657957244656 0.026955602536997886 0.048693586698337295 0.05391120507399577
0 0.034738717339667456 0.05496828752642706 0.05166270783847981 0.10993657505285412
0 0.04453681710213777 0.34249471458773784 0.04453681710213777 0.24312896405919662
0 0.10020783847980998 0.4072410147991543 0.06383610451306414 0.29334038054968287
0 0.1209916864608076 0.28831923890063427 0.057897862232779096 0.2616279069767442
0 0.21006532066508313 0.22093023255813954 0.06086698337292162 0.24841437632135308
0 0.27375296912114017 0.08773784355179703 0.05819477434679335 0.17547568710359407
0 0.8515439429928741 0.21300211416490486 0.022268408551068885 0.1464059196617336
0 0.8126484560570071 0.21987315010570824 0.023752969121140142 0.12209302325581395
0 0.7891923990498813 0.21458773784355178 0.014845605700712588 0.12526427061310783
0 0.9602137767220903 0.25052854122621565 0.05344418052256532 0.339323467230444
0 0.663895486935867 0.20243128964059195 0.015736342042755345 0.08985200845665962
0 0.6888361045130641 0.19767441860465115 0.014845605700712588 0.0919661733615222
0 0.7217933491686461 0.2806553911205074 0.07393111638954869 0.36046511627906974
0 0.836104513064133 0.21458773784355178 0.01811163895486936 0.13953488372093023
0 0.18586698337292162 0.6971458773784355 0.045724465558194774 0.06183932346723044
0 0.2505938242280285 0.7019027484143763 0.06264845605700713 0.08456659619450317
0 0.38717339667458434 0.702431289640592 0.07897862232779097 0.0776955602536998
0 0.31235154394299286 0.7066596194503171 0.05760095011876484 0.08615221987315011
0 0.049584323040380046 0.8123678646934461 0.09887173396674584 0.3752642706131078
0 0.12796912114014253 0.8202959830866807 0.10332541567695962 0.3372093023255814
0 0.5323634204275535 0.8271670190274841 0.08046318289786224 0.3456659619450317
0 0.5932304038004751 0.8308668076109936 0.09144893111638955 0.3382663847780127
0 0.16953681710213778 0.8435517970401691 0.11104513064133016 0.3128964059196617
0 0.48248218527315917 0.8345665961945031 0.10748218527315914 0.3308668076109937
0 0.40380047505938244 0.8440803382663847 0.0911520190023753 0.3118393234672304
0 0.24524940617577198 0.8498942917547568 0.10184085510688837 0.2986257928118393
0 0.3274940617577197 0.8488372093023255 0.08818289786223278 0.30179704016913317
0 0.8521377672209026 0.7896405919661733 0.29542755344418054 0.42071881606765327