0 0.4189265536723164 0.5558350100603622 0.05367231638418079 0.06740442655935613
0 0.3903954802259887 0.49446680080482897 0.05084745762711865 0.19014084507042253
0 0.3290960451977401 0.05985915492957746 0.05254237288135593 0.11971830985915492
0 0.3305084745762712 0.019617706237424547 0.05536723163841808 0.039235412474849095
0 0.025706214689265535 0.2107645875251509 0.05141242937853107 0.1358148893360161
0 0.07641242937853107 0.2950201207243461 0.046610169491525424 0.24396378269617705
0 0.07923728813559322 0.16172032193158953 0.046610169491525424 0.13832997987927564
0 0.02288135593220339 0.36670020120724345 0.04576271186440678 0.2062374245472837
0 0.1788135593220339 0.30005030181086517 0.04519774011299435 0.1836016096579477
0 0.13502824858757062 0.28621730382293764 0.03954802259887006 0.2012072434607646
0 0.18926553672316385 0.01358148893360161 0.0384180790960452 0.02716297786720322
0 0.1864406779661017 0.08148893360160966 0.04406779661016949 0.16297786720321933
0 0.1553672316384181 0.08903420523138833 0.04067796610169491 0.17806841046277666
0 0.4847457627118644 0.03722334004024145 0.030508474576271188 0.0744466800804829
0 0.052824858757062144 0.06388329979879276 0.0423728813559322 0.12776659959758552
0 0.1016949152542373 0.07243460764587525 0.04406779661016949 0.1448692152917505
0 0.2711864406779661 0.4869215291750503 0.05536723163841808 0.2052313883299799
0 0.4387005649717514 0.14159959758551308 0.0480225988700565 0.1886317907444668
0 0.24025423728813558 0.15417505030181086 0.038135593220338986 0.17857142857142858
0 0.24858757062146894 0.05985915492957746 0.0384180790960452 0.11971830985915492
0 0.20564971751412428 0.4778672032193159 0.05084745762711865 0.22334004024144868
0 0.096045197740113 0.5005030181086519 0.04971751412429379 0.17806841046277666
0 0.6915254237288135 0.25251509054325955 0.059887005649717516 0.18762575452716299
0 0.8290960451977402 0.7947686116700201 0.3310734463276836 0.4104627766599598
0 0.6680790960451978 0.7434607645875252 0.146045197740113 0.12575452716297786
0 0.5624293785310734 0.7117706237424547 0.1248587570621469 0.14637826961770622