0 0.18891891891891893 0.44759615384615387 0.05783783783783784 0.08365384615384615
0 0.14351351351351352 0.012980769230769231 0.051351351351351354 0.025961538461538463
0 0.09432432432432432 0.07884615384615384 0.044864864864864865 0.1576923076923077
0 0.14716216216216216 0.11009615384615384 0.0472972972972973 0.1971153846153846
0 0.1381081081081081 0.3995192307692308 0.04054054054054054 0.1798076923076923
0 0.3172972972972973 0.03461538461538462 0.036756756756756756 0.06923076923076923
0 0.28945945945945944 0.07307692307692308 0.04054054054054054 0.14615384615384616
0 0.00891891891891892 0.06682692307692308 0.01783783783783784 0.13365384615384615
0 0.038378378378378375 0.06442307692307692 0.03783783783783784 0.12884615384615383
0 0.0741891891891892 0.3372596153846154 0.05810810810810811 0.2283653846153846
0 0.008378378378378378 0.28173076923076923 0.016756756756756756 0.21923076923076923
0 0.2822972972972973 0.23509615384615384 0.052702702702702706 0.22596153846153846
0 0.11783783783783784 0.4076923076923077 0.05405405405405406 0.16346153846153846
0 0.6662162162162162 0.05 0.051351351351351354 0.1
0 0.3886486486486487 0.06057692307692308 0.04972972972972973 0.12115384615384615
0 0.8327027027027027 0.22740384615384615 0.06486486486486487 0.20673076923076922
0 0.45972972972972975 0.15889423076923076 0.05945945945945946 0.22355769230769232
0 0.648918918918919 0.1829326923076923 0.04054054054054054 0.19951923076923078
0 0.617027027027027 0.11586538461538462 0.044864864864864865 0.23173076923076924
0 0.6143243243243244 0.026923076923076925 0.044864864864864865 0.05384615384615385
0 0.5191891891891892 0.08798076923076924 0.04054054054054054 0.16826923076923078
0 0.5575675675675675 0.08461538461538462 0.03945945945945946 0.16923076923076924
0 0.8197297297297297 0.08942307692307692 0.03405405405405405 0.17884615384615385
0 0.8386486486486486 0.05576923076923077 0.03945945945945946 0.11153846153846154
0 0.8648648648648649 0.05 0.032432432432432434 0.1
0 0.8867567567567568 0.028365384615384615 0.02972972972972973 0.05673076923076923
0 0.9658108108108108 0.16610576923076922 0.0472972972972973 0.19951923076923078
0 0.5075675675675676 0.3956730769230769 0.06054054054054054 0.1875
0 0.5921621621621621 0.46057692307692305 0.05675675675675676 0.057692307692307696
0 0.5805405405405405 0.4206730769230769 0.05297297297297297 0.1375
0 0.6737837837837838 0.7173076923076923 0.4735135135135135 0.2985576923076923