0 0.5544198895027624 0.04862475442043222 0.05138121546961326 0.09724950884086445
0 0.5558011049723757 0.009332023575638507 0.05414364640883978 0.018664047151277015
0 0.2569060773480663 0.18614931237721022 0.052486187845303865 0.13261296660117877
0 0.30718232044198895 0.24950884086444008 0.045303867403314914 0.20039292730844793
0 0.3100828729281768 0.13826129666011788 0.04558011049723757 0.13506876227897838
0 0.06408839779005525 0.04027504911591356 0.028729281767955802 0.08055009823182711
0 0.1 0.07072691552062868 0.03756906077348066 0.14145383104125736
0 0.06767955801104972 0.01669941060903733 0.03038674033149171 0.03339882121807466
0 0.30994475138121547 0.03143418467583497 0.039779005524861875 0.06286836935166994
0 0.275414364640884 0.030451866404715127 0.04033149171270718 0.060903732809430254
0 0.2533149171270718 0.293713163064833 0.04806629834254143 0.11198428290766209
0 0.47569060773480665 0.3069744597249509 0.05414364640883978 0.08546168958742632
0 0.5863259668508287 0.16281925343811396 0.04558011049723757 0.17927308447937132
0 0.04765193370165746 0.12229862475442044 0.034530386740331494 0.1719056974459725
0 0.03314917127071823 0.20579567779960709 0.04696132596685083 0.18664047151277013
0 0.07941988950276244 0.2082514734774067 0.03729281767955801 0.17681728880157171
0 0.1074585635359116 0.2691552062868369 0.04143646408839779 0.16110019646365423
0 0.40718232044198893 0.26669941060903735 0.04419889502762431 0.16601178781925344
0 0.36464088397790057 0.2554027504911591 0.03867403314917127 0.18860510805500982
0 0.4458563535911602 0.010805500982318271 0.03314917127071823 0.021611001964636542
0 0.450828729281768 0.0756385068762279 0.045303867403314914 0.1512770137524558
0 0.4149171270718232 0.06974459724950884 0.0430939226519337 0.13948919449901767
0 0.38453038674033146 0.07711198428290766 0.039779005524861875 0.15422396856581533
0 0.12900552486187844 0.07318271119842829 0.037016574585635356 0.14636542239685657
0 0.9251381215469613 0.2819253438113949 0.07900552486187845 0.13555992141453832
0 0.7773480662983425 0.287328094302554 0.04088397790055249 0.12475442043222004
0 0.7284530386740331 0.2770137524557957 0.06353591160220995 0.14538310412573674
0 0.8143646408839779 0.2863457760314342 0.04419889502762431 0.12671905697445973
0 0.8607734806629834 0.28536345776031435 0.05414364640883978 0.12868369351669942
0 0.68646408839779 0.28388998035363455 0.03370165745856354 0.13163064833005894