0 0.1484126984126984 0.3575800376647834 0.05026455026455026 0.20951035781544255
0 0.12195767195767196 0.24811676082862524 0.047619047619047616 0.22128060263653485
0 0.21375661375661376 0.02024482109227872 0.04338624338624339 0.04048964218455744
0 0.007407407407407408 0.1487758945386064 0.014814814814814815 0.22598870056497175
0 0.3394179894179894 0.0475517890772128 0.040740740740740744 0.0951035781544256
0 0.3513227513227513 0.2382297551789077 0.016931216931216932 0.18832391713747645
0 0.8626984126984127 0.3154425612052731 0.10793650793650794 0.24152542372881355
0 0.7997354497354497 0.2678907721280603 0.12751322751322752 0.11346516007532957
0 0.7092592592592593 0.4063088512241055 0.2328042328042328 0.21986817325800376
0 0.5060846560846561 0.3290960451977401 0.09232804232804233 0.3512241054613936
0 0.5894179894179894 0.3046139359698682 0.07407407407407407 0.3361581920903955
0 0.6505291005291005 0.3606403013182674 0.11058201058201059 0.2645951035781544
0 0.17486772486772487 0.7843691148775894 0.23333333333333334 0.4312617702448211
0 0.1970899470899471 0.7358757062146892 0.10899470899470899 0.2834274952919021
0 0.4783068783068783 0.57015065913371 0.052116402116402116 0.06120527306967985
0 0.5822751322751323 0.5677966101694916 0.031216931216931216 0.05649717514124294