0 0.5909090909090909 0.42271784232365145 0.05244755244755245 0.07365145228215768
0 0.5276806526806527 0.0487551867219917 0.05419580419580419 0.0975103734439834
0 0.5291375291375291 0.007261410788381743 0.05710955710955711 0.014522821576763486
0 0.21386946386946387 0.19139004149377592 0.05536130536130536 0.1400414937759336
0 0.26704545454545453 0.2782676348547718 0.04807692307692308 0.25155601659751037
0 0.2699592074592075 0.1408195020746888 0.04807692307692308 0.14263485477178423
0 0.21022727272727273 0.35217842323651455 0.05099067599067599 0.21265560165975103
0 0.005536130536130536 0.12396265560165975 0.011072261072261072 0.18153526970954356
0 0.3726689976689977 0.283454356846473 0.046620046620046623 0.18931535269709543
0 0.3275058275058275 0.2691908713692946 0.04079254079254079 0.2074688796680498
0 0.38053613053613056 0.07105809128630705 0.045454545454545456 0.1421161825726141
0 0.3484848484848485 0.07883817427385892 0.04195804195804196 0.15767634854771784
0 0.018356643356643356 0.014004149377593362 0.03205128205128205 0.028008298755186723
0 0.08566433566433566 0.009854771784232365 0.03496503496503497 0.01970954356846473
0 0.24271561771561773 0.052904564315352696 0.043706293706293704 0.10580912863070539
0 0.2931235431235431 0.061721991701244816 0.045454545454545456 0.12344398340248963
0 0.46794871794871795 0.4149377593360996 0.05710955710955711 0.08921161825726141
0 0.6407342657342657 0.12007261410788382 0.049533799533799536 0.19450207468879668
0 0.08712121212121213 0.1434128630705394 0.03496503496503497 0.17894190871369295
0 0.04487179487179487 0.13044605809128632 0.046620046620046623 0.15819502074688796
0 0.03904428904428905 0.26141078838174275 0.046620046620046623 0.17116182572614108
0 0.05710955710955711 0.3848547717842324 0.05710955710955711 0.14937759336099585
0 0.4360431235431235 0.13303941908713693 0.039335664335664336 0.1841286307053942
0 0.44463869463869465 0.0487551867219917 0.039627039627039624 0.0975103734439834
0 0.40034965034965037 0.40560165975103735 0.05244755244755245 0.1078838174273859
0 0.2872960372960373 0.4289419087136929 0.05128205128205128 0.061203319502074686
0 0.1561771561771562 0.6841286307053942 0.21765734265734266 0.2992738589211618
0 0.35926573426573427 0.6846473029045643 0.2517482517482518 0.4470954356846473
0 0.5008741258741258 0.6991701244813278 0.3371212121212121 0.47925311203319504
0 0.9519230769230769 0.904045643153527 0.058857808857808856 0.19190871369294607
0 0.8024475524475524 0.9097510373443983 0.053613053613053616 0.18049792531120332
0 0.75495337995338 0.9133817427385892 0.0472027972027972 0.1690871369294606
0 0.8744172494172494 0.9159751037344398 0.04487179487179487 0.15352697095435686
0 0.7048368298368298 0.9133817427385892 0.050699300699300696 0.14522821576763487