0 0.21603260869565216 0.4349613152804642 0.051630434782608696 0.21518375241779497
0 0.24320652173913043 0.3225338491295938 0.04891304347826087 0.22727272727272727
0 0.14864130434782608 0.054642166344294 0.045108695652173916 0.109284332688588
0 0.438179347826087 0.3781431334622824 0.05570652173913043 0.22727272727272727
0 0.3797554347826087 0.22098646034816247 0.05298913043478261 0.23210831721470018
0 0.27092391304347824 0.04642166344294004 0.045108695652173916 0.09284332688588008
0 0.4470108695652174 0.113394584139265 0.043478260869565216 0.1764990328820116
0 0.4891304347826087 0.10009671179883946 0.03804347826086957 0.19342359767891681
0 0.07391304347826087 0.03916827852998066 0.04456521739130435 0.07833655705996131
0 0.02418478260869565 0.0367504835589942 0.04076086956521739 0.0735009671179884
0 0.008152173913043478 0.31237911025145065 0.016304347826086956 0.19342359767891681
0 0.012771739130434783 0.09235976789168278 0.025543478260869567 0.18471953578336556
0 0.5076086956521739 0.405705996131528 0.02391304347826087 0.22920696324951645
0 0.8923913043478261 0.24613152804642166 0.07635869565217392 0.1581237911025145
0 0.714945652173913 0.2978723404255319 0.09755434782608696 0.27949709864603484
0 0.6019021739130435 0.34381044487427465 0.16467391304347825 0.41102514506769827
0 0.42146739130434785 0.9124758220502901 0.058152173913043476 0.17504835589941972
0 0.01141304347826087 0.784816247582205 0.02282608695652174 0.21566731141199227
0 0.02418478260869565 0.6726305609284333 0.0483695652173913 0.22727272727272727
0 0.16793478260869565 0.5817214700193424 0.059782608695652176 0.06479690522243714
0 0.35842391304347826 0.5880077369439072 0.04076086956521739 0.07736943907156674
0 0.28505434782608696 0.8225338491295938 0.057065217391304345 0.21760154738878143
0 0.29239130434782606 0.8955512572533849 0.058695652173913045 0.20889748549323017
0 0.21644021739130434 0.7608800773694391 0.06114130434782609 0.22969052224371372
0 0.5695652173913044 0.7746615087040619 0.1 0.4506769825918762
0 0.9538043478260869 0.7901353965183753 0.09239130434782608 0.4197292069632495
0 0.6567934782608695 0.7746615087040619 0.15706521739130436 0.4506769825918762
0 0.7790760869565218 0.7746615087040619 0.13858695652173914 0.4506769825918762
0 0.8855978260869565 0.7746615087040619 0.1309782608695652 0.4506769825918762