0 0.1543956043956044 0.12353515625 0.0521978021978022 0.1318359375
0 0.10425824175824176 0.205322265625 0.04532967032967033 0.23681640625
0 0.10151098901098901 0.075927734375 0.04532967032967033 0.13427734375
0 0.15782967032967032 0.27490234375 0.04807692307692308 0.2001953125
0 0.14862637362637363 0.54345703125 0.04120879120879121 0.1318359375
0 0.36236263736263735 0.07275390625 0.03461538461538462 0.1455078125
0 0.013186813186813187 0.2099609375 0.026373626373626374 0.177734375
0 0.04725274725274725 0.19677734375 0.038461538461538464 0.1953125
0 0.0271978021978022 0.0458984375 0.04010989010989011 0.091796875
0 0.1271978021978022 0.021484375 0.04120879120879121 0.04296875
0 0.07967032967032966 0.02978515625 0.04285714285714286 0.0595703125
0 0.3851648351648352 0.13818359375 0.04395604395604396 0.1904296875
0 0.4271978021978022 0.2392578125 0.0456043956043956 0.20703125
0 0.27362637362637365 0.0810546875 0.03296703296703297 0.162109375
0 0.31373626373626373 0.0703125 0.04395604395604396 0.140625
0 0.3192307692307692 0.189453125 0.04395604395604396 0.1611328125
0 0.30206043956043954 0.31884765625 0.05357142857142857 0.166015625
0 0.28626373626373625 0.4677734375 0.046703296703296704 0.224609375
0 0.08502747252747253 0.4287109375 0.04807692307692308 0.2197265625
0 0.6728021978021979 0.34228515625 0.12252747252747252 0.404296875
0 0.37032967032967035 0.7822265625 0.14038461538461539 0.1376953125
0 0.7486263736263736 0.80517578125 0.2876373626373626 0.32470703125
0 0.557967032967033 0.8046875 0.21593406593406594 0.390625