0 0.11129943502824859 0.403420523138833 0.061016949152542375 0.07243460764587525
0 0.5528248587570621 0.3257042253521127 0.05367231638418079 0.2238430583501006
0 0.5245762711864407 0.20875251509054327 0.05084745762711865 0.23641851106639838
0 0.21016949152542372 0.053822937625754526 0.04632768361581921 0.10764587525150905
0 0.15508474576271186 0.08048289738430583 0.04915254237288136 0.16096579476861167
0 0.16412429378531074 0.35311871227364183 0.0423728813559322 0.17303822937625754
0 0.32189265536723166 0.2665995975855131 0.05790960451977401 0.23641851106639838
0 0.3824858757062147 0.11167002012072434 0.05536723163841808 0.22334004024144868
0 0.013559322033898305 0.04778672032193159 0.02711864406779661 0.09557344064386318
0 0.012146892655367232 0.16448692152917505 0.024293785310734464 0.23440643863179075
0 0.31242937853107344 0.04124748490945674 0.04519774011299435 0.08249496981891348
0 0.2689265536723164 0.03873239436619718 0.03954802259887006 0.07746478873239436
0 0.196045197740113 0.3656941649899396 0.04406779661016949 0.14788732394366197
0 0.23149717514124293 0.29552313883299797 0.06073446327683616 0.23893360160965796
0 0.7005649717514124 0.2776659959758551 0.05536723163841808 0.323943661971831
0 0.7573446327683616 0.2701207243460765 0.0807909604519774 0.30985915492957744
0 0.8426553672316384 0.28018108651911466 0.10903954802259887 0.31891348088531185
0 0.9316384180790961 0.2540241448692153 0.05706214689265537 0.2540241448692153
0 0.7858757062146893 0.24798792756539234 0.03192090395480226 0.17002012072434608
0 0.7437853107344633 0.8672032193158954 0.020338983050847456 0.1981891348088531
0 0.765819209039548 0.8712273641851107 0.02288135593220339 0.19919517102615694
0 0.8056497175141243 0.8838028169014085 0.038700564971751415 0.23189134808853118
0 0.8370056497175141 0.8893360160965795 0.023163841807909605 0.22132796780684105
0 0.8799435028248588 0.8933601609657947 0.05508474576271186 0.21277665995975856
0 0.9341807909604519 0.9069416498993964 0.030508474576271188 0.17806841046277666
0 0.9926553672316384 0.8878269617706237 0.014689265536723164 0.13078470824949698