0 0.08167539267015707 0.770949720670391 0.16020942408376965 0.4548417132216015
0 0.3112565445026178 0.8221601489757915 0.15654450261780103 0.34823091247672255
0 0.9871727748691099 0.8994413407821229 0.025654450261780103 0.2011173184357542
0 0.9410994764397905 0.5148975791433892 0.04869109947643979 0.05027932960893855
0 0.6591623036649215 0.6243016759776536 0.049738219895287955 0.12569832402234637
0 0.7069371727748691 0.7022811918063314 0.04319371727748691 0.22579143389199255
0 0.7095549738219895 0.5789106145251397 0.04319371727748691 0.12802607076350092
0 0.5104712041884817 0.5358472998137802 0.0356020942408377 0.09217877094972067
0 0.6558900523560209 0.7686219739292365 0.04581151832460733 0.1908752327746741
0 0.4607329842931937 0.5675046554934823 0.032460732984293195 0.15549348230912477
0 0.49096858638743457 0.6452513966480447 0.03534031413612566 0.16759776536312848
0 0.5178010471204189 0.7150837988826816 0.03926701570680628 0.17690875232774675
0 0.8018324607329843 0.7069366852886406 0.041884816753926704 0.16992551210428306
0 0.7612565445026178 0.6941340782122905 0.03664921465968586 0.186219739292365
0 0.8429319371727748 0.5405027932960894 0.04293193717277487 0.10148975791433892
0 0.8089005235602095 0.5349162011173184 0.040837696335078534 0.09031657355679702
0 0.7801047120418848 0.5418994413407822 0.03769633507853403 0.1042830540037244
0 0.5379581151832461 0.5381750465549349 0.03507853403141361 0.09683426443202979
0 0.525 0.8896648044692738 0.051047120418848166 0.21880819366852886
0 0.6850785340314136 0.5186219739292365 0.03926701570680628 0.05772811918063315
0 0.7303664921465969 0.526536312849162 0.040837696335078534 0.07355679702048418
0 0.887434554973822 0.8924581005586593 0.05130890052356021 0.21508379888268156
0 0.8162303664921466 0.8957169459962756 0.05759162303664921 0.2085661080074488
0 0.7277486910994765 0.9213221601489758 0.05654450261780105 0.15735567970204842
0 0.40785340314136126 0.7169459962756052 0.03664921465968586 0.186219739292365
0 0.41701570680628275 0.6452513966480447 0.04712041884816754 0.16294227188081936