0 0.294758064516129 0.3233404710920771 0.10241935483870968 0.21199143468950749
0 0.13266129032258064 0.3329764453961456 0.1217741935483871 0.19271948608137046
0 0.6729838709677419 0.2885438972162741 0.024193548387096774 0.08404710920770878
0 0.6205645161290323 0.30620985010706636 0.031048387096774193 0.10224839400428265
0 0.6435483870967742 0.2896145610278373 0.027419354838709678 0.09261241970021414
0 0.3125 0.7825910064239828 0.034895161290322566 0.1482762312633833
0 0.9358870967741936 0.7392933618843683 0.12459677419354839 0.5058886509635975
0 0.8370967741935483 0.7307280513918629 0.12096774193548387 0.5305139186295503
0 0.7504032258064516 0.7264453961456103 0.12741935483870967 0.5422912205567452
0 0.6358870967741935 0.7226980728051392 0.13306451612903225 0.5481798715203426
0 0.5745967741935484 0.610813704496788 0.010483870967741936 0.09421841541755889
0 0.9899193548387096 0.6616702355460385 0.020161290322580645 0.16059957173447537