0 0.2675849941383353 0.0662839248434238 0.04865181711606096 0.1325678496868476
0 0.324736225087925 0.09394572025052192 0.05158264947245018 0.18789144050104384
0 0.1611957796014068 0.05323590814196242 0.04689331770222743 0.10647181628392484
0 0.20691676436107856 0.050626304801670144 0.041031652989449004 0.10125260960334029
0 0.1336459554513482 0.19832985386221294 0.05275498241500586 0.2348643006263048
0 0.24721570926143024 0.2453027139874739 0.05128956623681125 0.2348643006263048
0 0.04249706916764361 0.29958246346555323 0.0615474794841735 0.21920668058455114
0 0.2954279015240328 0.354384133611691 0.05744431418522861 0.10960334029227557
0 0.5401524032825322 0.26565762004175364 0.21014067995310667 0.21555323590814196
0 0.8232708089097304 0.2990605427974948 0.35316529894490034 0.17118997912317327
0 0.48739742086752635 0.7969728601252609 0.1951934349355217 0.40605427974947805
0 0.7552754982415005 0.7708768267223383 0.37924970691676435 0.42588726513569936
0 0.8900937866354045 0.7411273486430062 0.2198124267291911 0.2974947807933194