0 0.018026101141924978 0.5466991341991342 0.024216965742251267 0.10287878787878782
0 0.4168026101141925 0.8425324675324676 0.2463295269168026 0.31493506493506496
0 0.2463295269168026 0.8755411255411255 0.28466557911908646 0.24891774891774893
0 0.11011419249592169 0.8533549783549783 0.22022838499184338 0.29329004329004327
0 0.2948613376835236 0.7067099567099567 0.10399673735725938 0.10984848484848485
0 0.8368678629690048 0.8555194805194806 0.09787928221859707 0.288961038961039
0 0.9596247960848288 0.7895021645021645 0.05954323001631321 0.14123376623376624
0 0.9057911908646004 0.7316017316017316 0.06158238172920065 0.17045454545454544
0 0.833605220228385 0.6693722943722944 0.07300163132137032 0.1001082251082251
0 0.7422512234910277 0.8176406926406926 0.06525285481239804 0.18181818181818182
0 0.5530179445350734 0.8998917748917749 0.026101141924959218 0.2002164502164502
0 0.685562805872757 0.9204545454545454 0.07748776508972267 0.1590909090909091
0 0.5901305057096248 0.8966450216450217 0.05954323001631321 0.2067099567099567
0 0.767536704730832 0.8457792207792207 0.055057096247960846 0.3079004329004329
0 0.5497553017944535 0.7196969696969697 0.019168026101141926 0.17694805194805194