0 0.027094972067039105 0.2485089463220676 0.04888268156424581 0.12872763419483102
0 0.943854748603352 0.22962226640159045 0.1122905027932961 0.4592445328031809
0 0.2615921787709497 0.7634194831013916 0.051675977653631286 0.2286282306163022
0 0.2335195530726257 0.8802186878727635 0.05698324022346369 0.23956262425447317
0 0.6692737430167598 0.9647117296222664 0.054748603351955305 0.0705765407554672
0 0.5409217877094972 0.5708250497017893 0.05726256983240224 0.2062624254473161
0 0.5756983240223463 0.5541749502982107 0.043016759776536316 0.18986083499005965
0 0.6259776536312849 0.4870775347912525 0.037430167597765365 0.055666003976143144
0 0.5874301675977653 0.8866799204771372 0.05307262569832402 0.22664015904572565
0 0.02346368715083799 0.7693836978131213 0.04692737430167598 0.24055666003976142
0 0.008938547486033519 0.7420477137176938 0.017877094972067038 0.2514910536779324
0 0.0925977653631285 0.5757952286282306 0.04329608938547486 0.2062624254473161
0 0.05907821229050279 0.5695825049701789 0.040502793296089384 0.19383697813121273
0 0.0611731843575419 0.4995029821073559 0.030726256983240222 0.0805168986083499
0 0.030167597765363128 0.532803180914513 0.0335195530726257 0.147117296222664
0 0.0067039106145251395 0.5467196819085487 0.013407821229050279 0.1749502982107356
0 0.09245810055865922 0.4855864811133201 0.04636871508379888 0.05268389662027833
0 0.4312849162011173 0.9547713717693836 0.0670391061452514 0.09045725646123261
0 0.3983240223463687 0.5467196819085487 0.049162011173184354 0.1749502982107356
0 0.4262569832402235 0.4970178926441352 0.049162011173184354 0.07554671968190854
0 0.9377094972067039 0.8136182902584493 0.062290502793296086 0.3727634194831014
0 0.8729050279329609 0.8096421471172962 0.06843575418994413 0.38071570576540753
0 0.8287709497206703 0.8210735586481114 0.0505586592178771 0.3265407554671968
0 0.7846368715083799 0.8041749502982107 0.04664804469273743 0.32952286282306165