0 0.5422732240437158 0.30328155339805823 0.033387978142076453 0.11278640776699025
0 0.8745901639344262 0.45995145631067963 0.05191256830601093 0.21601941747572814
0 0.8472677595628415 0.3470873786407767 0.04918032786885246 0.22815533980582525
0 0.7740437158469945 0.06893203883495146 0.05081967213114754 0.1378640776699029
0 0.7024590163934427 0.17597087378640777 0.060109289617486336 0.22572815533980584
0 0.6423497267759563 0.10436893203883495 0.040983606557377046 0.16990291262135923
0 0.6032786885245902 0.09320388349514563 0.03934426229508197 0.18640776699029127
0 0.6027322404371585 0.620873786407767 0.06557377049180328 0.2961165048543689
0 0.9319672131147541 0.04951456310679612 0.03551912568306011 0.09902912621359224
0 0.9898907103825136 0.03495145631067961 0.020218579234972677 0.06990291262135923
0 0.5918032786885246 0.4975728155339806 0.04371584699453552 0.21844660194174756
0 0.651912568306011 0.4575242718446602 0.06557377049180328 0.24029126213592233