0 0.3588495575221239 0.76 0.2415929203539823 0.48
0 0.07876106194690266 0.7611764705882353 0.15752212389380532 0.4776470588235294
0 0.23053097345132742 0.841764705882353 0.20309734513274336 0.3164705882352941
0 0.9756637168141593 0.7694117647058824 0.048672566371681415 0.19058823529411764
0 0.8911504424778761 0.7635294117647059 0.1088495575221239 0.2111764705882353
0 0.6566371681415929 0.8094117647058824 0.1407079646017699 0.3811764705882353
0 0.565929203539823 0.8258823529411765 0.1 0.34823529411764703
0 0.6278761061946903 0.73 0.06725663716814159 0.15588235294117647
0 0.5995575221238938 0.8241176470588235 0.06283185840707965 0.2964705882352941
0 0.5075221238938054 0.8370588235294117 0.05575221238938053 0.32588235294117646
0 0.49734513274336284 0.8370588235294117 0.035398230088495575 0.32588235294117646
0 0.7225663716814159 0.7776470588235294 0.06725663716814159 0.17176470588235293