0 0.3082175925925925 0.10353909465020575 0.04943287037037041 0.20317901234567903
0 0.3559027777777778 0.09670781893004116 0.03356481481481482 0.1934156378600823
0 0.7589699074074074 0.28703703703703703 0.07465277777777778 0.20987654320987653
0 0.8339120370370371 0.14351851851851852 0.02546296296296296 0.12037037037037036
0 0.8611111111111112 0.147119341563786 0.028935185185185185 0.13168724279835392
0 0.7407407407407407 0.15432098765432098 0.03935185185185185 0.1440329218106996
0 0.8272569444444444 0.42335390946502055 0.046875 0.16358024691358025
0 0.8582175925925926 0.36676954732510286 0.03819444444444445 0.21502057613168724
0 0.8599537037037037 0.32253086419753085 0.02546296296296296 0.14506172839506173
0 0.8104745370370371 0.8096707818930041 0.11979166666666667 0.38065843621399176
0 0.6377314814814815 0.8436213991769548 0.12528935185185186 0.31275720164609055
0 0.7248263888888888 0.8595679012345679 0.0708912037037037 0.2808641975308642