0 0.2348216216216216 0.3260192307692308 0.01365945945945945 0.06473076923076927
0 0.25531351351351356 0.336326923076923 0.013097297297297307 0.02920192307692308
0 0.6022972972972973 0.6096153846153847 0.05810810810810811 0.22115384615384615
0 0.9864864864864865 0.34759615384615383 0.02702702702702703 0.22596153846153846
0 0.6472972972972973 0.05961538461538462 0.051351351351351354 0.11923076923076924
0 0.6968918918918919 0.13485576923076922 0.0445945945945946 0.23317307692307693
0 0.6994594594594594 0.03653846153846154 0.04432432432432432 0.07307692307692308
0 0.6441891891891892 0.20336538461538461 0.0472972972972973 0.1971153846153846
0 0.652972972972973 0.5134615384615384 0.04054054054054054 0.22115384615384615
0 0.7948648648648649 0.13966346153846154 0.043243243243243246 0.17548076923076922
0 0.7529729729729729 0.1264423076923077 0.03783783783783784 0.19230769230769232
0 0.7171621621621621 0.4305288461538462 0.05810810810810811 0.2283653846153846
0 0.802972972972973 0.3752403846153846 0.05675675675675676 0.21875
0 0.8698648648648649 0.30432692307692305 0.05 0.2403846153846154
0 0.6732432432432433 0.5447115384615384 0.05405405405405406 0.25
0 0.24351351351351352 0.7701923076923077 0.051351351351351354 0.08076923076923077
0 0.292972972972973 0.8360576923076923 0.04432432432432432 0.2125
0 0.29567567567567565 0.7471153846153846 0.04432432432432432 0.03461538461538462
0 0.2404054054054054 0.8947115384615385 0.0472972972972973 0.1971153846153846
0 0.5567567567567567 0.7701923076923077 0.025945945945945945 0.08076923076923077
0 0.03891891891891892 0.7485576923076923 0.03351351351351351 0.0375
0 0.07 0.791826923076923 0.036216216216216214 0.12403846153846154
0 0.09783783783783784 0.8394230769230769 0.04054054054054054 0.18269230769230768
0 0.3910810810810811 0.8310096153846154 0.043243243243243246 0.17548076923076922
0 0.3491891891891892 0.8216346153846154 0.03783783783783784 0.18365384615384617
0 0.46594594594594596 0.9375 0.04972972972972973 0.125
0 0.015135135135135135 0.8110576923076923 0.03027027027027027 0.1625
0 0.10513513513513513 0.9533653846153847 0.05243243243243243 0.09326923076923077
0 0.8905405405405405 0.9014423076923077 0.21864864864864864 0.19663461538461538
0 0.7143243243243244 0.8721153846153846 0.2891891891891892 0.25576923076923075