0 0.23884065934065934 0.333232421875 0.01424175824175822 0.10029296875000004
0 0.26267032967032966 0.35028320312500005 0.015538461538461524 0.043749999999999956
0 0.8307692307692308 0.3798828125 0.04945054945054945 0.099609375
0 0.7711538461538462 0.029296875 0.0510989010989011 0.05859375
0 0.6332417582417582 0.2333984375 0.026923076923076925 0.177734375
0 0.6368131868131868 0.05029296875 0.03406593406593406 0.1005859375
0 0.8777472527472527 0.08544921875 0.046703296703296704 0.1708984375
0 0.984065934065934 0.2724609375 0.031868131868131866 0.177734375
0 0.6847527472527473 0.092041015625 0.03708791208791209 0.17333984375
0 0.6928571428571428 0.029296875 0.03736263736263736 0.05859375
0 0.6510989010989011 0.36376953125 0.04945054945054945 0.1318359375
0 0.8934065934065935 0.654296875 0.028846153846153848 0.05615234375