0 0.037820097244732634 0.04045258620689651 0.014692058346839634 0.0578125000000001
0 0.6564019448946515 0.23922413793103448 0.055105348460291734 0.16163793103448276
0 0.8318476499189628 0.15032327586206898 0.031604538087520256 0.0894396551724138
0 0.5607779578606159 0.1492456896551724 0.03727714748784441 0.11530172413793104
0 0.6677471636952999 0.017241379310344827 0.012965964343598054 0.034482758620689655
0 0.830226904376013 0.19881465517241378 0.03322528363047002 0.052801724137931036
0 0.20097244732576985 0.8943965517241379 0.07414910858995137 0.20043103448275862
0 0.7953808752025932 0.759698275862069 0.21191247974068073 0.4800646551724138
0 0.6341166936790924 0.7548491379310345 0.23500810372771475 0.49030172413793105
0 0.5733387358184765 0.7570043103448276 0.3646677471636953 0.4859913793103448
0 0.965964343598055 0.8895474137931034 0.06807131280388978 0.2209051724137931
0 0.9424635332252836 0.834051724137931 0.08508914100486224 0.11314655172413793
0 0.3796596434359806 0.8130387931034483 0.060777957860615885 0.1470905172413793
0 0.4051863857374392 0.7957974137931034 0.039303079416531606 0.05765086206896552