0 0.11202830188679246 0.5005050505050505 0.07940251572327044 0.198989898989899
0 0.14854559748427673 0.4282222222222223 0.03486635220125788 0.06267676767676764
0 0.1929795597484277 0.4688282828282828 0.03307389937106922 0.100060606060606
0 0.28341194968553457 0.8398989898989899 0.10770440251572327 0.21616161616161617
0 0.40644654088050314 0.8303030303030303 0.13757861635220126 0.20656565656565656
0 0.5487421383647799 0.8025252525252525 0.1293238993710692 0.21313131313131314
0 0.2684748427672956 0.6601010101010101 0.07783018867924528 0.1202020202020202
0 0.9237421383647799 0.8186868686868687 0.15251572327044025 0.20707070707070707
0 0.28026729559748426 0.9489898989898989 0.10141509433962265 0.10202020202020202
0 0.7346698113207547 0.8333333333333334 0.12971698113207547 0.20303030303030303
0 0.6595911949685535 0.8898989898989899 0.2138364779874214 0.1984848484848485
0 0.8848270440251572 0.6863636363636364 0.1835691823899371 0.13484848484848486
0 0.6426886792452831 0.76010101010101 0.12421383647798742 0.1202020202020202
0 0.34040880503144655 0.6257575757575757 0.06918238993710692 0.051515151515151514
0 0.4025157232704403 0.6212121212121212 0.05699685534591195 0.04191919191919192
0 0.49842767295597484 0.6287878787878788 0.12971698113207547 0.05757575757575758
0 0.7102987421383647 0.6277777777777778 0.0805817610062893 0.05555555555555555
0 0.6434748427672956 0.6232323232323232 0.08726415094339622 0.046464646464646465