0 0.3527732463295269 0.4063852813852814 0.0432300163132137 0.1266233766233766
0 0.11162316476345842 0.3603679653679654 0.009690048939641198 0.03476190476190465
0 0.128205546492659 0.35783549783549784 0.009469820554649185 0.029686147186147253
0 0.9115008156606852 0.24891774891774893 0.1639477977161501 0.44155844155844154
0 0.7569331158238173 0.2662337662337662 0.15171288743882544 0.4069264069264069
0 0.6386623164763459 0.270021645021645 0.1500815660685155 0.39935064935064934
0 0.581973898858075 0.28733766233766234 0.044861337683523655 0.3625541125541126
0 0.9726753670473083 0.1634199134199134 0.028548123980424143 0.07251082251082251
0 0.9482055464926591 0.1461038961038961 0.02202283849918434 0.04707792207792208
0 0.7124796084828712 0.15963203463203463 0.03874388254486134 0.07088744588744589
0 0.817699836867863 0.13906926406926406 0.08115823817292006 0.12391774891774891
0 0.26916802610114193 0.7002164502164502 0.48898858075040785 0.3327922077922078
0 0.8254486133768353 0.7380952380952381 0.16965742251223492 0.33495670995670995