0 0.16059147180192573 0.10672782874617737 0.20563961485557083 0.16636085626911315
0 0.3257679963319578 0.10764525993883792 0.16643741403026135 0.16452599388379205
0 0.6961256304447501 0.09464831804281346 0.1367491976157726 0.09434250764525993
0 0.7987161852361302 0.09067278287461773 0.09445208619899129 0.10795107033639144
0 0.8587803759743237 0.11590214067278287 0.1779000458505273 0.14801223241590214
0 0.6223062815222375 0.1154434250764526 0.26478679504814306 0.1489296636085627
0 0.7145804676753783 0.08149847094801223 0.08470884915176524 0.06467889908256881
0 0.004585052728106373 0.6290519877675841 0.009170105456212746 0.10458715596330276
0 0.05536451169188446 0.6509174311926605 0.030949105914718018 0.11529051987767584
0 0.04527739569005044 0.6308868501529052 0.024759284731774415 0.11743119266055047
0 0.20437872535534157 0.43394495412844036 0.02544704264099037 0.06452599388379204
0 0.1487849610270518 0.43394495412844036 0.02544704264099037 0.07186544342507645
0 0.11886749197615773 0.43103975535168193 0.016735442457588262 0.06116207951070336
0 0.06292984869325997 0.3775229357798165 0.02109124254928932 0.05290519877675841
0 0.38285190279688214 0.4463302752293578 0.026364053186611645 0.06574923547400612
0 0.23521320495185694 0.39984709480122327 0.014901421366345712 0.0363914373088685