0 0.4571129707112971 0.1340782122905028 0.16527196652719664 0.2681564245810056
0 0.1108786610878661 0.1340782122905028 0.2217573221757322 0.2681564245810056
0 0.9089958158995816 0.1340782122905028 0.18200836820083682 0.2681564245810056
0 0.34414225941422594 0.6480446927374302 0.3912133891213389 0.7039106145251397
0 0.401673640167364 0.5768156424581006 0.27615062761506276 0.4776536312849162
0 0.6307531380753139 0.8226256983240223 0.08158995815899582 0.2988826815642458
0 0.7562761506276151 0.8310055865921788 0.07322175732217573 0.33798882681564246
0 0.5617154811715481 0.8421787709497207 0.043933054393305436 0.3100558659217877
0 0.6882845188284519 0.8184357541899442 0.10460251046025104 0.36312849162011174
0 0.8179916317991632 0.7625698324022346 0.02510460251046025 0.12290502793296089
0 0.8723849372384938 0.8310055865921788 0.06276150627615062 0.10335195530726257
0 0.9874476987447699 0.8421787709497207 0.02510460251046025 0.06424581005586592
0 0.9100418410041841 0.8142458100558659 0.0794979079497908 0.24860335195530725
0 0.9497907949790795 0.8421787709497207 0.100418410041841 0.2988826815642458