0 0.33781965006729475 0.31414473684210525 0.29867653656348137 0.5714712918660287
0 0.7669358456707044 0.2540370813397129 0.06415432929564828 0.30218301435406697
0 0.8261552265589951 0.034988038277511964 0.009533423059668013 0.06997607655502393
0 0.30237774786899957 0.7905203349282297 0.02063705697622252 0.07595693779904306
0 0.005383580080753701 0.7968002392344498 0.010767160161507403 0.06788277511961723
0 0.08624943921040826 0.7779605263157895 0.01973979362943024 0.06429425837320574
0 0.32996859578286225 0.7888755980861244 0.019066846119336026 0.06549043062200957
0 0.34892328398384925 0.7876794258373205 0.019066846119336026 0.056220095693779906
0 0.5321893225661731 0.71875 0.009421265141318977 0.049342105263157895
0 0.24282189322566172 0.7486543062200957 0.024226110363391656 0.054126794258373204
0 0.8490354419021983 0.7999401913875598 0.30181695827725435 0.4001196172248804