0 0.421106346483705 0.10829157175398632 0.026698113207547263 0.07363325740318905
0 0.38156946826758154 0.10559225512528471 0.009922813036020724 0.04125284738041005
0 0.3711578044596912 0.1043507972665148 0.01225557461406515 0.04912300683371298
0 0.39493996569468265 0.6605922551252847 0.06903945111492281 0.23120728929384965
0 0.34176672384219553 0.5928246013667426 0.05789022298456261 0.285876993166287
0 0.3194682675814751 0.5780182232346242 0.03130360205831904 0.208997722095672
0 0.2864493996569468 0.5546697038724373 0.04245283018867924 0.1469248291571754
0 0.2864493996569468 0.48405466970387245 0.04030874785591767 0.06036446469248292
0 0.26715265866209265 0.5335990888382688 0.022298456260720412 0.14863325740318906
0 0.25471698113207547 0.5523917995444191 0.017152658662092625 0.15774487471526197
0 0.20497427101200685 0.5820045558086561 0.015008576329331046 0.1469248291571754
0 0.2332761578044597 0.5711845102505695 0.015008576329331046 0.15375854214123008
0 0.22641509433962265 0.5973804100227791 0.045454545454545456 0.18166287015945332
0 0.18524871355060035 0.6133257403189066 0.022298456260720412 0.09908883826879271
0 0.16337907375643224 0.6195899772209568 0.017152658662092625 0.09339407744874716
0 0.15180102915951973 0.591116173120729 0.014150943396226415 0.03302961275626424
0 0.19339622641509435 0.5854214123006833 0.010291595197255575 0.058656036446469245
0 0.1432246998284734 0.607630979498861 0.013293310463121783 0.043849658314350795
0 0.7272727272727273 0.7517084282460137 0.14193825042881647 0.4675398633257403