0 0.7914438502673797 0.02132701421800948 0.05303030303030303 0.04206161137440758
0 0.7709447415329769 0.018957345971563982 0.03431372549019608 0.037914691943127965
0 0.7237076648841355 0.023696682464454975 0.0481283422459893 0.046800947867298576
0 0.34402852049910876 0.6919431279620853 0.1697860962566845 0.5260663507109005
0 0.17557932263814616 0.7885071090047393 0.21657754010695188 0.42239336492890994
0 0.08422459893048129 0.8092417061611374 0.16844919786096257 0.3815165876777251
0 0.5681818181818182 0.6469194312796208 0.1573083778966132 0.398696682464455
0 0.6729055258467023 0.8619668246445498 0.08065953654188948 0.08471563981042654
0 0.8262032085561497 0.7144549763033176 0.1537433155080214 0.5710900473933649
0 0.8823529411764706 0.7144549763033176 0.08377896613190731 0.5710900473933649
0 0.9322638146167558 0.7144549763033176 0.1354723707664884 0.5710900473933649
0 0.5655080213903744 0.9591232227488151 0.07798573975044563 0.08175355450236967