0 0.23034591194968554 0.4776536312849162 0.014150943396226415 0.0446927374301676
0 0.2138364779874214 0.47416201117318435 0.012578616352201259 0.051675977653631286
0 0.7594339622641509 0.3149441340782123 0.18907232704402516 0.36941340782122906
0 0.4913522012578616 0.08170391061452514 0.02869496855345912 0.06215083798882681
0 0.4602987421383648 0.75 0.11871069182389937 0.5
0 0.34827044025157233 0.75 0.1179245283018868 0.5
0 0.7216981132075472 0.7807262569832403 0.10220125786163523 0.43854748603351956
0 0.5719339622641509 0.7807262569832403 0.12342767295597484 0.43854748603351956
0 0.9775943396226415 0.7946927374301676 0.04481132075471698 0.4106145251396648
0 0.6446540880503144 0.75 0.11320754716981132 0.5
0 0.9308176100628931 0.7891061452513967 0.07389937106918239 0.42178770949720673
0 0.7987421383647799 0.8093575418994413 0.07547169811320754 0.3812849162011173
0 0.8683176100628931 0.8100558659217877 0.10613207547169812 0.37988826815642457