0 0.1646655231560892 0.33715596330275227 0.15308747855917668 0.24311926605504589
0 0.30831903945111494 0.290519877675841 0.13679245283018868 0.33562691131498473
0 0.43739279588336194 0.3172782874617737 0.19039451114922812 0.28287461773700306
0 0.6423670668953688 0.04204892966360856 0.032590051457975985 0.08409785932721713
0 0.6149228130360206 0.04510703363914373 0.036020583190394515 0.09021406727828746
0 0.6398842195540309 0.19879969418960242 0.06364493996569472 0.19576452599388375
0 0.7292753001715266 0.2250382262996942 0.040025728987993205 0.0861620795107034
0 0.7894511149228131 0.44036697247706424 0.0711835334476844 0.03669724770642202
0 0.28730703259005147 0.6888379204892966 0.3666380789022298 0.24311926605504589
0 0.33147512864493994 0.6567278287461774 0.09048027444253859 0.11314984709480122
0 0.8012264150943397 0.7728134556574923 0.3508747855917666 0.4212691131498471