0 0.26714801444043323 0.22584541062801933 0.10830324909747292 0.24396135265700483
0 0.38086642599277976 0.21859903381642512 0.05776173285198556 0.2777777777777778
0 0.0388086642599278 0.15821256038647344 0.0776173285198556 0.18115942028985507
0 0.17779783393501805 0.19927536231884058 0.09927797833935018 0.23429951690821257
0 0.11281588447653429 0.18840579710144928 0.0812274368231047 0.2318840579710145
0 0.16967509025270758 0.042270531400966184 0.09025270758122744 0.08454106280193237
0 0.09386281588447654 0.042270531400966184 0.06859205776173286 0.08454106280193237
0 0.042418772563176894 0.0748792270531401 0.048736462093862815 0.12077294685990338
0 0.37364620938628157 0.059178743961352656 0.07220216606498195 0.09903381642512077
0 0.7120938628158845 0.38164251207729466 0.18231046931407943 0.15458937198067632
0 0.8176895306859205 0.22946859903381642 0.18772563176895307 0.45893719806763283
0 0.720216606498195 0.24033816425120774 0.35018050541516244 0.43719806763285024
0 0.4187725631768953 0.2210144927536232 0.018050541516245487 0.23429951690821257
0 0.4620938628158845 0.19082125603864733 0.05054151624548736 0.2560386473429952
0 0.5054151624548736 0.19685990338164253 0.039711191335740074 0.24396135265700483
0 0.5361010830324909 0.20169082125603865 0.036101083032490974 0.2246376811594203
0 0.6516245487364621 0.7294685990338164 0.33574007220216606 0.5410628019323671