0 0.4606969205834684 0.3285302593659942 0.08630470016207456 0.19236311239193082
0 0.3395461912479741 0.3227665706051873 0.10777957860615883 0.21902017291066284
0 0.2260940032414911 0.3249279538904899 0.10210696920583469 0.22334293948126802
0 0.7082658022690438 0.27737752161383283 0.04213938411669368 0.14553314121037464
0 0.6482982171799028 0.27521613832853026 0.0733387358184765 0.14265129682997119
0 0.5320097244732577 0.3076368876080692 0.07901134521880065 0.1851585014409222
0 0.5834683954619124 0.2989913544668588 0.06442463533225283 0.1829971181556196
0 0.5384927066450568 0.17435158501440923 0.07171799027552674 0.08573487031700289
0 0.5988654781199352 0.18371757925072046 0.0547001620745543 0.0670028818443804
0 0.6397893030794165 0.20965417867435157 0.03889789303079417 0.09510086455331412
0 0.6993517017828201 0.21829971181556196 0.04294975688816856 0.07420749279538905
0 0.12844408427876824 0.3134005763688761 0.09319286871961102 0.2420749279538905
0 0.3646677471636953 0.19740634005763688 0.08022690437601297 0.07780979827089338
0 0.130064829821718 0.7903458213256485 0.0846839546191248 0.18155619596541786