0 0.16507936507936508 0.3102636534839925 0.10158730158730159 0.3794726930320151
0 0.03888888888888889 0.22033898305084745 0.06164021164021164 0.17937853107344634
0 0.09470899470899471 0.14642184557438795 0.06375661375661376 0.2170433145009416
0 0.1693121693121693 0.06544256120527307 0.07566137566137567 0.13041431261770245
0 0.26402116402116405 0.2556497175141243 0.06772486772486773 0.23116760828625235
0 0.467989417989418 0.3662900188323917 0.043915343915343914 0.2674199623352166
0 0.32222222222222224 0.3931261770244821 0.08068783068783068 0.2137476459510358
0 0.4211640211640212 0.3615819209039548 0.06164021164021164 0.2735404896421846
0 0.23756613756613756 0.295668549905838 0.056878306878306875 0.3992467043314501
0 0.4714285714285714 0.13135593220338984 0.03677248677248677 0.22504708097928436
0 0.7417989417989418 0.0160075329566855 0.02433862433862434 0.032015065913371
0 0.7111111111111111 0.017890772128060263 0.026455026455026454 0.035781544256120526
0 0.6447089947089947 0.2791902071563089 0.06507936507936508 0.2871939736346516
0 0.33306878306878307 0.666195856873823 0.03756613756613757 0.12523540489642185
0 0.30687830687830686 0.6026365348399246 0.033862433862433865 0.20527306967984935
0 0.020370370370370372 0.8441619585687382 0.040740740740740744 0.2401129943502825
0 0.7373015873015873 0.7999058380414312 0.0873015873015873 0.08333333333333333