0 0.49203020134228187 0.3716417910447761 0.026006711409395974 0.22388059701492538
0 0.4672818791946309 0.3574626865671642 0.030201342281879196 0.23134328358208955
0 0.6266778523489933 0.3440298507462687 0.21476510067114093 0.44850746268656716
0 0.9496644295302014 0.1335820895522388 0.10067114093959731 0.2462686567164179
0 0.8766778523489933 0.16940298507462687 0.10822147651006711 0.2798507462686567
0 0.7785234899328859 0.30223880597014924 0.20721476510067113 0.5119402985074627
0 0.22231543624161074 0.7888059701492537 0.4446308724832215 0.4223880597014925
0 0.8083053691275168 0.8940298507462686 0.057885906040268456 0.21194029850746268
0 0.8984899328859061 0.8947761194029851 0.0738255033557047 0.21044776119402986
0 0.8804530201342282 0.8768656716417911 0.03901006711409396 0.1044776119402985
0 0.8590604026845637 0.8402985074626865 0.02978187919463087 0.12462686567164179