0 0.06846426986240568 0.4461538461538462 0.13692853972481137 0.44733727810650886
0 0.25 0.3349112426035503 0.16067465601420328 0.6698224852071006
0 0.1711051930758988 0.43239644970414204 0.09631602308033733 0.4747041420118343
0 0.09135596981802044 0.8517278106508877 0.018974700399467376 0.09021301775147932
0 0.15791167332445633 0.8440207100591716 0.016997336884154494 0.07020118343195272
0 0.14698180204172218 0.844292899408284 0.019505104305370488 0.07064497041420124
0 0.1355992010652464 0.8392307692307692 0.01664669329782517 0.07344378698224846
0 0.13077896138482023 0.8544260355029586 0.023943630714602624 0.08997337278106513
0 0.11273857079449623 0.8542278106508876 0.019209942299156568 0.08542011834319534
0 0.10659121171770976 0.8360502958579882 0.016424766977363565 0.07089644970414205
0 0.17861739902352416 0.835544378698225 0.014580559254327522 0.06676331360946741
0 0.19331779849090105 0.825544378698225 0.012481136262760715 0.04538165680473369
0 0.6810918774966711 0.8195266272189349 0.03062583222370173 0.1
0 0.6409232134931203 0.8303254437869823 0.020417221482467822 0.1059171597633136
0 0.6281624500665779 0.8183431952662722 0.04105636928539725 0.05
0 0.6877496671105193 0.6826923076923077 0.020417221482467822 0.025739644970414203
0 0.6625610297381269 0.6831360946745562 0.028184642698624057 0.026627218934911243