0 0.3222826086956522 0.2901353965183752 0.08152173913043478 0.07156673114119923
0 0.12554347826086956 0.26499032882011603 0.05217391304347826 0.12717601547388782
0 0.27717391304347827 0.14458413926499034 0.06059782608695652 0.09912959381044488
0 0.5184782608695652 0.5826885880077369 0.03695652173913044 0.15377176015473887
0 0.5383152173913044 0.5014506769825918 0.04891304347826087 0.22727272727272727
0 0.5972826086956522 0.059477756286266927 0.05 0.11895551257253385
0 0.596195652173913 0.020793036750483558 0.05326086956521739 0.041586073500967116
0 0.8902173913043478 0.20647969052224371 0.051630434782608696 0.13056092843326886
0 0.8682065217391305 0.5841392649903289 0.051630434782608696 0.15087040618955513
0 0.6110054347826087 0.20406189555125726 0.050271739130434784 0.17891682785299806
0 0.7296195652173914 0.5865570599613152 0.0625 0.14603481624758222
0 0.7970108695652174 0.6189555125725339 0.05597826086956522 0.08123791102514506
0 0.6823369565217391 0.3309961315280464 0.059782608695652176 0.2248549323017408
0 0.872554347826087 0.355174081237911 0.04076086956521739 0.20067698259187622
0 0.840625 0.28747582205029015 0.04483695652173913 0.23452611218568664
0 0.8379076086956522 0.15933268858800773 0.04483695652173913 0.13297872340425532
0 0.7421195652173913 0.25967117988394584 0.04076086956521739 0.16924564796905223
0 0.7808423913043478 0.24758220502901354 0.03940217391304348 0.1885880077369439
0 0.7005434782608696 0.06818181818181818 0.0391304347826087 0.13636363636363635
0 0.7380434782608696 0.06334622823984526 0.03260869565217391 0.12669245647969052
0 0.7682065217391304 0.07059961315280464 0.035326086956521736 0.14119922630560927
0 0.9959239130434783 0.09622823984526112 0.008152173913043478 0.18085106382978725
0 0.07581521739130435 0.8926499032882012 0.10978260869565218 0.2142166344294004
0 0.20923913043478262 0.8660541586073501 0.14429347826086958 0.2678916827852998
0 0.5255434782608696 0.8921663442940039 0.051086956521739134 0.19439071566731142