0 0.4855191256830601 0.25922330097087376 0.12349726775956284 0.36067961165048545
0 0.2530054644808743 0.2446601941747573 0.5057377049180328 0.39029126213592236
0 0.0953551912568306 0.22184466019417476 0.19043715846994536 0.32233009708737864
0 0.35737704918032787 0.11553398058252427 0.11202185792349727 0.23106796116504855
0 0.8937158469945355 0.25 0.04262295081967213 0.16262135922330098
0 0.8311475409836065 0.3 0.059562841530054644 0.2796116504854369
0 0.7120218579234973 0.24902912621359224 0.034972677595628415 0.2004854368932039
0 0.9734972677595628 0.16407766990291262 0.009562841530054645 0.02524271844660194
0 0.08770491803278689 0.7480582524271845 0.0994535519125683 0.5033980582524272
0 0.18879781420765027 0.7616504854368932 0.09344262295081968 0.4766990291262136
0 0.27021857923497267 0.7864077669902912 0.13633879781420766 0.42718446601941745
0 0.8204918032786885 0.958252427184466 0.03442622950819672 0.08349514563106795
0 0.9789617486338797 0.9519417475728156 0.03333333333333333 0.09611650485436893
0 0.901672131147541 0.9360194174757281 0.01942622950819682 0.09307766990291273
0 0.7103825136612022 0.9504854368932039 0.01639344262295082 0.09902912621359224
0 0.7333005464480875 0.9215339805825242 0.01190163934426228 0.049533980582524256
0 0.651120218579235 0.9247669902912621 0.015065573770491768 0.05600970873786413