0 0.09599282296650717 0.21968085106382979 0.19198564593301434 0.43936170212765957
0 0.16776315789473684 0.2734042553191489 0.10107655502392345 0.33191489361702126
0 0.2619617224880383 0.2574468085106383 0.06668660287081339 0.11648936170212766
0 0.22248803827751196 0.2702127659574468 0.08761961722488039 0.2803191489361702
0 0.09748803827751196 0.7595744680851064 0.08074162679425838 0.41329787234042553
0 0.1680622009569378 0.7601063829787233 0.0645933014354067 0.3595744680851064
0 0.24342105263157895 0.7797872340425532 0.060406698564593304 0.275531914893617
0 0.3974282296650718 0.7138297872340426 0.0645933014354067 0.39361702127659576
0 0.21770334928229665 0.7367021276595744 0.060406698564593304 0.3579787234042553
0 0.3382177033492823 0.699468085106383 0.07745215311004784 0.37127659574468086
0 0.5822368421052632 0.7223404255319149 0.025717703349282296 0.13191489361702127