0 0.04391891891891892 0.19481981981981983 0.08783783783783784 0.38963963963963966
0 0.27927927927927926 0.15202702702702703 0.09009009009009009 0.22297297297297297
0 0.45495495495495497 0.1981981981981982 0.13513513513513514 0.2702702702702703
0 0.9358108108108109 0.25225225225225223 0.0472972972972973 0.13513513513513514
0 0.7432432432432432 0.2545045045045045 0.04504504504504504 0.11711711711711711
0 0.6981981981981982 0.24774774774774774 0.04054054054054054 0.12162162162162163
0 0.6677927927927928 0.24436936936936937 0.0518018018018018 0.12387387387387387
0 0.6227477477477478 0.24211711711711711 0.04279279279279279 0.12837837837837837
0 0.5934684684684685 0.24774774774774774 0.038288288288288286 0.12612612612612611
0 0.5461711711711712 0.24324324324324326 0.033783783783783786 0.12162162162162163
0 0.28153153153153154 0.7004504504504504 0.4954954954954955 0.5990990990990991