0 0.2749125874125874 0.18442622950819673 0.24497377622377622 0.35953800298062594
0 0.07692307692307693 0.18479880774962743 0.15362762237762237 0.36289120715350226
0 0.4534527972027972 0.18293591654247393 0.19274475524475523 0.36587183308494786
0 0.5544143356643356 0.2779433681073025 0.009178321678321678 0.17138599105812222
0 0.7575393356643356 0.1335692995529061 0.04479895104895105 0.15461997019374069
0 0.7848557692307693 0.11307749627421758 0.033872377622377624 0.1583457526080477
0 0.7808129370629371 0.029806259314456036 0.041520979020979024 0.05961251862891207
0 0.8241914335664335 0.05160208643815201 0.029501748251748252 0.0801043219076006
0 0.7939248251748252 0.3323397913561848 0.041520979020979024 0.09388971684053651
0 0.9553103146853147 0.10935171385991058 0.03824300699300699 0.15089418777943367
0 0.9023164335664335 0.029061102831594635 0.03277972027972028 0.05812220566318927
0 0.9370629370629371 0.046572280178837556 0.030594405594405596 0.09314456035767511
0 0.9278846153846154 0.02533532041728763 0.022727272727272728 0.05067064083457526
0 0.986013986013986 0.046572280178837556 0.027972027972027972 0.09314456035767511
0 0.9503933566433567 0.014903129657228018 0.028409090909090908 0.029806259314456036
0 0.7198426573426573 0.03651266766020864 0.03496503496503497 0.07302533532041729
0 0.7475961538461539 0.03651266766020864 0.03190559440559441 0.07302533532041729
0 0.6460882867132867 0.10376304023845008 0.03824300699300699 0.15461997019374069
0 0.6678321678321678 0.05327868852459016 0.038461538461538464 0.10655737704918032
0 0.32473776223776224 0.7511177347242921 0.14335664335664336 0.4247391952309985
0 0.2388548951048951 0.6896423248882265 0.0895979020979021 0.620715350223547
0 0.13068181818181818 0.797317436661699 0.12674825174825174 0.4049925484351714
0 0.10402097902097902 0.783532041728763 0.1888111888111888 0.43293591654247393
0 0.5768138111888111 0.8217883755588673 0.031687062937062936 0.14580476900149036
0 0.6038461538461538 0.6403800298062593 0.028400349650349658 0.09482116244411326
0 0.8764554195804195 0.8758718330849479 0.02627622377622373 0.10570789865871842
0 0.5568181818181818 0.78725782414307 0.013986013986013986 0.10059612518628912
0 0.5633741258741258 0.9456035767511177 0.027097902097902096 0.10879284649776454
0 0.6899825174825175 0.4837481371087929 0.009331293706293667 0.06486587183308491
0 0.5771416083916084 0.5055886736214605 0.012674825174825174 0.07377049180327869
0 0.7881993006993008 0.4506929955290611 0.014663461538461618 0.06827123695976164
0 0.7025131118881118 0.4856110283159464 0.012237762237762238 0.06219076005961255
0 0.7563417832167832 0.8256333830104322 0.022727272727272728 0.14903129657228018
0 0.6318312937062938 0.6261847988077497 0.013662587412587508 0.06458271236959767
0 0.7309877622377622 0.4869597615499255 0.010052447552447552 0.06780923994038748
0 0.7823645104895105 0.8238673621460507 0.025183566433566385 0.11192250372578227
0 0.6150568181818182 0.6138971684053651 0.013548951048951048 0.08569299552906111
0 0.760708041958042 0.4064828614008942 0.009178321678321678 0.05439642324888227
0 0.9639029720279719 0.42689269746646796 0.012832167832167889 0.026661698956780902
0 0.7545891608391608 0.4068554396423249 0.0118006993006993 0.05514157973174367
0 0.7419711538461539 0.488166915052161 0.01048951048951049 0.06780923994038748
0 0.704763986013986 0.4180327868852459 0.010052447552447552 0.05961251862891207
0 0.9479501748251747 0.4446646795827124 0.010729895104895184 0.03140834575260812
0 0.7167832167832168 0.4165424739195231 0.009615384615384616 0.05514157973174367
0 0.6318225524475524 0.4831445603576751 0.0118006993006993 0.07526080476900149
0 0.6385183566433567 0.6001415797317436 0.021791958041958097 0.0989493293591654
0 0.8385052447552448 0.4120715350223547 0.01791958041958042 0.06557377049180328
0 0.871722027972028 0.40536512667660207 0.010926573426573426 0.05216095380029806
0 0.5889685314685315 0.5035692995529061 0.011363636363636364 0.06482861400894188
0 0.9714903846153846 0.45132637853949326 0.0106118881118882 0.02821907600596117
0 0.7281468531468531 0.4035022354694486 0.012237762237762238 0.04843517138599106
0 0.7017045454545454 0.39828614008941876 0.008304195804195804 0.038002980625931444
0 0.6091608391608392 0.5643740685543964 0.016171328671328672 0.06929955290611028
0 0.7038286713286713 0.47794336810730254 0.007954545454545376 0.05593144560357671
0 0.9551486013986015 0.6302682563338301 0.022626748251748242 0.05189269746646803
0 0.9662893356643356 0.6168479880774962 0.01607954545454544 0.048897168405365045
0 0.9910402097902098 0.6013412816691506 0.01791958041958042 0.05067064083457526
0 0.8262587412587412 0.6511475409836066 0.028658216783216856 0.06384500745156488
0 0.8120498251748252 0.6362369597615499 0.01809877622377616 0.06084947839046206
0 0.8843968531468531 0.4257377049180328 0.012513111888111935 0.030320417287630443
0 0.8982124125874125 0.43086438152011924 0.013723776223776263 0.02715350223546949
0 0.7095716783216783 0.38934426229508196 0.005681818181818182 0.020119225037257823
0 0.6861888111888111 0.3945603576751118 0.004370629370629371 0.030551415797317436
0 0.6927447552447552 0.3919523099850969 0.006993006993006993 0.02533532041728763
0 0.5522290209790209 0.40014903129657226 0.004807692307692308 0.041728763040238454
0 0.7912062937062937 0.4337481371087929 0.009781468531468579 0.061974664679582764
0 0.6939729020979021 0.4718554396423249 0.011337412587412611 0.06327868852459022
0 0.663243006993007 0.3986587183308495 0.010926573426573426 0.038748137108792845
0 0.6262980769230769 0.480618479880775 0.011219405594405625 0.06152757078986582
0 0.5993006993006993 0.472876304023845 0.009624125874125866 0.03951564828614007
0 0.6110183566433567 0.46051415797317435 0.015590034965034997 0.06763040238450074
0 0.6190996503496503 0.38412816691505214 0.009178321678321678 0.009687034277198211
0 0.9543924825174825 0.4826900149031296 0.011166958041958122 0.02798062593144557
0 0.9644405594405596 0.48331594634873326 0.011464160839160848 0.030216095380029773
0 0.9267526223776223 0.8793815201192251 0.036826923076923174 0.10972429210134128
0 0.865166083916084 0.9728017883755589 0.030157342657342656 0.05439642324888227
0 0.9814248251748252 0.9765275707898659 0.03715034965034965 0.04694485842026826
0 0.9899475524475524 0.9921758569299552 0.020104895104895104 0.01564828614008942
0 0.5515734265734266 0.5145305514157973 0.0034965034965034965 0.06780923994038748
0 0.5630244755244755 0.5126154992548435 0.00931818181818189 0.06547690014903139
0 0.5626136363636364 0.6058122205663189 0.011774475524475548 0.054388971684053655
0 0.5889641608391608 0.6039493293591655 0.015305944055944048 0.0804843517138599
0 0.5718968531468531 0.6470566318926975 0.022692307692307723 0.09590909090909093
0 0.603208041958042 0.6188077496274218 0.018662587412587334 0.08224292101341274
0 0.6183653846153846 0.5529210134128166 0.01620192307692315 0.06598360655737702
0 0.6284965034965035 0.38450074515648286 0.007867132867132868 0.010432190760059613
0 0.6553758741258742 0.39120715350223545 0.006555944055944056 0.02384500745156483
0 0.7007211538461539 0.5883084947839046 0.02013986013986011 0.08645305514157972