0 0.5849462365591398 0.8551625239005736 0.020698924731182795 0.05736137667304015
0 0.5626344086021505 0.8389101338432122 0.0239247311827957 0.05449330783938815
0 0.42768817204301074 0.8374760994263862 0.016129032258064516 0.05019120458891013
0 0.4290322580645161 0.8130975143403442 0.014516129032258065 0.04445506692160612
0 0.40779569892473116 0.8111854684512428 0.01747311827956989 0.044933078393881457
0 0.403494623655914 0.8006692160611855 0.012634408602150538 0.043021032504780114
0 0.267741935483871 0.8981835564053537 0.021505376344086023 0.058317399617590825
0 0.3150537634408602 0.7748565965583174 0.00967741935483871 0.04541108986615679
0 0.3524193548387097 0.7203632887189293 0.016129032258064516 0.043021032504780114
0 0.442741935483871 0.6620458891013384 0.010483870967741936 0.03202676864244742
0 0.4314516129032258 0.6673040152963671 0.010752688172043012 0.025334608030592735
0 0.43172043010752686 0.6510516252390057 0.00967741935483871 0.027724665391969407
0 0.5405913978494624 0.6563097514340345 0.012634408602150538 0.028680688336520075
0 0.5776881720430107 0.7031548757170172 0.01881720430107527 0.036806883365200764
0 0.5903225806451613 0.7131931166347992 0.016935483870967744 0.0372848948374761