0 0.565914489311164 0.3447729672650475 0.2419833729216152 0.38965153115100315
0 0.41671615201900236 0.34292502639915523 0.1342042755344418 0.39334741288278774
0 0.33907363420427555 0.354012671594509 0.08120546318289787 0.3447729672650475
0 0.2896377672209026 0.3326293558606125 0.056561757719714965 0.2866948257655755
0 0.2534144893111639 0.29778247096092925 0.03711401425178147 0.17608236536430835
0 0.22862232779097388 0.27455121436114044 0.02998812351543943 0.1293558606124604
0 0.7985451306413301 0.47729672650475186 0.05671021377672209 0.1246040126715945
0 0.9550178147268409 0.46700105596620906 0.08996437054631828 0.14519535374868003
0 0.5501781472684085 0.8006863780359028 0.43942992874109266 0.3986272439281943
0 0.21882422802850357 0.827349524815206 0.4306710213776722 0.3453009503695882
0 0.11683491686460808 0.7655755015839493 0.036965558194774345 0.056230200633579724
0 0.7312945368171021 0.8062302006335798 0.05982779097387173 0.11510031678986272
0 0.6723574821852731 0.7972544878563886 0.061460807600950115 0.12777191129883844
0 0.020190023752969122 0.7613516367476241 0.019299287410926364 0.04487856388595565
0 0.04928741092636579 0.7600316789862724 0.024643705463182897 0.042238648363252376
0 0.7636579572446556 0.7954065469904963 0.012470308788598575 0.10506863780359028
0 0.7084323040380047 0.794350580781415 0.024643705463182897 0.10242872228088701
0 0.7443586698337292 0.8421330517423442 0.050920427553444184 0.18109820485744457