0 0.33121693121693124 0.7024482109227872 0.01216931216931217 0.10499058380414313
0 0.3198412698412698 0.713276836158192 0.010846560846560847 0.09227871939736347
0 0.3074074074074074 0.7005649717514124 0.013227513227513227 0.0951035781544256
0 0.5746031746031746 0.6167608286252354 0.04973544973544974 0.1958568738229755
0 0.5997354497354498 0.486346516007533 0.03968253968253968 0.18832391713747645
0 0.567989417989418 0.4769303201506591 0.03650793650793651 0.1553672316384181
0 0.564021164021164 0.4354990583804143 0.02857142857142857 0.1440677966101695
0 0.5621693121693122 0.3097928436911488 0.02486772486772487 0.060263653483992465
0 0.5915343915343916 0.3168549905838041 0.037037037037037035 0.0743879472693032
0 0.6092592592592593 0.3088512241054614 0.03439153439153439 0.0583804143126177
0 0.6486772486772486 0.3027306967984934 0.037037037037037035 0.046139359698681735
0 0.6875661375661376 0.2994350282485876 0.038624338624338624 0.03954802259887006
0 0.7296296296296296 0.295668549905838 0.037037037037037035 0.032015065913371
0 0.78994708994709 0.3074387947269303 0.042328042328042326 0.05555555555555555
0 0.7313492063492063 0.724105461393597 0.04894179894179894 0.21657250470809794
0 0.7048941798941799 0.8406308851224106 0.05423280423280423 0.23775894538606404
0 0.8119047619047619 0.961864406779661 0.06507936507936508 0.07627118644067797
0 0.9112433862433862 0.5616760828625236 0.04894179894179894 0.19303201506591336
0 0.9843915343915344 0.5414312617702448 0.031216931216931216 0.1958568738229755
0 0.9928571428571429 0.3488700564971751 0.014285714285714285 0.1384180790960452
0 0.9706349206349206 0.3535781544256121 0.038624338624338624 0.147834274952919
0 0.9 0.3451035781544256 0.042328042328042326 0.13088512241054615