0 0.27797202797202797 0.383298755186722 0.06643356643356643 0.09284232365145229
0 0.9740675990675991 0.39782157676348545 0.051864801864801864 0.1441908713692946
0 0.9466783216783217 0.3210580912863071 0.05244755244755245 0.2437759336099585
0 0.8685897435897436 0.0487551867219917 0.05419580419580419 0.0975103734439834
0 0.7922494172494172 0.13822614107883818 0.0641025641025641 0.2411825726141079
0 0.7281468531468531 0.0762448132780083 0.043706293706293704 0.1524896265560166
0 0.6864801864801865 0.07468879668049792 0.04195804195804196 0.14937759336099585
0 0.6736596736596736 0.4175311203319502 0.047785547785547784 0.10477178423236515
0 0.7383449883449883 0.3900414937759336 0.06993006993006994 0.15975103734439833
0 0.38257575757575757 0.6602697095435685 0.18822843822843824 0.2743775933609959
0 0.8269230769230769 0.7624481327800829 0.11305361305361306 0.475103734439834
0 0.7494172494172494 0.6659751037344398 0.0472027972027972 0.3921161825726141