0 0.32075471698113206 0.26865671641791045 0.023060796645702306 0.07835820895522388
0 0.4030398322851153 0.2630597014925373 0.0220125786163522 0.09701492537313433
0 0.21436058700209643 0.32649253731343286 0.051362683438155136 0.2126865671641791
0 0.15146750524109015 0.20708955223880596 0.03039832285115304 0.07462686567164178
0 0.560796645702306 0.5569029850746269 0.03563941299790356 0.166044776119403
0 0.5152620545073375 0.5538805970149253 0.028899371069182382 0.17016791044776125
0 0.6171802935010482 0.5474440298507462 0.022327044025157186 0.10082089552238799
0 0.6324737945492662 0.5495149253731344 0.014465408805031398 0.10289179104477608
0 0.6477568134171908 0.554179104477612 0.01707547169811317 0.09356343283582086
0 0.6646540880503143 0.552108208955224 0.025230607966457076 0.09770522388059702
0 0.8066142557651992 0.5370708955223881 0.02257861635220122 0.09044776119402989
0 0.854811320754717 0.5272201492537313 0.02460167714884699 0.07695895522388059
0 0.3611111111111111 0.8199626865671642 0.11635220125786164 0.36007462686567165
0 0.7620545073375262 0.8115671641791045 0.3710691823899371 0.2789179104477612