0 0.8842975206611571 0.3409090909090909 0.06611570247933884 0.1859504132231405
0 0.7334710743801653 0.39979338842975204 0.07851239669421488 0.11776859504132231
0 0.6993801652892562 0.31714876033057854 0.05991735537190083 0.17148760330578514
0 0.6694214876033058 0.32334710743801653 0.05371900826446281 0.17148760330578514
0 0.6115702479338843 0.32334710743801653 0.05371900826446281 0.14256198347107438
0 0.5588842975206612 0.3140495867768595 0.05578512396694215 0.1487603305785124
0 0.512396694214876 0.30991735537190085 0.024793388429752067 0.15289256198347106
0 0.16322314049586778 0.6363636363636364 0.03305785123966942 0.03305785123966942
0 0.2603305785123967 0.6353305785123967 0.05371900826446281 0.05991735537190083
0 0.871900826446281 0.762396694214876 0.256198347107438 0.47520661157024796
0 0.6973140495867769 0.7293388429752066 0.39462809917355374 0.5413223140495868