0 0.9515011547344111 0.05038022813688213 0.08545034642032333 0.10076045627376426
0 0.8094688221709007 0.03231939163498099 0.06004618937644342 0.06463878326996197
0 0.6720554272517321 0.25 0.11316397228637413 0.5
0 0.5202078521939953 0.25 0.07274826789838337 0.5
0 0.9382217090069284 0.25 0.11200923787528869 0.5
0 0.5941108545034642 0.25 0.14434180138568128 0.5
0 0.8643187066974596 0.25 0.1628175519630485 0.5
0 0.49942263279445726 0.25 0.05889145496535797 0.5
0 0.9665127020785219 0.25 0.06697459584295612 0.5
0 0.7390300230946882 0.25 0.13394919168591224 0.5
0 0.2967667436489607 0.935361216730038 0.08083140877598152 0.12927756653992395
0 0.1717551963048499 0.7679467680608365 0.06696304849884528 0.14492395437262362
0 0.25844110854503466 0.6746007604562738 0.08369515011547346 0.22304182509505702
0 0.8573903002309469 0.7214828897338403 0.2852193995381062 0.4429657794676806
0 0.9341801385681293 0.5903041825095057 0.13163972286374134 0.1806083650190114