0 0.34804469273743016 0.2837972166998012 0.07262569832402235 0.2276341948310139
0 0.2868715083798883 0.2524850894632207 0.10083798882681565 0.2957256461232604
0 0.22513966480446929 0.20427435387673956 0.04692737430167598 0.24602385685884692
0 0.34804469273743016 0.11779324055666004 0.04581005586592179 0.11530815109343936
0 0.8298882681564246 0.3663021868787276 0.34022346368715084 0.5651093439363817
0 0.3075418994413408 0.9368787276341949 0.056424581005586595 0.12624254473161034
0 0.1807262569832402 0.9498011928429424 0.026256983240223464 0.10039761431411531
0 0.22318435754189944 0.94831013916501 0.021787709497206705 0.10337972166998012
0 0.4533519553072626 0.9726640159045725 0.044134078212290505 0.05467196819085487
0 0.49022346368715086 0.9701789264413518 0.019553072625698324 0.05964214711729622
0 0.8561452513966481 0.9224652087475149 0.2877094972067039 0.09145129224652088
0 0.6536312849162011 0.8394632206759444 0.18966480446927375 0.31709741550695825