0 0.44473684210526315 0.19803370786516855 0.11394736842105263 0.08380149812734082
0 0.13526315789473684 0.18398876404494383 0.25 0.19054307116104868
0 0.295 0.1647940074906367 0.13421052631578947 0.12172284644194757
0 0.3231578947368421 0.07397003745318352 0.1631578947368421 0.07911985018726592
0 0.5126315789473684 0.10159176029962547 0.2431578947368421 0.11142322097378277
0 0.8557894736842105 0.16573033707865167 0.215 0.2532771535580524
0 0.45460526315789473 0.8773408239700374 0.056578947368421055 0.2153558052434457
0 0.04342105263157895 0.7310393258426966 0.05 0.20833333333333334
0 0.06973684210526315 0.6221910112359551 0.04736842105263158 0.2200374531835206
0 0.41026315789473683 0.3548689138576779 0.05 0.0898876404494382
0 0.36236842105263156 0.4190074906367041 0.04368421052631579 0.21816479400749064
0 0.35973684210526313 0.33239700374531833 0.04368421052631579 0.0449438202247191
0 0.4138157894736842 0.48174157303370785 0.046052631578947366 0.19194756554307116
0 0.4052631578947368 0.7837078651685393 0.039473684210526314 0.2153558052434457
0 0.35592105263157897 0.841058052434457 0.056578947368421055 0.2598314606741573
0 0.3375 0.7357209737827716 0.05131578947368421 0.23174157303370788
0 0.25855263157894737 0.6760299625468165 0.05394736842105263 0.2200374531835206
0 0.2019736842105263 0.523876404494382 0.05131578947368421 0.2247191011235955
0 0.09657894736842106 0.3548689138576779 0.04368421052631579 0.0898876404494382
0 0.6097368421052631 0.33380149812734083 0.03315789473684211 0.047752808988764044
0 0.623421052631579 0.37687265917602997 0.04473684210526316 0.13389513108614232
0 0.5794736842105264 0.375936329588015 0.035789473684210524 0.13202247191011235
0 0.5526315789473685 0.42790262172284643 0.039473684210526314 0.17790262172284643
0 0.5585526315789474 0.5812265917602997 0.046052631578947366 0.21769662921348315
0 0.26710526315789473 0.41970973782771537 0.042105263157894736 0.17088014981273408
0 0.3078947368421053 0.4068352059925094 0.03684210526315789 0.18726591760299627
0 0.7502631578947369 0.6362359550561798 0.06368421052631579 0.4133895131086142