0 0.3092637540453074 0.44660194174757284 0.14118122977346279 0.2858683926645092
0 0.17495954692556634 0.4341963322545847 0.13814724919093851 0.3106796116504854
0 0.6345064724919094 0.48759439050701187 0.030542071197411005 0.13160733549083065
0 0.856593851132686 0.3983279395900755 0.027103559870550162 0.1272923408845739
0 0.8424352750809061 0.33171521035598706 0.025485436893203883 0.13457389428263214
0 0.8114886731391586 0.06553398058252427 0.026294498381877023 0.08009708737864078
0 0.8120954692556634 0.0296655879180151 0.027912621359223302 0.0593311758360302
0 0.658373786407767 0.15722761596548004 0.027103559870550162 0.07740021574973031
0 0.6842637540453075 0.20496224379719524 0.023462783171521034 0.1388888888888889
0 0.6856796116504854 0.12918015102481123 0.023462783171521034 0.07874865156418555
0 0.5782766990291263 0.022114347357065803 0.014967637540453074 0.04395900755124056
0 0.6565533980582524 0.2459546925566343 0.02487864077669903 0.11731391585760517
0 0.5505663430420712 0.12001078748651564 0.01779935275080906 0.1000539374325782
0 0.73584142394822 0.20792880258899676 0.022653721682847898 0.10436893203883495
0 0.713794498381877 0.2001078748651564 0.01982200647249191 0.11434735706580366
0 0.7411003236245954 0.026429341963322545 0.019417475728155338 0.052588996763754045
0 0.7396844660194175 0.07901833872707659 0.02204692556634304 0.10167206040992449
0 0.7241100323624595 0.08629989212513485 0.02063106796116505 0.10436893203883495
0 0.8901699029126213 0.039913700107874865 0.016585760517799353 0.07955771305285868
0 0.5629045307443366 0.03344120819848975 0.01557443365695793 0.0668824163969795
0 0.9836165048543689 0.3551779935275081 0.032766990291262135 0.13565264293419632
0 0.5956715210355987 0.03128371089536138 0.01699029126213592 0.06229773462783172
0 0.672532362459547 0.059870550161812294 0.021237864077669904 0.1000539374325782
0 0.6970064724919094 0.06850053937432578 0.02204692556634304 0.10302049622437973
0 0.866504854368932 0.11785329018338728 0.02406957928802589 0.10733549083063647
0 0.9939320388349514 0.22411003236245955 0.011933656957928803 0.11165048543689321
0 0.9791666666666666 0.22303128371089537 0.02487864077669903 0.11731391585760517
0 0.9735032362459547 0.17071197411003236 0.026294498381877023 0.10733549083063647
0 0.9259708737864077 0.2308522114347357 0.02487864077669903 0.10436893203883495
0 0.5964805825242718 0.13052858683926646 0.01699029126213592 0.09870550161812297
0 0.5758495145631068 0.12351672060409924 0.022653721682847898 0.08737864077669903
0 0.5730177993527508 0.19579288025889968 0.022653721682847898 0.09439050701186623
0 0.5819174757281553 0.2715749730312837 0.027710355987055017 0.09735706580366775
0 0.5900080906148867 0.35895361380798274 0.02406957928802589 0.13160733549083065
0 0.7665857605177994 0.12486515641855447 0.019215210355987056 0.10167206040992449
0 0.7710355987055016 0.0633764832793959 0.019215210355987056 0.08441208198489752
0 0.7491909385113269 0.31014023732470336 0.025485436893203883 0.12891046386192018
0 0.6941747572815534 0.3360302049622438 0.02487864077669903 0.12891046386192018
0 0.7932847896440129 0.3832254584681769 0.029935275080906147 0.15453074433656958
0 0.6707119741100324 0.436084142394822 0.027710355987055017 0.14023732470334413
0 0.9581310679611651 0.18500539374325783 0.02406957928802589 0.10733549083063647
0 0.5453074433656958 0.15641855447680691 0.021237864077669904 0.11030204962243798
0 0.5095064724919094 0.23570658036677455 0.026294498381877023 0.12297734627831715
0 0.9265776699029126 0.040722761596548 0.016181229773462782 0.08117583603020496
0 0.9330501618122977 0.07335490830636461 0.016383495145631068 0.09870550161812297
0 0.10234627831715211 0.860302049622438 0.20469255663430422 0.27939590075512405