0 0.8182569832402233 0.34151093439363817 0.06815083798882682 0.31406560636182895
0 0.373463687150838 0.9145129224652088 0.025139664804469275 0.1709741550695825
0 0.35027932960893854 0.8901590457256461 0.030167597765363128 0.20178926441351888
0 0.011452513966480447 0.860337972166998 0.021787709497206705 0.13021868787276342
0 0.07486033519553073 0.8240556660039762 0.013407821229050279 0.04970178926441352
0 0.050837988826815644 0.8240556660039762 0.013407821229050279 0.039761431411530816
0 0.5128491620111731 0.7437872763419483 0.055865921787709494 0.23111332007952287
0 0.8578212290502794 0.7164512922465208 0.05307262569832402 0.22117296222664015
0 0.8296089385474861 0.628727634194831 0.05027932960893855 0.1779324055666004
0 0.8067039106145252 0.9840954274353877 0.06815642458100558 0.03180914512922465
0 0.5516759776536313 0.904572564612326 0.05865921787709497 0.1908548707753479
0 0.6572625698324023 0.9393638170974155 0.07653631284916201 0.12127236580516898
0 0.6553072625698324 0.8220675944333996 0.0670391061452514 0.2485089463220676