0 0.10985748218527316 0.3091966173361522 0.21941805225653208 0.5211416490486258
0 0.49673396674584325 0.29069767441860467 0.18586698337292162 0.5581395348837209
0 0.29899049881235157 0.28752642706131076 0.16419239904988123 0.5644820295983086
0 0.46258907363420426 0.8181818181818182 0.12707838479809977 0.36363636363636365
0 0.36282660332541566 0.8382663847780126 0.09382422802850356 0.32346723044397463
0 0.0498812351543943 0.8308668076109936 0.0997624703087886 0.3382663847780127
0 0.5665083135391924 0.8107822410147991 0.04631828978622328 0.3784355179704017
0 0.2746437054631829 0.8361522198731501 0.09204275534441805 0.3276955602536998
0 0.1330166270783848 0.8509513742071881 0.0855106888361045 0.29809725158562367
0 0.19863420427553444 0.854122621564482 0.083729216152019 0.2917547568710359
0 0.40469121140142517 0.7198731501057083 0.05166270783847981 0.18181818181818182
0 0.5243467933491687 0.8002114164904862 0.10807600950118765 0.39957716701902746
0 0.09709026128266034 0.7283298097251586 0.05760095011876484 0.1733615221987315
0 0.30997624703087884 0.733615221987315 0.04513064133016627 0.1649048625792812
0 0.22624703087885986 0.733615221987315 0.040380047505938245 0.1733615221987315
0 0.15795724465558195 0.71723044397463 0.05344418052256532 0.19767441860465115
0 0.8601543942992874 0.8483086680761099 0.10273159144893111 0.3033826638477801
0 0.627375296912114 0.845137420718816 0.07541567695961995 0.3097251585623679