0 0.26536312849162014 0.2823061630218688 0.0729050279329609 0.23906560636182903
0 0.823463687150838 0.2897614314115308 0.2930167597765363 0.5795228628230616
0 0.26955307262569833 0.6158051689860835 0.05307262569832402 0.07256461232604373
0 0.2187150837988827 0.68389662027833 0.04636871508379888 0.20874751491053678
0 0.2733240223463687 0.739065606361829 0.04888268156424581 0.20377733598409542
0 0.2639664804469274 0.9726640159045725 0.04189944134078212 0.05467196819085487
0 0.11759776536312849 0.6732107355864811 0.0446927374301676 0.18141153081510936
0 0.16089385474860335 0.668986083499006 0.03910614525139665 0.17892644135188868
0 0.02653631284916201 0.8782306163021869 0.05307262569832402 0.24353876739562624
0 0.5044692737430168 0.6381709741550696 0.0446927374301676 0.1172962226640159
0 0.5491620111731843 0.7030318091451292 0.05027932960893855 0.21123260437375746
0 0.39106145251396646 0.6018886679920478 0.0335195530726257 0.04473161033797217
0 0.4374301675977654 0.6565606361829026 0.0446927374301676 0.1540755467196819
0 0.41997206703910617 0.7837972166998012 0.05446927374301676 0.16898608349900596
0 0.4036312849162011 0.9105367793240556 0.04748603351955307 0.17892644135188868
0 0.05670391061452514 0.5984095427435387 0.037430167597765365 0.03777335984095427
0 0.09106145251396648 0.8508946322067594 0.05027932960893855 0.22365805168986083
0 0.19916201117318436 0.8916500994035785 0.04860335195530726 0.21669980119284293
0 0.704290502793296 0.8715904572564611 0.05093296089385479 0.21397614314115307
0 0.7427821229050279 0.7542743538767395 0.024296089385474864 0.10582504970178924