0 0.41854838709677417 0.2237093690248566 0.20806451612903226 0.35181644359464626
0 0.1403225806451613 0.27533460803059273 0.22258064516129034 0.24808795411089865
0 0.564247311827957 0.11902485659655831 0.05913978494623656 0.08126195028680688
0 0.921263440860215 0.11103250478011471 0.02812903225806448 0.13611854684512428
0 0.6556451612903226 0.2304015296367113 0.04247311827956989 0.3384321223709369
0 0.6223118279569892 0.22562141491395793 0.044623655913978495 0.3479923518164436
0 0.944725806451613 0.09090822179732314 0.010908602150537615 0.027590822179732327
0 0.7143494623655914 0.08246653919694072 0.013956989247311848 0.05953154875717016
0 0.7833602150537634 0.09056405353728489 0.026505376344085996 0.07038240917782027
0 0.008602150537634409 0.49235181644359466 0.017204301075268817 0.1338432122370937
0 0.008870967741935484 0.44120458891013387 0.017741935483870968 0.08317399617590822
0 0.28225806451612906 0.6457934990439771 0.051075268817204304 0.12906309751434034
0 0.23319892473118278 0.7258604206500956 0.04435483870967742 0.23183556405353728
0 0.23051075268817203 0.5991873804971319 0.04435483870967742 0.13145315487571702
0 0.43481182795698925 0.5334608030592735 0.036290322580645164 0.13862332695984703
0 0.4336021505376344 0.42829827915869984 0.02849462365591398 0.05736137667304015
0 0.2856182795698925 0.7939770554493308 0.04704301075268817 0.1959847036328872
0 0.48588709677419356 0.5836520076481836 0.033602150537634407 0.16730401529636713
0 0.4549731182795699 0.6673040152963671 0.036290322580645164 0.17208413001912046
0 0.4274193548387097 0.7390057361376673 0.04032258064516129 0.18164435946462715
0 0.135752688172043 0.7306405353728489 0.043010752688172046 0.17447418738049714
0 0.1774193548387097 0.7174952198852772 0.03763440860215054 0.19120458891013384
0 0.09341397849462366 0.5274856596558317 0.04435483870967742 0.16969407265774378
0 0.12580645161290321 0.43546845124282985 0.03655913978494624 0.07170172084130019
0 0.12836021505376344 0.5155353728489483 0.041666666666666664 0.16969407265774378
0 0.15793010752688172 0.5274856596558317 0.038978494623655914 0.17447418738049714
0 0.40658602150537637 0.5250956022944551 0.036290322580645164 0.16491395793499045
0 0.46263440860215055 0.4474187380497132 0.02956989247311828 0.09560229445506692
0 0.4198924731182796 0.902963671128107 0.05268817204301075 0.19407265774378585
0 0.08266129032258064 0.4641491395793499 0.036290322580645164 0.12906309751434034
0 0.40053763440860213 0.4435946462715105 0.03225806451612903 0.08795411089866156
0 0.2553763440860215 0.48326959847036327 0.04032258064516129 0.16730401529636713
0 0.20900537634408603 0.49760994263862335 0.041666666666666664 0.17208413001912046
0 0.04758064516129032 0.9053537284894837 0.0521505376344086 0.18929254302103252
0 0.12096774193548387 0.9086998087954111 0.05913978494623656 0.1826003824091778
0 0.21155913978494623 0.9349904397705545 0.057526881720430106 0.13001912045889102
0 0.5450268817204301 0.7413957934990439 0.04704301075268817 0.19120458891013384
0 0.5309139784946236 0.6673040152963671 0.04838709677419355 0.16730401529636713
0 0.7112903225806452 0.8035372848948374 0.12150537634408602 0.39292543021032506
0 0.8153225806451613 0.7877629063097514 0.09005376344086022 0.42447418738049714
0 0.9115591397849462 0.7810707456978967 0.11397849462365592 0.4378585086042065
0 0.9620967741935483 0.7695984703632888 0.04946236559139785 0.3150095602294455
0 0.9932795698924731 0.8422562141491395 0.013172043010752688 0.18929254302103252