0 0.015152173913043476 0.33087040618955516 0.027826086956521764 0.13735009671179882
0 0.24320652173913043 0.8769342359767892 0.051630434782608696 0.21518375241779497
0 0.21603260869565216 0.7645067698259188 0.04891304347826087 0.22727272727272727
0 0.14320652173913043 0.5178916827852998 0.050543478260869565 0.07640232108317214
0 0.027717391304347826 0.8882978723404256 0.05543478260869565 0.22340425531914893
0 0.07201086956521739 0.5940522243713733 0.059782608695652176 0.2248549323017408
0 0.016304347826086956 0.5435203094777563 0.03260869565217391 0.1276595744680851
0 0.296195652173913 0.4985493230174081 0.02717391304347826 0.037717601547388784
0 0.5839673913043478 0.7504835589941973 0.03097826086956522 0.08027079303675048
0 0.37581521739130436 0.7678916827852998 0.04076086956521739 0.07205029013539652
0 0.6676630434782609 0.7470986460348162 0.03369565217391304 0.0797872340425532
0 0.44755434782608694 0.7587040618955513 0.03097826086956522 0.07495164410058026
0 0.7230978260869565 0.7509671179883946 0.03097826086956522 0.0735009671179884
0 0.6108695652173913 0.7519342359767892 0.024728260869565217 0.07205029013539652
0 0.7554347826086957 0.7495164410058027 0.035054347826086955 0.0735009671179884
0 0.5146739130434783 0.7572533849129593 0.03994565217391304 0.06914893617021277
0 0.8309782608695652 0.7432301740812379 0.03994565217391304 0.08123791102514506
0 0.48206521739130437 0.7601547388781431 0.03097826086956522 0.06914893617021277
0 0.5508152173913043 0.753384912959381 0.035054347826086955 0.07688588007736943
0 0.7942934782608696 0.741779497098646 0.04157608695652174 0.086073500967118
0 0.8633152173913043 0.7408123791102514 0.035869565217391305 0.0851063829787234
0 0.6380434782608696 0.7470986460348162 0.03233695652173913 0.0788201160541586
0 0.9326086956521739 0.7388781431334622 0.042119565217391304 0.08945841392649903
0 0.8994565217391305 0.7330754352030948 0.045108695652173916 0.09381044487427466
0 0.6945652173913044 0.7485493230174082 0.028804347826086957 0.0725338491295938
0 0.4766304347826087 0.7030947775628626 0.028804347826086957 0.08027079303675048
0 0.5073369565217392 0.687137330754352 0.035054347826086955 0.05851063829787234
0 0.5747282608695652 0.6818181818181818 0.03233695652173913 0.061895551257253385
0 0.5445652173913044 0.688588007736944 0.029619565217391303 0.05415860735009671
0 0.6413043478260869 0.6779497098646035 0.03722826086956522 0.06286266924564797
0 0.68125 0.6968085106382979 0.028804347826086957 0.0551257253384913
0 0.6070652173913044 0.6881044487427466 0.03233695652173913 0.05851063829787234
0 0.7616847826086957 0.6711798839458414 0.04076086956521739 0.06431334622823985
0 0.717391304347826 0.7021276595744681 0.03233695652173913 0.07398452611218569
0 0.8391304347826087 0.6895551257253385 0.036684782608695655 0.06914893617021277
0 0.7535326086956522 0.710348162475822 0.04157608695652174 0.058027079303675046
0 0.8073369565217391 0.6934235976789168 0.036684782608695655 0.06044487427466151
0 0.4160326086956522 0.7611218568665378 0.036684782608695655 0.07543520309477757