0 0.18370786516853932 0.20462 0.009224719101123637 0.05251999999999998
0 0.19603370786516858 0.20184000000000002 0.005797752808988728 0.05142000000000007
0 0.21086516853932594 0.19851999999999997 0.011112359550561654 0.05807999999999993
0 0.1621685393258427 0.19629999999999995 0.007348314606741532 0.029200000000000045
0 0.4 0.323 0.05898876404494382 0.072
0 0.9308988764044944 0.311 0.0550561797752809 0.068
0 0.5691011235955056 0.316 0.05898876404494382 0.073
0 0.48146067415730337 0.319 0.04943820224719101 0.076
0 0.6477528089887641 0.322 0.04325842696629213 0.077
0 0.6870786516853933 0.317 0.05112359550561798 0.07
0 0.8831460674157303 0.318 0.06910112359550562 0.071
0 0.8258426966292135 0.313 0.037640449438202245 0.066
0 0.8640449438202247 0.289 0.02752808988764045 0.025
0 0.9134831460674158 0.288 0.03539325842696629 0.034
0 0.748876404494382 0.327 0.05730337078651685 0.069
0 0.9646067415730337 0.318 0.04325842696629213 0.067
0 0.9977528089887641 0.325 0.003932584269662922 0.073
0 0.029213483146067417 0.676 0.058426966292134834 0.432
0 0.28370786516853935 0.691 0.07078651685393259 0.462
0 0.09044943820224718 0.714 0.1 0.508
0 0.20786516853932585 0.729 0.10561797752808989 0.538
0 0.020786516853932586 0.717 0.04157303370786517 0.49
0 0.4353932584269663 0.684 0.01741573033707865 0.044