0 0.06278801843317973 0.375 0.03398617511520737 0.13501381215469613
0 0.15610599078341014 0.35220994475138123 0.012096774193548387 0.05973756906077348
0 0.14400921658986174 0.3518646408839779 0.00576036866359447 0.05939226519337017
0 0.2488479262672811 0.362914364640884 0.010944700460829493 0.05386740331491713
0 0.2897465437788018 0.3587707182320442 0.009792626728110598 0.027279005524861878
0 0.27476958525345624 0.36187845303867405 0.008640552995391706 0.04454419889502762
0 0.49827188940092165 0.3819060773480663 0.012672811059907835 0.04903314917127072
0 0.44585253456221197 0.3656767955801105 0.009216589861751152 0.031077348066298343
0 0.868663594470046 0.3138812154696133 0.03686635944700461 0.21477900552486187
0 0.8202764976958525 0.5424723756906077 0.039746543778801845 0.05421270718232044
0 0.7039170506912442 0.26588397790055246 0.029953917050691243 0.15642265193370167
0 0.3387096774193548 0.7848756906077348 0.6774193548387096 0.4302486187845304
0 0.798963133640553 0.9126381215469613 0.12327188940092165 0.17437845303867403
0 0.777073732718894 0.7472375690607734 0.17626728110599077 0.35497237569060774