0 0.19946172248803828 0.22872340425531915 0.009868421052631578 0.02553191489361702
0 0.30113636363636365 0.2377659574468085 0.017344497607655503 0.08138297872340426
0 0.16028708133971292 0.22606382978723405 0.005980861244019139 0.029787234042553193
0 0.14982057416267944 0.2271276595744681 0.012260765550239234 0.03351063829787234
0 0.9392942583732058 0.3393617021276596 0.020933014354066987 0.04042553191489362
0 0.8986244019138756 0.3372340425531915 0.019736842105263157 0.04468085106382979
0 0.7165071770334929 0.3377659574468085 0.01555023923444976 0.043617021276595745
0 0.5089712918660287 0.31542553191489364 0.017942583732057416 0.08829787234042553
0 0.5373803827751196 0.31436170212765957 0.02452153110047847 0.09042553191489362
0 0.5279605263157895 0.30062765957446813 0.01737440191387557 0.04758510638297874
0 0.28588516746411485 0.6797872340425531 0.42822966507177035 0.6404255319148936
0 0.037679425837320576 0.6797872340425531 0.07505980861244019 0.6404255319148936
0 0.9210526315789473 0.7882978723404256 0.15789473684210525 0.42340425531914894
0 0.7736244019138756 0.7446808510638298 0.326555023923445 0.5106382978723404