0 0.20450191570881227 0.4906609195402299 0.05459770114942529 0.11637931034482758
0 0.7174329501915708 0.47988505747126436 0.07950191570881227 0.1372126436781609
0 0.6958812260536399 0.7837643678160919 0.1082375478927203 0.3175287356321839
0 0.46120689655172414 0.7320402298850575 0.023946360153256706 0.3031609195402299
0 0.9410919540229885 0.8419540229885057 0.11781609195402298 0.3160919540229885
0 0.8323754789272031 0.7191091954022989 0.10344827586206896 0.34051724137931033
0 0.49377394636015326 0.8074712643678161 0.07375478927203065 0.3045977011494253
0 0.5689655172413793 0.8383620689655172 0.10919540229885058 0.28879310344827586
0 0.9578544061302682 0.5926724137931034 0.0842911877394636 0.08764367816091954
0 0.9851532567049809 0.6307471264367817 0.029693486590038315 0.16379310344827586
0 0.9238505747126436 0.7456896551724138 0.13505747126436782 0.3074712643678161
0 0.7629310344827587 0.7119252873563219 0.1082375478927203 0.29454022988505746
0 0.5062260536398467 0.6573275862068966 0.09482758620689655 0.1997126436781609
0 0.6149425287356322 0.7708333333333334 0.0842911877394636 0.3117816091954023
0 0.5723180076628352 0.5897988505747126 0.09099616858237548 0.08189655172413793
0 0.5838122605363985 0.6451149425287356 0.07758620689655173 0.1925287356321839
0 0.6681034482758621 0.6185344827586207 0.06992337164750957 0.13936781609195403
0 0.4885057471264368 0.5797413793103449 0.06896551724137931 0.0617816091954023
0 0.76772030651341 0.5689655172413793 0.0871647509578544 0.040229885057471264
0 0.6144636015325671 0.5826149425287356 0.06609195402298851 0.06752873563218391
0 0.8778735632183908 0.6724137931034483 0.07950191570881227 0.2471264367816092
0 0.6877394636015326 0.5818965517241379 0.07854406130268199 0.06609195402298851
0 0.7950191570881227 0.5977011494252874 0.07279693486590039 0.09770114942528736