0 0.17594594594594595 0.2552884615384615 0.12162162162162163 0.12740384615384615
0 0.7502702702702703 0.2528846153846154 0.07405405405405406 0.24807692307692308
0 0.8135135135135135 0.17836538461538462 0.03432432432432433 0.08076923076923077
0 0.8691891891891892 0.2519230769230769 0.055675675675675676 0.24951923076923077
0 0.5945945945945946 0.8581730769230769 0.03027027027027027 0.22596153846153846
0 0.5451351351351351 0.4288461538461538 0.05027027027027027 0.09807692307692308
0 0.5464864864864865 0.3903846153846154 0.05297297297297297 0.021153846153846155
0 0.25405405405405407 0.5649038461538461 0.051351351351351354 0.12980769230769232
0 0.3033783783783784 0.6454326923076923 0.0445945945945946 0.23317307692307693
0 0.30608108108108106 0.5180288461538461 0.0445945945945946 0.13221153846153846
0 0.25067567567567567 0.7139423076923077 0.0472972972972973 0.1971153846153846
0 0.04932432432432433 0.5024038461538461 0.033783783783783786 0.16826923076923078
0 0.40135135135135136 0.6502403846153846 0.043243243243243246 0.17548076923076922
0 0.35945945945945945 0.6370192307692307 0.03783783783783784 0.19230769230769232
0 0.40864864864864864 0.4495192307692308 0.04216216216216216 0.13942307692307693
0 0.37891891891891893 0.4567307692307692 0.03891891891891892 0.15384615384615385
0 0.07270270270270271 0.39663461538461536 0.02972972972972973 0.03365384615384615
0 0.13513513513513514 0.39278846153846153 0.032432432432432434 0.025961538461538463
0 0.28081081081081083 0.4326923076923077 0.04054054054054054 0.10576923076923077
0 0.32756756756756755 0.4408653846153846 0.04216216216216216 0.12211538461538461
0 0.13648648648648648 0.5204326923076923 0.032432432432432434 0.1658653846153846
0 0.0972972972972973 0.5084134615384616 0.043243243243243246 0.1466346153846154
0 0.0918918918918919 0.6298076923076923 0.043243243243243246 0.15865384615384615
0 0.10878378378378378 0.7572115384615384 0.052702702702702706 0.16346153846153846
0 0.12405405405405405 0.8966346153846154 0.04594594594594595 0.20673076923076922
0 0.46013513513513515 0.5108173076923077 0.03648648648648649 0.17067307692307693
0 0.4681081081081081 0.4288461538461538 0.036756756756756756 0.09807692307692308
0 0.42702702702702705 0.8221153846153846 0.04864864864864865 0.21634615384615385
0 0.3222972972972973 0.8653846153846154 0.0472972972972973 0.21634615384615385
0 0.5105405405405405 0.9072115384615385 0.05675675675675676 0.18557692307692308
0 0.27756756756756756 0.9576923076923077 0.05243243243243243 0.08461538461538462
0 0.03918918918918919 0.5637019230769231 0.04054054054054054 0.18509615384615385