0 0.32708333333333334 0.2662037037037037 0.06953125 0.12638888888888888
0 0.8440104166666667 0.22083333333333333 0.033854166666666664 0.09212962962962963
0 0.81875 0.22361111111111112 0.03828125 0.11435185185185186
0 0.7875 0.22268518518518518 0.04348958333333333 0.10833333333333334
0 0.7578125 0.22175925925925927 0.039322916666666666 0.11574074074074074
0 0.72734375 0.21712962962962962 0.04244791666666667 0.11203703703703703
0 0.6971354166666667 0.21296296296296297 0.0328125 0.11064814814814815
0 0.671875 0.22037037037037038 0.05416666666666667 0.11805555555555555
0 0.65859375 0.31527777777777777 0.07005208333333333 0.13055555555555556
0 0.7026041666666667 0.3023148148148148 0.07109375 0.13657407407407407
0 0.7497395833333333 0.30324074074074076 0.06354166666666666 0.12916666666666668
0 0.7799479166666666 0.30648148148148147 0.04348958333333333 0.11574074074074074
0 0.8138020833333334 0.3050925925925926 0.05416666666666667 0.12083333333333333
0 0.8377604166666667 0.30416666666666664 0.0359375 0.11574074074074074
0 0.875 0.31342592592592594 0.06145833333333333 0.12685185185185185
0 0.55625 0.027777777777777776 0.009635416666666667 0.025925925925925925
0 0.475 0.2300925925925926 0.00859375 0.05416666666666667
0 0.44817708333333334 0.8490740740740741 0.043229166666666666 0.21296296296296297
0 0.04765625 0.7043981481481482 0.049479166666666664 0.20601851851851852
0 0.07369791666666667 0.5967592592592592 0.046875 0.2175925925925926
0 0.36328125 0.45185185185185184 0.043229166666666666 0.1037037037037037
0 0.4140625 0.47638888888888886 0.04583333333333333 0.1527777777777778
0 0.40572916666666664 0.7564814814814815 0.0390625 0.21296296296296297
0 0.26875 0.44027777777777777 0.041666666666666664 0.08055555555555556
0 0.309375 0.43796296296296294 0.036458333333333336 0.07592592592592592
0 0.18372395833333333 0.5967592592592592 0.05078125 0.24537037037037038
0 0.2546875 0.5851851851851851 0.057291666666666664 0.20833333333333334
0 0.342578125 0.638425925925926 0.055989583333333336 0.21296296296296297
0 0.7263020833333333 0.7671296296296296 0.07421875 0.1787037037037037