0 0.3766149870801034 0.38254310344827586 0.09431524547803617 0.1314655172413793
0 0.9366925064599483 0.22413793103448276 0.11627906976744186 0.4482758620689655
0 0.8598191214470284 0.22413793103448276 0.10981912144702842 0.4482758620689655
0 0.5684754521963824 0.22413793103448276 0.09819121447028424 0.4482758620689655
0 0.6931524547803618 0.22413793103448276 0.09948320413436693 0.4482758620689655
0 0.7732558139534884 0.22413793103448276 0.08656330749354005 0.4482758620689655
0 0.6233850129198967 0.22413793103448276 0.08914728682170543 0.4482758620689655
0 0.7461240310077519 0.04633620689655173 0.04263565891472868 0.09267241379310345
0 0.3094315245478036 0.7941810344827587 0.07881136950904392 0.16163793103448276
0 0.21382428940568476 0.8523706896551724 0.07622739018087855 0.20905172413793102
0 0.12596899224806202 0.8157327586206896 0.060723514211886306 0.15301724137931033
0 0.9334625322997416 0.8631465517241379 0.1330749354005168 0.27370689655172414
0 0.6298449612403101 0.8232758620689655 0.22093023255813954 0.35344827586206895