0 0.3717277486910995 0.12430167597765363 0.0356020942408377 0.14851024208566108
0 0.8850785340314136 0.5414338919925512 0.049738219895287955 0.11638733705772812
0 0.8589005235602094 0.4790502793296089 0.04712041884816754 0.21880819366852886
0 0.8018324607329843 0.05540037243947858 0.04869109947643979 0.11080074487895716
0 0.8031413612565445 0.018156424581005588 0.05130890052356021 0.036312849162011177
0 0.662565445026178 0.2777001862197393 0.041884816753926704 0.16992551210428306
0 0.6219895287958115 0.2648975791433892 0.03664921465968586 0.186219739292365
0 0.6722513089005235 0.012569832402234637 0.0356020942408377 0.025139664804469275
0 0.6696335078534031 0.07541899441340782 0.040837696335078534 0.15083798882681565
0 0.6408376963350786 0.0824022346368715 0.03769633507853403 0.164804469273743
0 0.9471204188481676 0.03445065176908752 0.030366492146596858 0.06890130353817504
0 0.9942408376963351 0.04748603351955307 0.011518324607329843 0.09497206703910614
0 0.6005235602094241 0.0670391061452514 0.02198952879581152 0.1340782122905028
0 0.7481675392670157 0.4776536312849162 0.05130890052356021 0.24394785847299813
0 0.9034031413612565 0.13105214152700187 0.04450261780104712 0.17458100558659218
0 0.9947643979057592 0.31471135940409684 0.010471204188481676 0.16945996275605213
0 0.7195026178010471 0.14269087523277468 0.03534031413612566 0.16527001862197394
0 0.7272251308900524 0.05540037243947858 0.0356020942408377 0.11080074487895716
0 0.687434554973822 0.4441340782122905 0.04712041884816754 0.20949720670391062
0 0.5992146596858638 0.4855679702048417 0.0193717277486911 0.20949720670391062
0 0.3 0.7295158286778398 0.022513089005235604 0.028864059590316574
0 0.33036649214659686 0.7271880819366853 0.019109947643979056 0.031191806331471134
0 0.887434554973822 0.8123836126629422 0.10602094240837696 0.36033519553072624
0 0.7811518324607329 0.8035381750465549 0.12172774869109948 0.31098696461824954