0 0.12534129692832763 0.17285714285714288 0.07182593856655295 0.21414893617021272
0 0.2150170648464164 0.3518237082066869 0.059726962457337884 0.11398176291793313
0 0.295221843003413 0.0729483282674772 0.06143344709897611 0.1458966565349544
0 0.9325938566552902 0.23328267477203649 0.07977815699658702 0.20592705167173253
0 0.8472696245733788 0.24164133738601823 0.0780716723549488 0.21808510638297873
0 0.6808873720136519 0.23100303951367782 0.09726962457337884 0.19908814589665655
0 0.591296928327645 0.25987841945288753 0.09343003412969283 0.25455927051671734
0 0.49146757679180886 0.17477203647416414 0.04906143344709898 0.09878419452887538
0 0.5409556313993175 0.1702127659574468 0.048208191126279866 0.0858662613981763
0 0.6360921501706485 0.1519756838905775 0.057593856655290106 0.06990881458966565
0 0.8515358361774744 0.17097264437689969 0.09812286689419795 0.10866261398176291
0 0.7158703071672355 0.13297872340425532 0.04052901023890785 0.041033434650455926
0 0.48208191126279865 0.12537993920972645 0.03455631399317406 0.028875379939209727
0 0.16766211604095563 0.708966565349544 0.05162116040955631 0.11626139817629179
0 0.2295221843003413 0.8647416413373861 0.0674061433447099 0.22112462006079028
0 0.2640784982935154 0.6109422492401215 0.05546075085324232 0.21656534954407294