0 0.27303754266211605 0.3825910931174089 0.08418657565415244 0.18016194331983806
0 0.1811717861205916 0.24493927125506074 0.05688282138794084 0.2054655870445344
0 0.928896473265074 0.35020242914979755 0.1422070534698521 0.2773279352226721
0 0.9124004550625711 0.30870445344129555 0.10893060295790671 0.1902834008097166
0 0.8023321956769056 0.27884615384615385 0.12599544937428897 0.19888663967611336
0 0.7187144482366326 0.2540485829959514 0.13452787258248008 0.16194331983805668
0 0.6023890784982935 0.2555668016194332 0.11746302616609784 0.15637651821862347
0 0.5051194539249146 0.32135627530364375 0.13083048919226395 0.2935222672064777
0 0.7770193401592719 0.8157894736842105 0.07053469852104664 0.3684210526315789
0 0.5011376564277589 0.7449392712550608 0.12286689419795221 0.5101214574898786
0 0.606655290102389 0.7515182186234818 0.20420932878270762 0.49696356275303644