0 0.9196750902527075 0.2523148148148148 0.15342960288808663 0.1712962962962963
0 0.6425992779783394 0.08333333333333333 0.11552346570397112 0.16666666666666666
0 0.021660649819494584 0.8240740740740741 0.04332129963898917 0.16666666666666666
0 0.5036101083032491 0.7962962962962963 0.05054151624548736 0.1574074074074074
0 0.17148014440433212 0.8090277777777778 0.05415162454873646 0.16898148148148148
0 0.09115523465703972 0.8148148148148148 0.04512635379061372 0.17592592592592593
0 0.24368231046931407 0.8229166666666666 0.039711191335740074 0.17824074074074073
0 0.27978339350180503 0.8101851851851852 0.04693140794223827 0.16203703703703703
0 0.45938628158844763 0.8136574074074074 0.0631768953068592 0.16435185185185186
0 0.40703971119133575 0.8009259259259259 0.03429602888086643 0.1527777777777778
0 0.44223826714801445 0.7465277777777778 0.02527075812274368 0.05787037037037037
0 0.48736462093862815 0.7430555555555556 0.032490974729241874 0.0787037037037037
0 0.33664259927797835 0.8344907407407407 0.052346570397111915 0.1597222222222222
0 0.5270758122743683 0.8136574074074074 0.02527075812274368 0.1550925925925926
0 0.7481949458483754 0.7453703703703703 0.41696750902527074 0.5092592592592593
0 0.8835740072202166 0.6782407407407407 0.2319494584837545 0.6435185185185185