0 0.18174479166666666 0.49078125000000006 0.10484374999999997 0.13774999999999996
0 0.3065364583333334 0.306203125 0.10988281249999998 0.20882812500000006
0 0.701171875 0.26328125 0.26171875 0.45234375
0 0.876953125 0.33203125 0.24348958333333334 0.47109375
0 0.5384114583333334 0.59375 0.061197916666666664 0.05
0 0.4309895833333333 0.59453125 0.07291666666666667 0.0515625
0 0.23567708333333334 0.5921875 0.08072916666666667 0.046875
0 0.3177083333333333 0.61484375 0.0703125 0.0921875
0 0.15755208333333334 0.6625 0.109375 0.1875
0 0.2513020833333333 0.68359375 0.11979166666666667 0.2296875
0 0.37109375 0.7296875 0.13020833333333334 0.321875
0 0.059895833333333336 0.76484375 0.10416666666666667 0.3921875
0 0.490234375 0.7796875 0.11848958333333333 0.421875
0 0.4147135416666667 0.8140625 0.15234375 0.371875
0 0.15494791666666666 0.834375 0.15364583333333334 0.33125
0 0.2630208333333333 0.8375 0.15104166666666666 0.325
0 0.658203125 0.8703125 0.17838541666666666 0.259375