0 0.13266129032258064 0.32936507936507936 0.0846774193548387 0.1388888888888889
0 0.19919354838709677 0.1259920634920635 0.06129032258064516 0.251984126984127
0 0.6584677419354839 0.35119047619047616 0.0842741935483871 0.07341269841269842
0 0.7701612903225806 0.20734126984126985 0.08951612903225807 0.1597222222222222
0 0.2564516129032258 0.45634920634920634 0.03387096774193549 0.11507936507936507
0 0.2120967741935484 0.4603174603174603 0.03064516129032258 0.12301587301587301
0 0.3790322580645161 0.6974206349206349 0.09838709677419355 0.5972222222222222
0 0.9790322580645161 0.6974206349206349 0.041935483870967745 0.5972222222222222
0 0.635483870967742 0.6994047619047619 0.10483870967741936 0.6011904761904762
0 0.48185483870967744 0.6984126984126984 0.12661290322580646 0.5992063492063492
0 0.9290322580645162 0.6964285714285714 0.10806451612903226 0.5952380952380952
0 0.5564516129032258 0.6954365079365079 0.11612903225806452 0.5932539682539683
0 0.85 0.6974206349206349 0.07580645161290323 0.5972222222222222
0 0.714516129032258 0.6984126984126984 0.07741935483870968 0.5992063492063492
0 0.7858870967741935 0.6984126984126984 0.10887096774193548 0.5992063492063492