0 0.2044736842105263 0.5629092609915809 0.05486842105263158 0.12418147801683817
0 0.16815789473684212 0.3166510757717493 0.05223684210526316 0.25748362956033677
0 0.621578947368421 0.4029466791393826 0.15236842105263157 0.4738072965388213
0 0.8373684210526315 0.1038353601496726 0.023026315789473683 0.07951356407857811
0 0.1369736842105263 0.8538353601496725 0.05171052631578947 0.09728718428437792
0 0.19342105263157894 0.8094013096351731 0.04842105263157895 0.10360149672591207
0 0.21342105263157896 0.9609448082319925 0.05026315789473684 0.05636108512628625
0 0.8182894736842106 0.916510757717493 0.04447368421052632 0.16697848456501402
0 0.7643421052631579 0.912067352666043 0.057105263157894735 0.17586529466791395
0 0.7148684210526316 0.916043030869972 0.05973684210526316 0.16791393826005613
0 0.4655263157894737 0.8886810102899907 0.07105263157894737 0.2226379794200187
0 0.9398684210526316 0.9202525724976613 0.04815789473684211 0.15949485500467728