0 0.5289325842696629 0.1475 0.2103932584269663 0.182
0 0.3325842696629214 0.148 0.24325842696629213 0.2715
0 0.17921348314606741 0.151 0.35842696629213483 0.302
0 0.9060224719101124 0.27791000000000005 0.056758426966292116 0.07743999999999994
0 0.09073033707865169 0.9315 0.05337078651685393 0.137
0 0.11882022471910113 0.8585 0.05056179775280899 0.235
0 0.1797752808988764 0.4015 0.051685393258426963 0.123
0 0.17865168539325843 0.3615 0.0550561797752809 0.043
0 0.48258426966292134 0.5535 0.05337078651685393 0.135
0 0.43132022471910114 0.63725 0.046348314606741575 0.2425
0 0.4285112359550562 0.50475 0.046348314606741575 0.1375
0 0.6419943820224719 0.436 0.037921348314606744 0.145
0 0.42865168539325843 0.384 0.04044943820224719 0.088
0 0.6407303370786517 0.348 0.029775280898876405 0.016
0 0.48609550561797754 0.7085 0.04915730337078652 0.205
0 0.47668539325842696 0.958 0.042134831460674156 0.084
0 0.6567415730337078 0.576 0.025842696629213482 0.18
0 0.6342696629213483 0.651 0.042134831460674156 0.19
0 0.3294943820224719 0.64225 0.0449438202247191 0.1825
0 0.37303370786516854 0.6285 0.03932584269662921 0.2
0 0.28525280898876404 0.42975 0.046348314606741575 0.1775
0 0.31910112359550563 0.3555 0.038202247191011236 0.031
0 0.32162921348314605 0.423 0.04325842696629213 0.166
0 0.35252808988764045 0.4305 0.04101123595505618 0.181
0 0.048033707865168536 0.388 0.03202247191011236 0.096
0 0.024157303370786518 0.379 0.03258426966292135 0.078
0 0.6125 0.42725 0.037921348314606744 0.1725
0 0.6626404494382022 0.368 0.014044943820224719 0.056
0 0.4101123595505618 0.913 0.060674157303370786 0.174
0 0.3210674157303371 0.8865 0.05898876404494382 0.227
0 0.25154494382022474 0.8135 0.05196629213483146 0.25
0 0.6265449438202247 0.8385 0.054775280898876406 0.235
0 0.4556179775280899 0.9665 0.056179775280898875 0.067
0 0.273876404494382 0.3855 0.037640449438202245 0.091
0 0.6061797752808988 0.364 0.033707865168539325 0.048
0 0.1026685393258427 0.50725 0.04073033707865169 0.1825
0 0.4542134831460674 0.4055 0.042134831460674156 0.131
0 0.9146067415730337 0.771 0.09803370786516855 0.41
0 0.8286516853932584 0.7765 0.0898876404494382 0.4045
0 0.7441011235955056 0.7695 0.09859550561797753 0.461
0 0.8879213483146068 0.58 0.03202247191011236 0.0985
0 0.7207865168539326 0.5915 0.0702247191011236 0.164
0 0.846629213483146 0.565 0.05533707865168539 0.103
0 0.7974719101123595 0.5965 0.052247191011235955 0.1245
0 0.802247191011236 0.55 0.04943820224719101 0.0795
0 0.7432584269662922 0.532 0.052247191011235955 0.069
0 0.8668539325842697 0.625 0.04550561797752809 0.107
0 0.8671348314606742 0.7225 0.04747191011235955 0.304
0 0.7581460674157303 0.5255 0.021629213483146066 0.0535