0 0.26216442953020136 0.608955223880597 0.08305369127516779 0.14029850746268657
0 0.2269295302013423 0.34776119402985073 0.07550335570469799 0.24850746268656718
0 0.7814597315436241 0.6477611940298508 0.05578859060402685 0.0626865671641791
0 0.8540268456375839 0.43208955223880596 0.07088926174496644 0.2791044776119403
0 0.8468959731543624 0.2791044776119403 0.051174496644295304 0.18582089552238806
0 0.03649328859060403 0.9208955223880597 0.07298657718120806 0.14626865671641792
0 0.10822147651006711 0.8686567164179104 0.040268456375838924 0.0955223880597015
0 0.13087248322147652 0.8335820895522388 0.026845637583892617 0.06194029850746269
0 0.08850671140939598 0.817910447761194 0.025587248322147652 0.029104477611940297
0 0.18833892617449666 0.8895522388059701 0.051174496644295304 0.15223880597014924
0 0.30075503355704697 0.9022388059701493 0.09270134228187919 0.19552238805970149
0 0.5255872483221476 0.8992537313432836 0.08557046979865772 0.1873134328358209
0 0.4823825503355705 0.8746268656716418 0.0549496644295302 0.12388059701492538
0 0.41359060402684567 0.8955223880597015 0.04991610738255033 0.15746268656716417
0 0.3775167785234899 0.8768656716417911 0.04656040268456376 0.15746268656716417
0 0.3464765100671141 0.8223880597014925 0.025587248322147652 0.05298507462686567
0 0.2688758389261745 0.8470149253731343 0.044043624161073824 0.06716417910447761
0 0.2311241610738255 0.9 0.051174496644295304 0.17686567164179104
0 0.17114093959731544 0.8276119402985075 0.026845637583892617 0.06716417910447761
0 0.19085570469798657 0.7947761194029851 0.024328859060402684 0.03731343283582089