0 0.33379194630872483 0.3035407725321888 0.12134228187919471 0.24066523605150208
0 0.4386241610738255 0.33184549356223175 0.07429530201342277 0.22972103004291836
0 0.6923657718120805 0.3555364806866953 0.1251845637583893 0.26789699570815456
0 0.7808389261744967 0.2687124463519313 0.10310402684563766 0.2863519313304721
0 0.29194630872483224 0.657725321888412 0.0436241610738255 0.10515021459227468
0 0.4035234899328859 0.6684549356223176 0.03859060402684564 0.11373390557939914
0 0.4412751677852349 0.6652360515021459 0.04697986577181208 0.1630901287553648
0 0.19211409395973153 0.657725321888412 0.03859060402684564 0.13090128755364808
0 0.23238255033557048 0.6566523605150214 0.03523489932885906 0.12446351931330472
0 0.3221476510067114 0.6394849785407726 0.020134228187919462 0.06866952789699571
0 0.24664429530201343 0.6298283261802575 0.02348993288590604 0.07510729613733906
0 0.9521812080536913 0.7778969957081545 0.09563758389261745 0.44420600858369097