0 0.24486798679867985 0.18788461538461534 0.10698019801980205 0.32458791208791204
0 0.16052805280528049 0.19983516483516486 0.065957095709571 0.2799450549450549
0 0.5552805280528053 0.7307692307692307 0.04785478547854786 0.5384615384615384
0 0.3217821782178218 0.625 0.0891089108910891 0.21153846153846154
0 0.16996699669966997 0.6236263736263736 0.07260726072607261 0.11538461538461539
0 0.6270627062706271 0.8310439560439561 0.09570957095709572 0.33791208791208793
0 0.7013201320132013 0.8282967032967034 0.1254125412541254 0.3434065934065934
0 0.7739273927392739 0.8543956043956044 0.07590759075907591 0.29120879120879123
0 0.8201320132013201 0.8598901098901099 0.052805280528052806 0.2802197802197802
0 0.8539603960396039 0.875 0.034653465346534656 0.25
0 0.8770627062706271 0.8447802197802198 0.028052805280528052 0.18956043956043955