0 0.24544626593806923 0.5614886731391586 0.06648451730418943 0.05501618122977346
0 0.33105646630236796 0.26941747572815533 0.07422586520947176 0.22653721682847897
0 0.7718579234972678 0.29449838187702265 0.30510018214936246 0.5889967637540453
0 0.9408014571948998 0.3042071197411003 0.11839708561020036 0.56957928802589
0 0.2645719489981785 0.7944983818770227 0.21402550091074682 0.4110032362459547
0 0.08242258652094718 0.7944983818770227 0.16484517304189436 0.4110032362459547
0 0.557832422586521 0.8576051779935275 0.05692167577413479 0.23705501618122976
0 0.6247723132969034 0.8527508090614887 0.08014571948998178 0.24190938511326862
0 0.7600182149362478 0.8519417475728155 0.0942622950819672 0.24352750809061488
0 0.7112932604735883 0.8211974110032363 0.075591985428051 0.1941747572815534
0 0.8046448087431693 0.8001618122977346 0.06876138433515483 0.15210355987055016
0 0.8497267759562842 0.7872168284789643 0.03961748633879782 0.11245954692556634
0 0.8870673952641166 0.7920711974110033 0.06329690346083788 0.12216828478964402
0 0.5423497267759563 0.8147249190938511 0.026411657559198543 0.18608414239482202