0 0.24664429530201343 0.3447986577181208 0.12416107382550336 0.17281879194630873
0 0.11033557046979864 0.26671140939597315 0.11929530201342285 0.18343959731543621
0 0.061241610738255035 0.5343959731543624 0.12248322147651007 0.09899328859060402
0 0.9061577181208053 0.10761744966442953 0.07895973154362426 0.17724832214765104
0 0.589211409395973 0.4575838926174497 0.16312080536912746 0.09600671140939603
0 0.20484899328859058 0.8047315436241611 0.1231208053691275 0.3881375838926173
0 0.21895973154362416 0.677013422818792 0.09228187919463088 0.15604026845637584
0 0.5746644295302014 0.7860738255033557 0.10906040268456375 0.18959731543624161
0 0.8187919463087249 0.8187919463087249 0.12080536912751678 0.17785234899328858
0 0.9370805369127517 0.839765100671141 0.12583892617449666 0.2197986577181208
0 0.6921140939597316 0.8464765100671141 0.1325503355704698 0.23993288590604026
0 0.45805369127516776 0.8716442953020134 0.087248322147651 0.25671140939597314
0 0.3783557046979866 0.87248322147651 0.13926174496644295 0.2550335570469799
0 0.5343959731543624 0.875 0.17281879194630873 0.25
0 0.6795302013422819 0.8850671140939598 0.13087248322147652 0.22986577181208054
0 0.8246644295302014 0.8993288590604027 0.1325503355704698 0.20134228187919462
0 0.9446308724832215 0.9169463087248322 0.11073825503355705 0.16610738255033558