0 0.25636574074074076 0.3433641975308642 0.049479166666666664 0.2265946502057613
0 0.22077546296296297 0.5907921810699589 0.05613425925925926 0.03755144032921811
0 0.7543402777777778 0.5725308641975309 0.1111111111111111 0.07407407407407407
0 0.6822916666666666 0.5756172839506173 0.028356481481481483 0.06790123456790123
0 0.6497395833333334 0.5733024691358025 0.03732638888888889 0.07253086419753087
0 0.7078993055555556 0.5650720164609053 0.0234375 0.0889917695473251
0 0.5215567129629629 0.5823045267489712 0.033275462962962965 0.05452674897119342
0 0.5633680555555556 0.573045267489712 0.043402777777777776 0.07304526748971193
0 0.6089409722222222 0.5709876543209876 0.01707175925925926 0.07716049382716049
0 0.6273148148148148 0.5676440329218106 0.020833333333333332 0.08384773662551441
0 0.6559288194444446 0.5462808641975309 0.02665219907407411 0.06414609053497933
0 0.7394386574074074 0.9722222222222222 0.08478009259259259 0.05555555555555555
0 0.7964409722222222 0.8207304526748971 0.0814525462962963 0.1736111111111111