0 0.04964539007092199 0.1168122270742358 0.08865248226950355 0.2336244541484716
0 0.08599290780141844 0.0611353711790393 0.06205673758865248 0.1222707423580786
0 0.5602836879432624 0.17358078602620086 0.07801418439716312 0.19868995633187772
0 0.8918439716312057 0.25655021834061137 0.13829787234042554 0.4432314410480349
0 0.7650709219858156 0.2587336244541485 0.13297872340425532 0.4388646288209607
0 0.6285460992907801 0.14519650655021835 0.05851063829787234 0.25109170305676853
0 0.694627659574468 0.13569868995633183 0.06819148936170219 0.2183406113537118
0 0.829645390070922 0.09034934497816594 0.08182624113475173 0.17803493449781652
0 0.9414893617021277 0.04585152838427948 0.05673758865248227 0.09170305676855896
0 0.6179078014184397 0.028384279475982533 0.03723404255319149 0.056768558951965066
0 0.7384751773049646 0.7117903930131004 0.16489361702127658 0.4672489082969432
0 0.7163120567375887 0.7390829694323144 0.23404255319148937 0.5218340611353712