0 0.23601398601398602 0.24737762237762237 0.027972027972027972 0.21853146853146854
0 0.21153846153846154 0.16958041958041958 0.07692307692307693 0.17482517482517482
0 0.7805944055944056 0.7578671328671329 0.11363636363636363 0.19755244755244755
0 0.5262237762237763 0.791958041958042 0.1258741258741259 0.1853146853146853
0 0.3968531468531469 0.8138111888111889 0.14335664335664336 0.229020979020979
0 0.6582167832167832 0.8208041958041958 0.1381118881118881 0.25
0 0.2762237762237762 0.8496503496503497 0.05244755244755245 0.3006993006993007
0 0.9020979020979021 0.8566433566433567 0.09090909090909091 0.2867132867132867
0 0.9562937062937062 0.8575174825174825 0.08741258741258741 0.28496503496503495
0 0.8225524475524476 0.8601398601398601 0.18006993006993008 0.27972027972027974
0 0.6713286713286714 0.8706293706293706 0.13636363636363635 0.25874125874125875
0 0.5201048951048951 0.8854895104895105 0.1381118881118881 0.229020979020979
0 0.388986013986014 0.9038461538461539 0.12762237762237763 0.19230769230769232
0 0.2928321678321678 0.9038461538461539 0.08566433566433566 0.19230769230769232