0 0.4589905362776025 0.39622641509433965 0.05993690851735016 0.22641509433962265
0 0.23264984227129337 0.7441037735849056 0.2302839116719243 0.44575471698113206
0 0.5488958990536278 0.5318396226415094 0.07255520504731862 0.04481132075471698
0 0.6908517350157729 0.5542452830188679 0.05993690851735016 0.08962264150943396
0 0.8351735015772871 0.7110849056603774 0.08675078864353312 0.4033018867924528
0 0.6348580441640379 0.7264150943396226 0.08990536277602523 0.4339622641509434
0 0.5094637223974764 0.7334905660377359 0.04100946372239748 0.4481132075471698
0 0.9156151419558359 0.7299528301886793 0.13722397476340695 0.4410377358490566
0 0.7949526813880127 0.7323113207547169 0.09779179810725552 0.44575471698113206
0 0.723186119873817 0.7535377358490566 0.1277602523659306 0.4882075471698113
0 0.5686119873817035 0.7547169811320755 0.13406940063091483 0.49056603773584906