0 0.85431654676259 0.20153061224489796 0.29136690647482016 0.4030612244897959
0 0.9703237410071942 0.4336734693877551 0.05935251798561151 0.33163265306122447
0 0.704136690647482 0.3125 0.3327338129496403 0.5739795918367347
0 0.572841726618705 0.2997448979591837 0.30755395683453235 0.5994897959183674
0 0.2886690647482014 0.6377551020408163 0.14928057553956833 0.07653061224489796
0 0.1681654676258993 0.6849489795918368 0.14568345323741008 0.17091836734693877
0 0.07553956834532374 0.7997448979591837 0.1510791366906475 0.4005102040816326
0 0.37140287769784175 0.7997448979591837 0.09532374100719425 0.4005102040816326
0 0.24550359712230216 0.7997448979591837 0.22482014388489208 0.4005102040816326
0 0.4613309352517986 0.6568877551020408 0.08453237410071943 0.11479591836734694
0 0.5896762589928057 0.8955867346938775 0.12352517985611522 0.17854591836734696