0 0.14439344262295084 0.17233236151603498 0.05912295081967213 0.18260932944606412
0 0.18729508196721312 0.37682215743440234 0.05 0.04518950437317784
0 0.5086065573770492 0.09548104956268222 0.2168032786885246 0.19096209912536444
0 0.3524590163934426 0.7835276967930029 0.04959016393442623 0.22448979591836735
0 0.06926229508196721 0.7959183673469388 0.07459016393442623 0.40816326530612246
0 0.12172131147540984 0.8039358600583091 0.036885245901639344 0.28717201166180756
0 0.14631147540983608 0.7733236151603499 0.021721311475409837 0.1588921282798834
0 0.18360655737704917 0.8017492711370262 0.029508196721311476 0.22667638483965014
0 0.21639344262295082 0.8083090379008746 0.040983606557377046 0.38338192419825073
0 0.2819672131147541 0.7193877551020408 0.1 0.5612244897959183
0 0.6120983606557377 0.591661807580175 0.0774918032786885 0.37816326530612254