0 0.12772845953002607 0.23008583690987125 0.0941644908616188 0.2688197424892704
0 0.058093994778067884 0.5278969957081545 0.07963446475195822 0.060085836909871244
0 0.47780678851174935 0.27896995708154504 0.057441253263707574 0.5579399141630901
0 0.8178851174934726 0.27896995708154504 0.12140992167101827 0.5579399141630901
0 0.5574412532637075 0.27896995708154504 0.10704960835509138 0.5579399141630901
0 0.720626631853786 0.27896995708154504 0.09921671018276762 0.5579399141630901
0 0.9680156657963447 0.27896995708154504 0.0639686684073107 0.5579399141630901
0 0.6481723237597912 0.27896995708154504 0.09007832898172324 0.5579399141630901
0 0.910574412532637 0.27896995708154504 0.09530026109660575 0.5579399141630901
0 0.39882506527415146 0.8530042918454935 0.10052219321148825 0.16952789699570817
0 0.3251958224543081 0.8698283261802576 0.018537859007832957 0.06583690987124464