0 0.23222610722610723 0.47199170124481327 0.05710955710955711 0.10217842323651452
0 0.3921911421911422 0.19190871369294607 0.06468531468531469 0.18205394190871368
0 0.8951048951048951 0.404045643153527 0.07925407925407925 0.25
0 0.5188461538461538 0.3360165975103734 0.021223776223776265 0.1368672199170125
0 0.4793123543123543 0.35477178423236516 0.019230769230769232 0.14315352697095435
0 0.6584032634032634 0.27290456431535276 0.017954545454545424 0.07982365145228221
0 0.6820396270396271 0.29366182572614113 0.02118298368298363 0.06598547717842314
0 0.47144522144522144 0.2857883817427386 0.0034965034965034965 0.05705394190871369
0 0.4961829836829837 0.2812759336099585 0.01503496503496501 0.04410788381742737
0 0.5740559440559441 0.295954356846473 0.025419580419580357 0.12362033195020754
0 0.23484848484848486 0.7308091286307054 0.4696969696969697 0.40352697095435686
0 0.6707459207459208 0.9258298755186722 0.13082750582750582 0.14782157676348548