0 0.2371364653243848 0.7365671641791045 0.08053691275167785 0.10597014925373134
0 0.33109619686800895 0.25970149253731345 0.04697986577181208 0.26343283582089555
0 0.39429530201342283 0.1455223880597015 0.029082774049217 0.23283582089552238
0 0.9742729306487695 0.13805970149253732 0.05145413870246085 0.27611940298507465
0 0.8529082774049217 0.17313432835820897 0.12863534675615212 0.34626865671641793
0 0.9435123042505593 0.15447761194029852 0.1040268456375839 0.30895522388059704
0 0.7690156599552572 0.1865671641791045 0.1331096196868009 0.373134328358209
0 0.6672259507829977 0.2253731343283582 0.15548098434004473 0.4507462686567164
0 0.6470917225950783 0.8947761194029851 0.09507829977628636 0.21044776119402986
0 0.7477628635346756 0.8738805970149254 0.07718120805369127 0.16865671641791044
0 0.8640939597315436 0.8798507462686567 0.07494407158836688 0.18059701492537314