0 0.17249417249417248 0.18464730290456433 0.09003496503496504 0.36929460580912865
0 0.270979020979021 0.2437759336099585 0.08508158508158509 0.25103734439834025
0 0.30332167832167833 0.18464730290456433 0.07983682983682984 0.3682572614107884
0 0.21182983682983683 0.1908713692946058 0.06818181818181818 0.35632780082987553
0 0.09032634032634032 0.18464730290456433 0.15734265734265734 0.36929460580912865
0 0.8231351981351981 0.30186721991701243 0.05536130536130536 0.13485477178423236
0 0.793997668997669 0.22977178423236513 0.05244755244755245 0.2437759336099585
0 0.4696969696969697 0.06275933609958506 0.047785547785547784 0.12551867219917012
0 0.414044289044289 0.09024896265560166 0.04836829836829837 0.18049792531120332
0 0.5751748251748252 0.04979253112033195 0.046620046620046623 0.0995850622406639
0 0.5303030303030303 0.04719917012448133 0.04079254079254079 0.09439834024896265
0 0.965034965034965 0.07053941908713693 0.05128205128205128 0.14107883817427386
0 0.6031468531468531 0.1908713692946058 0.05244755244755245 0.23340248962655602
0 0.49023892773892774 0.237551867219917 0.05099067599067599 0.23340248962655602
0 0.6931818181818182 0.27593360995850624 0.06118881118881119 0.18672199170124482
0 0.442016317016317 0.3303941908713693 0.05652680652680653 0.07780082987551867
0 0.11276223776223776 0.8485477178423236 0.01282051282051282 0.1716804979253112
0 0.1252913752913753 0.8480290456431535 0.015442890442890442 0.15871369294605808
0 0.09178321678321678 0.8485477178423236 0.013694638694638694 0.1504149377593361
0 0.17832167832167833 0.8480290456431535 0.015734265734265736 0.15871369294605808
0 0.1958041958041958 0.8407676348547718 0.0168997668997669 0.18153526970954356
0 0.3513986013986014 0.8018672199170125 0.0168997668997669 0.11618257261410789
0 0.21416083916083917 0.8101659751037344 0.01252913752913753 0.0995850622406639
0 0.16258741258741258 0.8137966804979253 0.009906759906759906 0.09024896265560166
0 0.14102564102564102 0.8200207468879668 0.013986013986013986 0.09076763485477178
0 0.38286713286713286 0.7935684647302904 0.013694638694638694 0.10114107883817428
0 0.30594405594405594 0.8054979253112033 0.015734265734265736 0.09491701244813278
0 0.25961538461538464 0.7982365145228216 0.012237762237762238 0.08350622406639004