0 0.30273224043715846 0.18349514563106797 0.04562841530054645 0.058737864077669906
0 0.835792349726776 0.16747572815533981 0.03360655737704918 0.05631067961165048
0 0.07595628415300547 0.9650485436893204 0.05901639344262295 0.06990291262135923
0 0.5030054644808744 0.8900485436893204 0.05191256830601093 0.21601941747572814
0 0.4756830601092896 0.7771844660194175 0.04918032786885246 0.22815533980582525
0 0.416120218579235 0.3713592233009709 0.05081967213114754 0.043689320388349516
0 0.12185792349726776 0.4810679611650485 0.05191256830601093 0.13106796116504854
0 0.14344262295081966 0.8922330097087379 0.05191256830601093 0.21553398058252426
0 0.40259562841530055 0.4786407766990291 0.050546448087431695 0.1796116504854369
0 0.3308743169398907 0.6060679611650486 0.060109289617486336 0.22572815533980584
0 0.1396174863387978 0.6303398058252427 0.040983606557377046 0.20145631067961164
0 0.17172131147540984 0.5623786407766991 0.045081967213114756 0.2354368932038835
0 0.1744535519125683 0.4337378640776699 0.045081967213114756 0.13349514563106796
0 0.2707650273224044 0.5344660194174757 0.040983606557377046 0.16990291262135923
0 0.2318306010928962 0.5223300970873787 0.03961748633879782 0.18932038834951456
0 0.3122950819672131 0.3800970873786408 0.03989071038251366 0.06116504854368932
0 0.2748633879781421 0.37524271844660195 0.03278688524590164 0.05145631067961165
0 0.24453551912568305 0.3825242718446602 0.03551912568306011 0.06601941747572816
0 0.009562841530054645 0.4053398058252427 0.01912568306010929 0.11165048543689321
0 0.22978142076502733 0.9514563106796117 0.06830601092896176 0.0970873786407767
0 0.5603825136612022 0.4616504854368932 0.03551912568306011 0.13592233009708737
0 0.5453551912568306 0.39563106796116504 0.04918032786885246 0.09223300970873786
0 0.6259562841530054 0.42475728155339804 0.03551912568306011 0.15048543689320387
0 0.6530054644808743 0.47572815533980584 0.013114754098360656 0.18446601941747573
0 0.2133879781420765 0.9092233009708738 0.05737704918032787 0.18155339805825244
0 0.28032786885245903 0.883495145631068 0.06557377049180328 0.23300970873786409
0 0.9027322404371585 0.6747572815533981 0.10300546448087432 0.6504854368932039
0 0.803551912568306 0.6747572815533981 0.0907103825136612 0.6504854368932039
0 0.7254098360655737 0.6747572815533981 0.10163934426229508 0.6504854368932039
0 0.6707650273224044 0.6922330097087379 0.022131147540983605 0.6155339805825243
0 0.8081967213114755 0.6747572815533981 0.1918032786885246 0.6504854368932039