0 0.07655367231638419 0.16800804828973842 0.12090395480225989 0.16297786720321933
0 0.4053672316384181 0.13028169014084506 0.24915254237288137 0.23843058350100604
0 0.867231638418079 0.15694164989939638 0.07401129943502825 0.10764587525150905
0 0.9327683615819209 0.1529175050301811 0.04463276836158192 0.10613682092555332
0 0.3437853107344633 0.6878772635814889 0.05367231638418079 0.2238430583501006
0 0.3155367231638418 0.5709255533199196 0.05084745762711865 0.23641851106639838
0 0.09067796610169492 0.29678068410462777 0.0423728813559322 0.09456740442655935
0 0.059887005649717516 0.2917505030181087 0.05084745762711865 0.08450704225352113
0 0.02344632768361582 0.28169014084507044 0.04689265536723164 0.06438631790744467
0 0.022033898305084745 0.3998993963782696 0.04406779661016949 0.21629778672032193
0 0.011581920903954802 0.33702213279678067 0.023163841807909605 0.1750503018108652
0 0.13050847457627118 0.7532696177062375 0.06497175141242938 0.21881287726358148
0 0.10706214689265536 0.8948692152917505 0.07175141242937853 0.21026156941649898
0 0.042231638418079094 0.8425553319919518 0.0635593220338983 0.26156941649899396
0 0.2290960451977401 0.3158953722334004 0.05367231638418079 0.13279678068410464
0 0.502542372881356 0.2857142857142857 0.04915254237288136 0.07243460764587525
0 0.5138418079096045 0.4562374245472837 0.03220338983050847 0.2243460764587525
0 0.14943502824858756 0.3460764587525151 0.04915254237288136 0.193158953722334
0 0.7665254237288136 0.5553319919517102 0.052259887005649715 0.23138832997987926
0 0.794774011299435 0.6798289738430584 0.05790960451977401 0.2540241448692153
0 0.9915254237288136 0.5613682092555332 0.01694915254237288 0.24346076458752516
0 0.9374293785310734 0.3654426559356137 0.043785310734463276 0.20875251509054327
0 0.9713276836158192 0.3591549295774648 0.04096045197740113 0.19617706237424548
0 0.9692090395480226 0.2892354124748491 0.031073446327683617 0.079476861167002
0 0.9915254237288136 0.32293762575452717 0.01694915254237288 0.14688128772635814
0 0.7163841807909604 0.9346076458752515 0.07909604519774012 0.13078470824949698
0 0.5997175141242937 0.28672032193158953 0.04915254237288136 0.0744466800804829
0 0.6511299435028248 0.32796780684104626 0.0480225988700565 0.15694164989939638
0 0.5963276836158192 0.9295774647887324 0.07627118644067797 0.14084507042253522
0 0.5970338983050848 0.7930080482897385 0.0692090395480226 0.24396378269617705
0 0.9675141242937854 0.28169014084507044 0.0480225988700565 0.06438631790744467