0 0.44675925925925924 0.07407407407407407 0.09114583333333333 0.14814814814814814
0 0.3715277777777778 0.07047325102880658 0.0943287037037037 0.14094650205761317
0 0.2673611111111111 0.0668724279835391 0.11226851851851852 0.1337448559670782
0 0.18431712962962962 0.058127572016460904 0.07552083333333333 0.11574074074074074
0 0.08825231481481481 0.016975308641975308 0.06568287037037036 0.03343621399176955
0 0.1293402777777778 0.03960905349794239 0.04542824074074074 0.048868312757201646
0 0.8083043981481481 0.2613168724279835 0.053530092592592594 0.2366255144032922
0 0.8370949074074074 0.3636831275720165 0.05960648148148148 0.2109053497942387
0 0.5243055555555556 0.08436213991769548 0.04861111111111111 0.16872427983539096
0 0.9803240740740741 0.08693415637860083 0.03935185185185185 0.17386831275720166
0 0.6325231481481481 0.44084362139917693 0.06944444444444445 0.056584362139917695
0 0.6663773148148148 0.06378600823045268 0.050347222222222224 0.12757201646090535
0 0.22960069444444445 0.584619341563786 0.05931712962962963 0.21347736625514405
0 0.19328703703703703 0.5673868312757202 0.04513888888888889 0.19650205761316872
0 0.1412037037037037 0.49794238683127573 0.03935185185185185 0.05761316872427984
0 0.3538773148148148 0.5709876543209876 0.061921296296296294 0.2037037037037037
0 0.1808449074074074 0.897119341563786 0.05497685185185185 0.205761316872428
0 0.7683738425925926 0.808641975308642 0.053530092592592594 0.2366255144032922
0 0.7971643518518519 0.9027777777777778 0.05960648148148148 0.19444444444444445
0 0.9849537037037037 0.543724279835391 0.03009259259259259 0.14917695473251028
0 0.9600694444444444 0.5823045267489712 0.034722222222222224 0.19032921810699588
0 0.9296875 0.5810185185185185 0.04918981481481482 0.20833333333333334
0 0.9600694444444444 0.5087448559670782 0.028935185185185185 0.07921810699588477
0 0.9186921296296297 0.4933127572016461 0.04456018518518518 0.04835390946502058
0 0.6034432870370371 0.5900205761316872 0.06221064814814815 0.21604938271604937
0 0.9907407407407407 0.7849794238683128 0.018518518518518517 0.257201646090535