0 0.9195187165775401 0.3688212927756654 0.14598930481283423 0.5209125475285171
0 0.660427807486631 0.35076045627376423 0.1409090909090909 0.5565589353612167
0 0.796524064171123 0.34743346007604564 0.10294117647058823 0.5636882129277566
0 0.040106951871657755 0.8241444866920152 0.08021390374331551 0.31511406844106465
0 0.11229946524064172 0.8288973384030418 0.07887700534759358 0.29230038022813687
0 0.18315508021390375 0.8379277566539924 0.08021390374331551 0.2832699619771863
0 0.26524064171122996 0.8284220532319392 0.09090909090909091 0.23859315589353614
0 0.34946524064171125 0.7804182509505704 0.08502673796791443 0.1844106463878327
0 0.3901069518716578 0.7661596958174905 0.059358288770053474 0.12404942965779468
0 0.7435828877005347 0.9092205323193916 0.04973262032085562 0.18155893536121673
0 0.7703208556149732 0.9624524714828897 0.05508021390374331 0.07509505703422054
0 0.993048128342246 0.688212927756654 0.013903743315508022 0.11787072243346007
0 0.9748663101604278 0.6891634980988594 0.033155080213903745 0.11977186311787072
0 0.95 0.6905893536121673 0.040106951871657755 0.12262357414448669
0 0.9208556149732621 0.7186311787072244 0.03208556149732621 0.1758555133079848
0 0.8927807486631016 0.7214828897338403 0.045454545454545456 0.1844106463878327
0 0.9208556149732621 0.6582699619771863 0.026737967914438502 0.05798479087452472
0 0.604812834224599 0.7271863117870723 0.029946524064171122 0.1958174904942966
0 0.9620320855614973 0.8935361216730038 0.0427807486631016 0.21292775665399238
0 0.9831550802139037 0.8811787072243346 0.033689839572192515 0.22053231939163498