0 0.8808333333333334 0.07874762808349146 0.17166666666666666 0.0635673624288425
0 0.9697222222222223 0.08349146110056926 0.06055555555555556 0.061669829222011384
0 0.7691666666666667 0.09297912713472485 0.12833333333333333 0.061669829222011384
0 0.6522222222222223 0.0967741935483871 0.15388888888888888 0.07258064516129033
0 0.7827777777777778 0.12760910815939278 0.1213888888888889 0.053605313092979126
0 0.9144444444444444 0.12808349146110057 0.17083333333333334 0.0872865275142315
0 0.9325 0.13899430740037952 0.135 0.051707779886148005
0 0.6769444444444445 0.13994307400379508 0.11805555555555555 0.0777988614800759
0 0.45694444444444443 0.1527514231499051 0.11361111111111111 0.14231499051233396
0 0.5022222222222222 0.17362428842504743 0.15472222222222223 0.1513282732447818
0 0.5872222222222222 0.18975332068311196 0.2325 0.11907020872865275
0 0.7961111111111111 0.19449715370018975 0.24027777777777778 0.10958254269449716
0 0.8922222222222222 0.20635673624288425 0.2152777777777778 0.08633776091081594
0 0.9105555555555556 0.29174573055028463 0.03888888888888889 0.08444022770398482
0 0.8466666666666667 0.3036053130929791 0.044444444444444446 0.10815939278937381
0 0.8488888888888889 0.27514231499051234 0.043333333333333335 0.051233396584440226
0 0.90875 0.7495256166982922 0.05138888888888889 0.21821631878557876
0 0.9365277777777777 0.8669354838709677 0.05694444444444444 0.23956356736242884
0 0.5030555555555556 0.9539848197343453 0.05388888888888889 0.0920303605313093
0 0.6309722222222223 0.5657020872865275 0.05694444444444444 0.19686907020872865
0 0.59625 0.5396110056925996 0.043055555555555555 0.20161290322580644
0 0.6011111111111112 0.3913662239089184 0.05277777777777778 0.16129032258064516
0 0.6233333333333333 0.3557874762808349 0.03611111111111111 0.17077798861480076
0 0.6573611111111111 0.3735768500948767 0.04027777777777778 0.15417457305502846
0 0.54625 0.46133776091081596 0.0375 0.10199240986717267
0 0.7448611111111111 0.36408918406072105 0.05416666666666667 0.18738140417457305
0 0.9516666666666667 0.31214421252371916 0.043333333333333335 0.1252371916508539
0 0.7504166666666666 0.5479127134724858 0.059722222222222225 0.19924098671726756
0 0.7386111111111111 0.9554079696394687 0.075 0.08918406072106262
0 0.5844444444444444 0.8764231499051234 0.05277777777777778 0.23481973434535106
0 0.4469444444444444 0.38543643263757116 0.041666666666666664 0.16840607210626185
0 0.41083333333333333 0.4264705882352941 0.021666666666666667 0.17552182163187854
0 0.41444444444444445 0.3818785578747628 0.028888888888888888 0.15654648956356737
0 0.43083333333333335 0.2870018975332068 0.04055555555555555 0.07495256166982922
0 0.40944444444444444 0.269449715370019 0.01888888888888889 0.03984819734345351