0 0.02459016393442623 0.2713592233009709 0.03169398907103825 0.16310679611650486
0 0.6030054644808743 0.2745145631067961 0.05191256830601093 0.21601941747572814
0 0.6303278688524591 0.1616504854368932 0.04918032786885246 0.22815533980582525
0 0.9622950819672131 0.29271844660194174 0.05191256830601093 0.24757281553398058
0 0.8368852459016394 0.4140776699029126 0.06830601092896176 0.13106796116504854
0 0.8168032786885245 0.3327669902912621 0.05874316939890711 0.25970873786407767
0 0.9319672131147541 0.027184466019417475 0.05191256830601093 0.05436893203883495
0 0.9404371584699454 0.06116504854368932 0.060109289617486336 0.12233009708737864
0 0.8967213114754098 0.3737864077669903 0.0546448087431694 0.21165048543689322
0 0.23306010928961748 0.8310679611650486 0.15792349726775956 0.3378640776699029
0 0.7349726775956285 0.7398058252427184 0.5300546448087432 0.5203883495145631