0 0.07161458333333333 0.09814814814814815 0.07291666666666667 0.19583333333333333
0 0.5546875 0.024074074074074074 0.041666666666666664 0.04814814814814815
0 0.49700520833333334 0.4305555555555556 0.048177083333333336 0.21296296296296297
0 0.4708333333333333 0.4986111111111111 0.053125 0.14166666666666666
0 0.757421875 0.2511574074074074 0.053385416666666664 0.19212962962962962
0 0.7899739583333333 0.22569444444444445 0.040364583333333336 0.19675925925925927
0 0.7854166666666667 0.08101851851851852 0.049479166666666664 0.1574074074074074
0 0.8368489583333333 0.14930555555555555 0.03515625 0.09953703703703703
0 0.80078125 0.5046296296296297 0.049479166666666664 0.12962962962962962
0 0.98515625 0.22083333333333333 0.0296875 0.18796296296296297
0 0.9299479166666667 0.0787037037037037 0.0390625 0.1574074074074074
0 0.9716145833333333 0.11574074074074074 0.036458333333333336 0.1712962962962963
0 0.9604166666666667 0.07407407407407407 0.027083333333333334 0.14814814814814814
0 0.98515625 0.06111111111111111 0.0296875 0.12222222222222222
0 0.45390625 0.04722222222222222 0.034895833333333334 0.09444444444444444
0 0.7125 0.10069444444444445 0.041666666666666664 0.15046296296296297
0 0.745703125 0.09259259259259259 0.037760416666666664 0.16666666666666666
0 0.624609375 0.21412037037037038 0.045572916666666664 0.19212962962962962
0 0.6506510416666667 0.11805555555555555 0.045572916666666664 0.19907407407407407
0 0.184375 0.6189814814814815 0.036458333333333336 0.09907407407407408
0 0.24453125 0.6365740740740741 0.041666666666666664 0.1111111111111111
0 0.24244791666666668 0.6027777777777777 0.04010416666666667 0.06666666666666667
0 0.35130208333333335 0.8912037037037037 0.052083333333333336 0.19907407407407407
0 0.340234375 0.6979166666666666 0.05078125 0.18287037037037038
0 0.01484375 0.8699074074074075 0.0296875 0.1712962962962963
0 0.04140625 0.8692129629629629 0.044270833333333336 0.1875
0 0.0140625 0.7893518518518519 0.026041666666666668 0.10185185185185185
0 0.012760416666666666 0.6513888888888889 0.025520833333333333 0.1638888888888889
0 0.03815104166666667 0.6539351851851852 0.037760416666666664 0.16898148148148148
0 0.051171875 0.7314814814814815 0.040364583333333336 0.16203703703703703
0 0.05546875 0.6351851851851852 0.033854166666666664 0.13148148148148148
0 0.08958333333333333 0.6400462962962963 0.03125 0.13194444444444445
0 0.14609375 0.6388888888888888 0.04010416666666667 0.1388888888888889
0 0.6442708333333333 0.8087962962962963 0.19010416666666666 0.3087962962962963
0 0.49322916666666666 0.8041666666666667 0.1546875 0.28379629629629627
0 0.8885416666666667 0.8032407407407407 0.20651041666666667 0.23055555555555557
0 0.7361979166666667 0.6703703703703704 0.11223958333333334 0.14027777777777778
0 0.5651041666666666 0.6824074074074075 0.09557291666666666 0.11805555555555555