0 0.5709382151029748 0.2489816700610998 0.02259725400457666 0.20010183299389003
0 0.5998283752860412 0.4719959266802444 0.07951945080091533 0.335030549898167
0 0.7457093821510298 0.5605906313645621 0.07408466819221968 0.15784114052953158
0 0.6773455377574371 0.46588594704684316 0.09496567505720824 0.23574338085539714
0 0.6109839816933639 0.20977596741344195 0.040903890160183067 0.20723014256619143
0 0.6455949656750573 0.1675152749490835 0.028890160183066362 0.23879837067209775
0 0.6796338672768879 0.07942973523421588 0.02316933638443936 0.12270875763747455
0 0.6690503432494279 0.15274949083503056 0.015160183066361556 0.13594704684317718
0 0.7242562929061785 0.08808553971486761 0.020594965675057208 0.10132382892057026
0 0.8240846681922197 0.19195519348268839 0.021739130434782608 0.13085539714867617
0 0.5403318077803204 0.8192464358452138 0.03832951945080092 0.23930753564154786
0 0.2288329519450801 0.6782077393075356 0.04691075514874142 0.07739307535641547
0 0.17305491990846683 0.705193482688391 0.04977116704805492 0.13136456211812628
0 0.18220823798627003 0.9389002036659878 0.04290617848970252 0.12219959266802444
0 0.022025171624713957 0.6720977596741344 0.04290617848970252 0.06517311608961303
0 0.33237986270022885 0.6654786150712831 0.04576659038901602 0.051934826883910386
0 0.28832951945080093 0.6629327902240326 0.04004576659038902 0.04684317718940937
0 0.25028604118993136 0.8930753564154786 0.06121281464530892 0.21384928716904278
0 0.3412471395881007 0.8485234215885947 0.060068649885583525 0.23167006109979632
0 0.41204233409610985 0.7734215885947047 0.052917620137299774 0.2545824847250509
0 0.030177345537757437 0.7988798370672098 0.05577803203661327 0.23930753564154786
0 0.2036613272311213 0.9475560081466395 0.057208237986270026 0.10488798370672098
0 0.7199656750572082 0.8004073319755601 0.07122425629290619 0.10336048879837068