0 0.4592074592074592 0.2053941908713693 0.04924242424242424 0.0637966804979253
0 0.7354312354312355 0.3879668049792531 0.06672494172494173 0.23132780082987553
0 0.46386946386946387 0.9465767634854771 0.05244755244755245 0.10684647302904564
0 0.08682983682983683 0.6986514522821576 0.05536130536130536 0.1400414937759336
0 0.14000582750582752 0.7855290456431535 0.04807692307692308 0.25155601659751037
0 0.14277389277389277 0.6644190871369294 0.047785547785547784 0.10892116182572614
0 0.08318764568764568 0.8594398340248963 0.05099067599067599 0.21265560165975103
0 0.24562937062937062 0.7907157676348547 0.046620046620046623 0.18931535269709543
0 0.20046620046620048 0.7764522821576764 0.04079254079254079 0.2074688796680498
0 0.2534965034965035 0.6296680497925311 0.045454545454545456 0.03941908713692946
0 0.22144522144522144 0.6374481327800829 0.04195804195804196 0.054979253112033194
0 0.5136946386946387 0.66701244813278 0.049533799533799536 0.11410788381742738
0 0.30885780885780884 0.671161825726141 0.039627039627039624 0.12240663900414937
0 0.2733100233100233 0.9294605809128631 0.05244755244755245 0.14107883817427386
0 0.16025641025641027 0.9528008298755186 0.05128205128205128 0.09439834024896265
0 0.8566433566433567 0.7925311203319502 0.2867132867132867 0.31950207468879666
0 0.7986596736596736 0.8049792531120332 0.358974358974359 0.3900414937759336