0 0.7532552083333334 0.32939814814814816 0.05078125 0.2152777777777778
0 0.6770833333333334 0.19050925925925927 0.049479166666666664 0.22916666666666666
0 0.5986979166666667 0.40046296296296297 0.0578125 0.1175925925925926
0 0.315625 0.49583333333333335 0.041666666666666664 0.07314814814814814
0 0.2578125 0.9041666666666667 0.04791666666666667 0.19166666666666668
0 0.23177083333333334 0.9560185185185185 0.053125 0.08796296296296297
0 0.518359375 0.7354166666666667 0.053385416666666664 0.19212962962962962
0 0.5502604166666667 0.7097222222222223 0.0390625 0.19722222222222222
0 0.5455729166666666 0.5648148148148148 0.0484375 0.1574074074074074
0 0.5533854166666666 0.962037037037037 0.0328125 0.07592592592592592
0 0.21484375 0.5189814814814815 0.034895833333333334 0.11944444444444445
0 0.03177083333333333 0.9041666666666667 0.052083333333333336 0.19166666666666668
0 0.015364583333333333 0.8888888888888888 0.030729166666666665 0.2222222222222222
0 0.100390625 0.7400462962962963 0.040364583333333336 0.19212962962962962
0 0.069140625 0.7342592592592593 0.037760416666666664 0.18055555555555555
0 0.07109375 0.6555555555555556 0.028645833333333332 0.10185185185185185
0 0.04244791666666667 0.6787037037037037 0.03125 0.18055555555555555
0 0.01328125 0.7027777777777777 0.0265625 0.18333333333333332
0 0.100390625 0.6034722222222222 0.04296875 0.1550925925925926
0 0.10546875 0.5236111111111111 0.034895833333333334 0.1287037037037037
0 0.4734375 0.5849537037037037 0.041666666666666664 0.15046296296296297
0 0.506640625 0.5768518518518518 0.037760416666666664 0.16666666666666666
0 0.385546875 0.6983796296296296 0.045572916666666664 0.19212962962962962
0 0.41158854166666664 0.6023148148148149 0.045572916666666664 0.19907407407407407
0 0.14010416666666667 0.500462962962963 0.03125 0.0824074074074074