0 0.7784810126582279 0.9538288288288288 0.03291139240506329 0.09234234234234234
0 0.8145569620253165 0.9234234234234234 0.032278481012658226 0.09572072072072071
0 0.609493670886076 0.9808558558558559 0.02911392405063291 0.037162162162162164
0 0.5702531645569621 0.9684684684684685 0.030379746835443037 0.061936936936936936
0 0.5050632911392405 0.9707207207207207 0.02721518987341772 0.057432432432432436
0 0.4962025316455696 0.8704954954954955 0.02088607594936709 0.08220720720720721
0 0.4917721518987342 0.7916666666666666 0.02531645569620253 0.06306306306306306
0 0.8936708860759494 0.8975225225225225 0.0189873417721519 0.07657657657657657
0 0.9240506329113924 0.9256756756756757 0.021518987341772152 0.07882882882882883
0 0.939873417721519 0.9436936936936937 0.024683544303797468 0.07882882882882883
0 0.9841772151898734 0.9774774774774775 0.026582278481012658 0.04504504504504504
0 0.9468354430379747 0.9605855855855856 0.02721518987341772 0.07882882882882883
0 0.8854430379746835 0.8671171171171171 0.017721518987341773 0.05518018018018018