0 0.2235135135135135 0.30480769230769234 0.447027027027027 0.5817307692307693
0 0.21162162162162163 0.27355769230769234 0.32756756756756755 0.30288461538461536
0 0.8467567567567568 0.4264423076923077 0.08297297297297297 0.27692307692307694
0 0.92 0.41586538461538464 0.05 0.2725961538461538
0 0.2702702702702703 0.7831730769230769 0.051351351351351354 0.12980769230769232
0 0.40540540540540543 0.76875 0.04054054054054054 0.18269230769230768
0 0.37567567567567567 0.7615384615384615 0.04864864864864865 0.1778846153846154
0 0.3389189189189189 0.75 0.04864864864864865 0.16153846153846155
0 0.11810810810810811 0.9057692307692308 0.05243243243243243 0.18846153846153846
0 0.10608108108108108 0.7651442307692308 0.041891891891891894 0.17067307692307693
0 0.14513513513513512 0.7379807692307693 0.03405405405405405 0.1375
0 0.05108108108108108 0.7346153846153847 0.04594594594594595 0.13076923076923078
0 0.4437837837837838 0.8480769230769231 0.011891891891891892 0.21153846153846154
0 0.3216216216216216 0.8564903846153846 0.051351351351351354 0.2283653846153846
0 0.31351351351351353 0.9048076923076923 0.05945945945945946 0.19038461538461537
0 0.10337837837837838 0.8096153846153846 0.03918918918918919 0.16346153846153846
0 0.7391891891891892 0.8346153846153846 0.5216216216216216 0.33076923076923076