0 0.8273936170212766 0.4655009451795841 0.08138297872340426 0.3487712665406427
0 0.7183510638297872 0.3686200378071834 0.03351063829787234 0.15406427221172023
0 0.6007978723404256 0.40311909262759926 0.036170212765957444 0.16209829867674858
0 0.22180851063829787 0.6724952741020794 0.027659574468085105 0.06521739130434782
0 0.27101063829787236 0.6743856332703214 0.0398936170212766 0.06899810964083176
0 0.03430851063829787 0.7405482041587902 0.05585106382978723 0.20132325141776938
0 0.3574468085106383 0.7641776937618148 0.02446808510638298 0.2485822306238185
0 0.23882978723404255 0.8270321361058601 0.12978723404255318 0.34593572778827975
0 0.3481382978723404 0.8435727788279773 0.04308510638297872 0.31285444234404536
0 0.7202127659574468 0.6517013232514177 0.0425531914893617 0.023629489603024575
0 0.7795212765957447 0.9725897920604915 0.04946808510638298 0.054820415879017016
0 0.5136968085106383 0.8707466918714556 0.05452127659574468 0.19612476370510398
0 0.48045212765957446 0.8447542533081286 0.041223404255319146 0.2008506616257089
0 0.4848404255319149 0.7084120982986768 0.05053191489361702 0.13705103969754254
0 0.5061170212765957 0.693289224952741 0.034574468085106384 0.10680529300567108
0 0.5388297872340425 0.6980151228733459 0.03829787234042553 0.11625708884688091
0 0.43257978723404256 0.7667769376181475 0.03590425531914894 0.10160680529300567
0 0.611436170212766 0.8672022684310019 0.05319148936170213 0.20321361058601134
0 0.6226063829787234 0.7013232514177694 0.05159574468085106 0.12287334593572778
0 0.9752659574468086 0.9465973534971645 0.04946808510638298 0.10680529300567108
0 0.9912234042553192 0.9347826086956522 0.017553191489361703 0.13043478260869565
0 0.9965425531914893 0.7911153119092628 0.006914893617021276 0.17013232514177692
0 0.9824468085106383 0.7868620037807184 0.035106382978723406 0.1843100189035917
0 0.9558510638297872 0.8459357277882797 0.031914893617021274 0.17485822306238186
0 0.9279255319148936 0.8447542533081286 0.04521276595744681 0.19139886578449905
0 0.9558510638297872 0.7632325141776938 0.026595744680851064 0.10396975425330812
0 0.9582446808510638 0.6729678638941399 0.02925531914893617 0.0661625708884688
0 0.9311170212765958 0.6753308128544423 0.038829787234042554 0.07088846880907372
0 0.9178191489361702 0.7131379962192816 0.040957446808510635 0.14650283553875237
0 0.913031914893617 0.6564272211720227 0.034574468085106384 0.0330812854442344
0 0.8787234042553191 0.6587901701323251 0.031914893617021274 0.03780718336483932
0 0.8207446808510638 0.6602079395085066 0.04148936170212766 0.04064272211720227