0 0.2582480091012514 0.7930161943319838 0.08845278725824801 0.20192307692307693
0 0.6601251422070534 0.9635627530364372 0.0540386803185438 0.0728744939271255
0 0.6882821387940842 0.9018218623481782 0.051194539249146756 0.19635627530364372
0 0.7504266211604096 0.4519230769230769 0.05261660978384528 0.1417004048582996
0 0.7491467576791809 0.4104251012145749 0.055745164960182024 0.06174089068825911
0 0.9906143344709898 0.6983805668016194 0.01877133105802048 0.24493927125506074
0 0.9891922639362912 0.5642712550607287 0.02161547212741752 0.13866396761133604
0 0.9908987485779295 0.4331983805668016 0.01820250284414107 0.10728744939271255
0 0.9018771331058021 0.7036943319838057 0.04550625711035267 0.1847165991902834
0 0.9459613196814562 0.6897773279352226 0.03981797497155859 0.20242914979757085
0 0.8570819112627986 0.48861336032388664 0.04692832764505119 0.17965587044534412
0 0.891353811149033 0.4043522267206478 0.038680318543799774 0.04959514170040486
0 0.8940557451649602 0.47596153846153844 0.044084186575654154 0.17965587044534412
0 0.9253412969283277 0.48861336032388664 0.04124004550625711 0.1847165991902834
0 0.6168941979522184 0.43724696356275305 0.032423208191126277 0.11538461538461539
0 0.5944254835039818 0.42813765182186236 0.02957906712172924 0.09716599190283401
0 0.9763936291240045 0.944838056680162 0.047212741751990896 0.11032388663967611
0 0.893344709897611 0.9180161943319838 0.059726962457337884 0.16396761133603238
0 0.8228100113765643 0.875 0.052901023890784986 0.25
0 0.8455631399317406 0.4347165991902834 0.03811149032992037 0.11032388663967611
0 0.6722127417519909 0.5670546558704453 0.04124004550625711 0.1847165991902834