0 0.9378757515030061 0.4058734939759036 0.10220440881763528 0.24548192771084337
0 0.6708416833667334 0.4766566265060241 0.13527054108216433 0.10391566265060241
0 0.783066132264529 0.48042168674698793 0.12124248496993988 0.0963855421686747
0 0.8376753507014028 0.411144578313253 0.11623246492985972 0.23493975903614459
0 0.6162324649298597 0.41566265060240964 0.05410821643286573 0.21987951807228914
0 0.6132264529058116 0.276355421686747 0.04809619238476954 0.24246987951807228
0 0.6828657314629258 0.3207831325301205 0.08917835671342686 0.22590361445783133
0 0.746993987975952 0.4141566265060241 0.08517034068136273 0.2289156626506024
0 0.6848697394789579 0.4427710843373494 0.061122244488977955 0.1686746987951807
0 0.6497995991983968 0.2756024096385542 0.05110220440881764 0.21385542168674698
0 0.6472945891783567 0.18373493975903615 0.07214428857715431 0.13253012048192772
0 0.9524048096192385 0.3305722891566265 0.07515030060120241 0.2605421686746988
0 0.7660320641282565 0.3064759036144578 0.06312625250501001 0.12198795180722892
0 0.47394789579158314 0.6927710843373494 0.1287575150300601 0.24623493975903615
0 0.21192384769539077 0.6912650602409639 0.14779559118236474 0.2341867469879518
0 0.056112224448897796 0.8012048192771084 0.11222444889779559 0.3825301204819277
0 0.093687374749499 0.7078313253012049 0.09118236472945891 0.22665662650602408
0 0.7765531062124249 0.8990963855421686 0.02004008016032064 0.05421686746987952