0 0.025455298013245035 0.7475282485875706 0.05091059602649007 0.361228813559322
0 0.09664735099337748 0.748587570621469 0.04759933774834437 0.3562853107344633
0 0.16846026490066227 0.7436440677966102 0.08112582781456953 0.3562853107344633
0 0.2713162251655629 0.7510593220338984 0.05836092715231788 0.361228813559322
0 0.36278973509933776 0.746822033898305 0.07408940397350994 0.3580508474576271
0 0.9360513245033113 0.975635593220339 0.01697019867549669 0.048728813559322036
0 0.9112168874172185 0.975635593220339 0.01697019867549669 0.048728813559322036
0 0.9410182119205298 0.984816384180791 0.026076158940397352 0.03036723163841808
0 0.9557119205298014 0.9728107344632768 0.018211920529801324 0.054378531073446326
0 0.9106746688741723 0.6392584745762713 0.015211092715231788 0.058990112994350266
0 0.9234850993377485 0.6531779661016949 0.01195778145695359 0.07093220338983054
0 0.8105629139072847 0.5762994350282487 0.013725165562913847 0.0284463276836158
0 0.43936258278145696 0.9777542372881356 0.021109271523178808 0.04449152542372881
0 0.4383278145695364 0.9887005649717514 0.026490066225165563 0.022598870056497175
0 0.5008236754966887 0.7896680790960452 0.016167218543046334 0.07403248587570617
0 0.515691225165563 0.7744279661016951 0.014863410596026477 0.06651129943502829
0 0.5186672185430463 0.765819209039548 0.019776490066225155 0.07047316384180788
0 0.4875041390728477 0.7737641242937854 0.01229718543046359 0.06694915254237285
0 0.47716059602649 0.7596327683615818 0.01230132450331127 0.06516949152542371
0 0.5693543046357615 0.7507980225988702 0.016639072847682138 0.06869350282485874
0 0.5203476821192053 0.696475988700565 0.01382450331125827 0.05715395480225993
0 0.4943584437086092 0.7170127118644067 0.014619205298013267 0.06468220338983045
0 0.5272019867549669 0.6662288135593221 0.013046357615894032 0.0513771186440678
0 0.5577152317880795 0.6635734463276837 0.009921357615894051 0.04961158192090395
0 0.5429759933774834 0.6107980225988701 0.00838162251655629 0.04116525423728811
0 0.5343129139072849 0.6092584745762712 0.00864238410596031 0.04336864406779667
0 0.40955298013245034 0.5365112994350283 0.00747102649006623 0.05148305084745761
0 0.41976821192052977 0.5320974576271187 0.016514900662251645 0.05854519774011298
0 0.4637334437086093 0.5014053672316384 0.009246688741721867 0.05012711864406781
0 0.4757574503311259 0.5075847457627118 0.007425496688741744 0.0412994350282486
0 0.49243791390728475 0.4963276836158192 0.009743377483443694 0.047026836158192115
0 0.4932119205298013 0.47689265536723163 0.008191225165562898 0.04524011299435025
0 0.507694536423841 0.47048728813559326 0.005078642384105952 0.03772598870056494
0 0.5172640728476822 0.4804237288135593 0.005587748344370861 0.04877824858757058
0 0.5088617549668875 0.4618714689265537 0.0043004966887417164 0.031094632768361562
0 0.6070405629139073 0.6431426553672317 0.013365066225165548 0.05288841807909612
0 0.5804014900662252 0.6411581920903955 0.007694536423841026 0.045374293785310736
0 0.5687665562913907 0.6468926553672316 0.006150662251655587 0.039201977401129934
0 0.584283940397351 0.6285663841807909 0.008207781456953613 0.046687853107344565
0 0.6391059602649006 0.6358545197740113 0.011274834437086096 0.05067090395480226
0 0.6352276490066225 0.6252542372881356 0.01283112582781457 0.04182909604519775
0 0.6224254966887417 0.6661087570621469 0.008961092715231826 0.058213276836158234
0 0.6319991721854304 0.6665254237288135 0.011216887417218505 0.05219632768361588
0 0.6577276490066226 0.6360522598870056 0.008389900662251648 0.04781073446327687
0 0.6552690397350994 0.6259180790960451 0.009453642384105926 0.05198446327683609
0 0.6632864238410596 0.59125 0.0058278145695363935 0.04444209039548027
0 0.6704014900662252 0.6088912429378531 0.01098509933774833 0.04740112994350275
0 0.7190149006622516 0.5972104519774011 0.009673013245033068 0.04223870056497171
0 0.7186258278145695 0.6579378531073447 0.014068708609271527 0.034795197740112985
0 0.6671647350993377 0.6780296610169492 0.0104801324503311 0.03084039548022604
0 0.6782905629139073 0.6996680790960452 0.011767384105960291 0.03528248587570624
0 0.6630256622516556 0.7062923728813559 0.012553807947019838 0.025572033898305112
0 0.6519081125827815 0.7243079096045197 0.014114238410595989 0.04395480225988701
0 0.6233319536423841 0.740656779661017 0.015939569536423837 0.036002824858757075
0 0.6127276490066225 0.7223305084745764 0.01232615894039734 0.036426553672316335
0 0.6022516556291391 0.7486158192090395 0.01828228476821195 0.07134180790960451
0 0.5975993377483444 0.7885875706214689 0.020355960264900688 0.08065677966101698
0 0.589192880794702 0.7872598870056497 0.013894867549668849 0.06740819209039552
0 0.5855753311258278 0.7574435028248587 0.008725165562913877 0.03248587570621469
0 0.6834561258278146 0.8234675141242938 0.024437086092715218 0.044477401129943514
0 0.6759561258278146 0.8005014124293786 0.016684602649006598 0.049752824858757094
0 0.7263824503311258 0.7982909604519774 0.02337334437086094 0.040035310734463314
0 0.7592756622516557 0.8203742937853108 0.020529801324503275 0.04889124293785312
0 0.7110513245033113 0.7192443502824859 0.0164569536423841 0.037302259887005605
0 0.7005794701986755 0.7360240112994351 0.015173841059602683 0.042620056497175075
0 0.6907491721854304 0.7384533898305086 0.014143211920529832 0.054548022598870066
0 0.701601821192053 0.6777330508474576 0.011059602649006633 0.03554378531073441
0 0.7524172185430463 0.6616101694915254 0.008182947019867543 0.03862288135593224
0 0.8315521523178808 0.6329025423728813 0.00812913907284763 0.02887711864406787
0 0.8193998344370861 0.6390889830508475 0.007620033112582721 0.025346045197740183
0 0.845 0.6101694915254238 0.012259933774834392 0.0557909604519774
0 0.756171357615894 0.6341384180790961 0.010989238410596102 0.03193502824858759
0 0.7260885761589404 0.415225988700565 0.011523178807946986 0.047252824858757037
0 0.7516059602649007 0.4091878531073447 0.007802152317880757 0.03635593220338984
0 0.7441059602649006 0.41301553672316377 0.006858443708609246 0.0393008474576271
0 0.8093956953642384 0.4081920903954802 0.004552980132450331 0.03672316384180791
0 0.8232367549668874 0.4161016949152543 0.009908940397351016 0.020755649717514115
0 0.6350165562913908 0.43699858757062143 0.006672185430463531 0.04372175141242936
0 0.6276903973509934 0.43832627118644074 0.007884933774834419 0.04048728813559325
0 0.6204470198675497 0.4384675141242938 0.007201986754966925 0.04313559322033901
0 0.6074337748344371 0.43331920903954796 0.006692880794702017 0.03518361581920908
0 0.5999337748344371 0.423156779661017 0.004110099337748371 0.01367937853107345
0 0.9133692052980131 0.4093502824858757 0.006672185430463531 0.035515536723163814
0 0.9237996688741722 0.4105296610169491 0.0061465231788079095 0.037867231638418083
0 0.9987582781456954 0.6811440677966102 0.0024834437086092716 0.04731638418079096
0 0.9767549668874173 0.6911016949152543 0.008584437086092625 0.058757062146892684
0 0.9658940397350994 0.6903672316384181 0.007553807947019868 0.0631709039548023
0 0.9848592715231789 0.6270621468926554 0.007541390728476738 0.04838276836158192
0 0.9564114238410596 0.6151412429378531 0.0065273178807946945 0.049251412429378534
0 0.9479635761589403 0.6091031073446328 0.006879139072847637 0.05366525423728814
0 0.9962748344370861 0.626412429378531 0.0074503311258278145 0.05084745762711865
0 0.9983443708609272 0.6514830508474576 0.0033112582781456954 0.04307909604519774
0 0.9973096026490066 0.5865112994350282 0.005380794701986755 0.041666666666666664
0 0.9030794701986755 0.8290607344632769 0.02118791390728479 0.048983050847457556
0 0.8887872516556291 0.8470550847457626 0.020447019867549706 0.05927966101694919
0 0.6949130794701986 0.5732062146892656 0.010488410596026456 0.043185028248587554
0 0.6881456953642384 0.5730437853107344 0.005306291390728451 0.0390042372881356
0 0.6781043046357615 0.6020268361581921 0.014693708609271524 0.035183615819208994
0 0.8572475165562913 0.5794562146892656 0.008385761589404064 0.024124293785310794
0 0.848894867549669 0.5794562146892656 0.008832781456953702 0.026144067796610156
0 0.8711506622516556 0.6198658192090396 0.01165976821192056 0.06459039548022602