0 0.36363636363636365 0.36332574031890663 0.018010291595197257 0.04669703872437358
0 0.008576329331046312 0.484624145785877 0.017152658662092625 0.05353075170842825
0 0.3893653516295026 0.244874715261959 0.018867924528301886 0.13211845102505695
0 0.11020583190394512 0.9071753986332574 0.1312178387650086 0.1856492027334852
0 0.6843910806174958 0.878132118451025 0.06689536878216124 0.2437357630979499
0 0.8203259005145798 0.8775626423690205 0.10548885077186965 0.244874715261959
0 0.5102915951972555 0.8775626423690205 0.12864493996569468 0.244874715261959
0 0.7452830188679245 0.8758542141230068 0.06518010291595197 0.24829157175398633
0 0.9802744425385935 0.8621867881548975 0.03945111492281304 0.275626423690205
0 0.9399656946826758 0.8878132118451025 0.08747855917667238 0.224373576309795
0 0.43138936535162953 0.8701594533029613 0.07204116638078903 0.25968109339407747
0 0.3897941680960549 0.8684510250569476 0.01972555746140652 0.2630979498861048
0 0.6230703259005146 0.8843963553530751 0.08490566037735849 0.23120728929384965
0 0.8799313893653516 0.8707289293849658 0.0634648370497427 0.25854214123006836
0 0.565180102915952 0.8752847380410023 0.0686106346483705 0.24943052391799544