0 0.25495337995337997 0.27800829875518673 0.29632867132867136 0.34232365145228216
0 0.01048951048951049 0.5114107883817427 0.02097902097902098 0.12448132780082988
0 0.3082750582750583 0.6675311203319502 0.05536130536130536 0.1400414937759336
0 0.017773892773892772 0.6644190871369294 0.035547785547785545 0.19190871369294607
0 0.08537296037296037 0.8010892116182573 0.0641025641025641 0.2411825726141079
0 0.2893356643356643 0.8270228215767634 0.043706293706293704 0.21524896265560167
0 0.2550990675990676 0.754408713692946 0.04807692307692308 0.25155601659751037
0 0.2521853146853147 0.6169605809128631 0.04807692307692308 0.14263485477178423
0 0.14947552447552448 0.7245850622406639 0.043706293706293704 0.18153526970954356
0 0.1909965034965035 0.7116182572614108 0.04224941724941725 0.20228215767634855
0 0.1048951048951049 0.520746887966805 0.04195804195804196 0.14315352697095435
0 0.1451048951048951 0.5155601659751037 0.03496503496503497 0.13278008298755187
0 0.17686480186480186 0.5233402489626556 0.03787878787878788 0.1483402489626556
0 0.2523310023310023 0.4932572614107884 0.04195804195804196 0.08817427385892117
0 0.28875291375291373 0.49221991701244816 0.042540792540792544 0.08609958506224066
0 0.7610722610722611 0.8060165975103735 0.10372960372960373 0.3879668049792531