0 0.7362637362637363 0.3349609375 0.5274725274725275 0.669921875
0 0.718956043956044 0.7109375 0.0521978021978022 0.08203125
0 0.987912087912088 0.7216796875 0.024175824175824177 0.103515625
0 0.5502747252747253 0.88134765625 0.06593406593406594 0.2099609375
0 0.9293956043956044 0.811767578125 0.06043956043956044 0.22705078125
0 0.7370879120879121 0.836181640625 0.04120879120879121 0.20263671875
0 0.7692307692307693 0.77783203125 0.045054945054945054 0.2158203125
0 0.771978021978022 0.6875 0.045054945054945054 0.03515625
0 0.868956043956044 0.74755859375 0.04120879120879121 0.1552734375
0 0.8296703296703297 0.74609375 0.03956043956043956 0.15234375
0 0.5631868131868132 0.7509765625 0.03406593406593406 0.162109375
0 0.5439560439560439 0.716796875 0.03956043956043956 0.09375
0 0.5170329670329671 0.7109375 0.03296703296703297 0.08203125
0 0.49532967032967035 0.68896484375 0.03021978021978022 0.0380859375