0 0.3704188481675393 0.38058659217877094 0.09096858638743456 0.3782588454376164
0 0.29790575916230366 0.3545158286778399 0.0862565445026178 0.4304003724394786
0 0.22068062827225132 0.3223929236499069 0.08520942408376964 0.2772346368715084
0 0.14541884816753928 0.2925977653631285 0.08429319371727749 0.3400837988826816
0 0.7700261780104712 0.1403631284916201 0.029581151832460732 0.12802607076350092
0 0.8503926701570681 0.1042830540037244 0.021073298429319372 0.0856610800744879
0 0.7208115183246073 0.10777467411545624 0.026701570680628273 0.11405959031657356
0 0.5496073298429319 0.40176908752327745 0.04384816753926701 0.14501862197392923
0 0.2280104712041885 0.9622905027932961 0.024607329842931937 0.07541899441340782
0 0.2799738219895288 0.9639199255121043 0.024869109947643978 0.07216014897579143
0 0.3612565445026178 0.9597299813780261 0.02617801047120419 0.08054003724394786
0 0.325261780104712 0.9878957169459963 0.042670157068062826 0.024208566108007448
0 0.4476439790575916 0.9806797020484171 0.024607329842931937 0.038640595903165736
0 0.36989528795811516 0.9711359404096834 0.024083769633507852 0.05772811918063315
0 0.38259162303664923 0.9869646182495344 0.020157068062827226 0.0260707635009311
0 0.6333769633507853 0.7865456238361266 0.19018324607329842 0.4266759776536313