0 0.7873913043478261 0.12336814621409922 0.07478260869565218 0.20234986945169714
0 0.7286956521739131 0.12989556135770236 0.06347826086956522 0.21344647519582247
0 0.6091304347826086 0.1422976501305483 0.07565217391304348 0.19451697127937337
0 0.6691304347826087 0.14360313315926893 0.06782608695652174 0.19712793733681463
0 0.8517391304347826 0.14425587467362924 0.07304347826086957 0.22845953002610966
0 0.5456521739130434 0.14425587467362924 0.07217391304347825 0.16318537859007834
0 0.9121739130434783 0.14882506527415143 0.06260869565217392 0.1671018276762402
0 0.9695652173913043 0.22911227154046998 0.06086956521739131 0.3661879895561358
0 0.8008695652173913 0.3074412532637076 0.08434782608695653 0.3074412532637076
0 0.538695652173913 0.3074412532637076 0.07739130434782608 0.33159268929503916
0 0.8691304347826087 0.3087467362924282 0.08 0.31266318537859006
0 0.941304347826087 0.31266318537859006 0.08782608695652173 0.3152741514360313
0 0.7286956521739131 0.3139686684073107 0.07391304347826087 0.2859007832898172
0 0.6656521739130434 0.3178851174934726 0.06608695652173913 0.28720626631853785
0 0.6069565217391304 0.3198433420365535 0.06956521739130435 0.29112271540469975
0 0.37956521739130433 0.943864229765013 0.09478260869565218 0.1122715404699739
0 0.841304347826087 0.5848563968668408 0.04782608695652174 0.13054830287206268
0 0.9660869565217391 0.5907310704960835 0.06434782608695652 0.1422976501305483
0 0.78 0.6207571801566579 0.04695652173913043 0.1919060052219321
0 0.6934782608695652 0.6723237597911227 0.06695652173913043 0.2558746736292428
0 0.5134782608695653 0.6827676240208878 0.026956521739130435 0.3263707571801567
0 0.8230434782608695 0.7088772845953003 0.08260869565217391 0.30548302872062666
0 0.8895652173913043 0.7134464751958225 0.06956521739130435 0.34073107049608353
0 0.7460869565217392 0.720626631853786 0.06956521739130435 0.3342036553524804
0 0.6313043478260869 0.7271540469973891 0.07304347826086957 0.381201044386423
0 0.99 0.7336814621409922 0.02 0.42036553524804177
0 0.5726086956521739 0.7402088772845953 0.10347826086956521 0.4412532637075718
0 0.951304347826087 0.7460835509138382 0.09565217391304348 0.34073107049608353