0 0.753421052631579 0.1853932584269663 0.095 0.13389513108614232
0 0.33026315789473687 0.9353932584269663 0.05631578947368421 0.12921348314606743
0 0.2860526315789474 0.4550561797752809 0.05 0.09176029962546817
0 0.2381578947368421 0.5191947565543071 0.04368421052631579 0.2200374531835206
0 0.2355263157894737 0.43258426966292135 0.04368421052631579 0.04681647940074907
0 0.28960526315789475 0.5828651685393258 0.046052631578947366 0.19194756554307116
0 0.2810526315789474 0.8848314606741573 0.039473684210526314 0.2153558052434457
0 0.4486842105263158 0.476123595505618 0.022631578947368423 0.13389513108614232
0 0.4284210526315789 0.5290262172284644 0.039473684210526314 0.17790262172284643
0 0.14289473684210527 0.5208333333333334 0.042105263157894736 0.17088014981273408
0 0.18368421052631578 0.5079588014981273 0.03684210526315789 0.18726591760299627
0 0.21855263157894736 0.8040730337078652 0.056578947368421055 0.22237827715355804
0 0.135 0.7502340823970037 0.05526315789473684 0.21301498127340823
0 0.06986842105263158 0.6811797752808989 0.04868421052631579 0.2340823970037453
0 0.42118421052631577 0.7045880149812734 0.05131578947368421 0.2200374531835206
0 0.26105263157894737 0.8965355805243446 0.05263157894736842 0.20692883895131087
0 0.7060526315789474 0.8127340823970037 0.09736842105263158 0.37453183520599254
0 0.6105263157894737 0.8567415730337079 0.07894736842105263 0.28651685393258425
0 0.8380315789473685 0.7868632958801498 0.07486842105263158 0.360936329588015
0 0.49605263157894736 0.8230337078651685 0.07210526315789474 0.3539325842696629
0 0.5252631578947369 0.48735955056179775 0.04842105263157895 0.15636704119850187
0 0.8802631578947369 0.5201310861423221 0.05526315789473684 0.22191011235955055
0 0.8921052631578947 0.8295880149812734 0.05789473684210526 0.3408239700374532
0 0.9431578947368421 0.8066479400749064 0.06 0.38670411985018727
0 0.6287052631578948 0.6100187265917603 0.06006842105263164 0.22676966292134837
0 0.9731578947368421 0.5168539325842697 0.05368421052631579 0.2153558052434457
0 0.9357894736842105 0.5304307116104869 0.06210526315789474 0.24250936329588016
0 0.6828947368421052 0.49719101123595505 0.08473684210526315 0.1760299625468165
0 0.6495526315789474 0.5260674157303371 0.057389473684210504 0.20444756554307114
0 0.5231842105263158 0.6438389513108614 0.11187368421052629 0.24960674157303364
0 0.5205263157894737 0.8075842696629213 0.07157894736842105 0.3848314606741573