0 0.2876315789473684 0.6343632958801498 0.017631578947368422 0.0950374531835206
0 0.8202631578947368 0.6973314606741573 0.05 0.20833333333333334
0 0.7939473684210526 0.5884831460674157 0.04736842105263158 0.2200374531835206
0 0.6392105263157895 0.4091760299625468 0.045789473684210526 0.1198501872659176
0 0.5189473684210526 0.41713483146067415 0.017894736842105262 0.13576779026217228
0 0.5171052631578947 0.4499063670411985 0.014210526315789474 0.20131086142322097
0 0.723421052631579 0.36797752808988765 0.04894736842105263 0.03745318352059925
0 0.608421052631579 0.7172284644194756 0.060526315789473685 0.2340823970037453
0 0.5694736842105264 0.8726591760299626 0.06210526315789474 0.2546816479400749
0 0.5432894736842105 0.7897940074906367 0.05394736842105263 0.25280898876404495
0 0.995 0.5145131086142322 0.01 0.21254681647940074