0 0.6981242672919109 0.14979123173277661 0.05568581477139507 0.1409185803757829
0 0.8446658851113716 0.13413361169102297 0.043962485345838215 0.19832985386221294
0 0.8124267291910903 0.12630480167014613 0.05275498241500586 0.1931106471816284
0 0.7728604923798359 0.10542797494780794 0.05275498241500586 0.1931106471816284
0 0.768464243845252 0.2907098121085595 0.05568581477139507 0.2244258872651357
0 0.7501465416178195 0.22416492693110648 0.04835873388042204 0.18528183716075156
0 0.5332649472450176 0.2881002087682672 0.05715123094958968 0.2139874739039666
0 0.5200762016412661 0.13021920668058456 0.045427901524032824 0.18528183716075156
0 0.5624267291910903 0.08768267223382047 0.0369284876905041 0.17536534446764093
0 0.4604337631887456 0.08402922755741127 0.049824150058616644 0.16805845511482254
0 0.7212778429073857 0.5678496868475992 0.05568581477139507 0.1837160751565762
0 0.9800703399765534 0.17588726513569938 0.03985932004689332 0.1931106471816284
0 0.9054806565064478 0.22025052192066805 0.05128956623681125 0.22964509394572025
0 0.8774912075029309 0.5861169102296451 0.06330597889800703 0.14718162839248433
0 0.37778429073856973 0.8997912317327766 0.043962485345838215 0.20041753653444677
0 0.34950175849941384 0.8796972860125261 0.045427901524032824 0.22181628392484343
0 0.35433763188745604 0.7322546972860126 0.05568581477139507 0.14509394572025053
0 0.29674677608440797 0.793580375782881 0.039566236811254395 0.11221294363256785
0 0.1208968347010551 0.8744780793319415 0.05128956623681125 0.21137787056367432
0 0.1447831184056272 0.755741127348643 0.041031652989449004 0.19206680584551147
0 0.15738569753810083 0.725991649269311 0.031066822977725676 0.1325678496868476
0 0.07839976553341149 0.7570459290187892 0.039566236811254395 0.19050104384133612
0 0.047479484173505275 0.7400835073068893 0.03399765533411489 0.16075156576200417
0 0.07883939038686986 0.6983298538622129 0.038100820633059786 0.07724425887265135
0 0.12749120750293083 0.7113778705636743 0.038100820633059786 0.10334029227557412
0 0.38892145369284875 0.7416492693110647 0.021688159437280186 0.1638830897703549
0 0.9410902696365768 0.7312108559498957 0.05451348182883939 0.1430062630480167
0 0.9425556858147714 0.6894572025052192 0.05744431418522861 0.059498956158663886
0 0.6254396248534584 0.8971816283924844 0.05568581477139507 0.1409185803757829
0 0.895662368112544 0.9222338204592901 0.05744431418522861 0.15553235908141963
0 0.828253223915592 0.8987473903966597 0.05744431418522861 0.20250521920668058
0 0.7719812426729191 0.8815240083507306 0.043962485345838215 0.19832985386221294
0 0.7397420867526378 0.8736951983298539 0.05275498241500586 0.1931106471816284
0 0.7001758499413834 0.8528183716075156 0.05275498241500586 0.1931106471816284
0 0.6954865181711606 0.9629436325678496 0.05568581477139507 0.07411273486430063
0 0.6773153575615475 0.9394572025052192 0.04865181711606096 0.12108559498956159
0 0.817409144196952 0.7077244258872651 0.038100820633059786 0.09603340292275574
0 0.787221570926143 0.704070981210856 0.04572098475967175 0.08872651356993737
0 0.7485345838218054 0.7118997912317327 0.05275498241500586 0.10438413361169102
0 0.4604337631887456 0.9639874739039666 0.056858147713950764 0.0720250521920668
0 0.4473915592028136 0.8776096033402923 0.045427901524032824 0.18528183716075156
0 0.4898886283704572 0.826722338204593 0.036635404454865184 0.1931106471816284
0 0.40621336459554513 0.8188935281837161 0.012895662368112544 0.1931106471816284
0 0.45603751465416176 0.6920668058455115 0.03985932004689332 0.06471816283924843
0 0.4906213364595545 0.6988517745302714 0.035169988276670575 0.07828810020876827
0 0.42291910902696367 0.704070981210856 0.043962485345838215 0.08872651356993737