0 0.18853919239904987 0.8062896405919662 0.05641330166270784 0.23520084566596194
0 0.21823040380047506 0.6834038054968288 0.05344418052256532 0.24841437632135308
0 0.5483966745843231 0.5480972515856237 0.04928741092636579 0.05813953488372093
0 0.04364608076009501 0.5560253699788583 0.05166270783847981 0.07399577167019028
0 0.41270783847980996 0.6437632135306554 0.05344418052256532 0.23784355179704017
0 0.5277612826603325 0.6913319238900634 0.05195961995249406 0.23784355179704017
0 0.32066508313539194 0.7785412262156448 0.062351543942992874 0.2854122621564482
0 0.5635391923990499 0.8731501057082452 0.032066508313539195 0.2536997885835095
0 0.9629334916864608 0.8454862579281185 0.03309976247030866 0.17112050739957704
0 0.9292755344418053 0.7867758985200846 0.021229216152019004 0.04665961945031723
0 0.9946555819477435 0.8171247357293869 0.010688836104513063 0.1522198731501057