0 0.25343915343915346 0.2740112994350282 0.23465608465608465 0.3182674199623352
0 0.08148148148148149 0.05790960451977401 0.16296296296296298 0.11581920903954802
0 0.16666666666666666 0.2504708097928437 0.33306878306878307 0.3173258003766478
0 0.919047619047619 0.2645951035781544 0.032275132275132276 0.18926553672316385
0 0.870899470899471 0.2721280602636535 0.025396825396825397 0.2019774011299435
0 0.8835978835978836 0.2721280602636535 0.02619047619047619 0.17749529190207156
0 0.8095238095238095 0.2867231638418079 0.033862433862433865 0.22175141242937854
0 0.7507936507936508 0.2740112994350282 0.027513227513227514 0.16760828625235405
0 0.7243386243386244 0.2740112994350282 0.02328042328042328 0.17419962335216574
0 0.6711640211640212 0.2763653483992467 0.04788359788359788 0.2330508474576271
0 0.6341269841269841 0.2768361581920904 0.025396825396825397 0.1916195856873823
0 0.5978835978835979 0.2862523540489642 0.028835978835978836 0.21657250470809794
0 0.5235449735449735 0.3220338983050847 0.0626984126984127 0.3559322033898305
0 0.4531746031746032 0.2702448210922787 0.02671957671957672 0.19444444444444445
0 0.48677248677248675 0.2608286252354049 0.027777777777777776 0.20951035781544255
0 0.8404761904761905 0.2523540489642185 0.0208994708994709 0.16148775894538606
0 0.7854497354497354 0.2627118644067797 0.018783068783068783 0.1483050847457627
0 0.04523809523809524 0.903954802259887 0.06507936507936508 0.192090395480226
0 0.12883597883597883 0.9675141242937854 0.056613756613756616 0.06497175141242938
0 0.12063492063492064 0.92984934086629 0.06772486772486773 0.14030131826741996
0 0.2537037037037037 0.9901129943502824 0.05555555555555555 0.01977401129943503
0 0.2702380952380952 0.768361581920904 0.062169312169312166 0.22598870056497175
0 0.3509259259259259 0.8754708097928436 0.051587301587301584 0.2189265536723164