0 0.038461538461538464 0.6992957746478873 0.05065666041275797 0.20704225352112676
0 0.13180112570356473 0.7549295774647887 0.07223264540337711 0.27605633802816903
0 0.34662288930581614 0.7570422535211268 0.07035647279549719 0.3704225352112676
0 0.018292682926829267 0.7943661971830986 0.036585365853658534 0.3295774647887324
0 0.075046904315197 0.8070422535211268 0.075046904315197 0.36056338028169016
0 0.19887429643527205 0.8042253521126761 0.07879924953095685 0.39154929577464787
0 0.2621951219512195 0.793661971830986 0.11163227016885553 0.4126760563380282
0 0.36585365853658536 0.782394366197183 0.08818011257035648 0.4352112676056338
0 0.6139774859287055 0.7359154929577465 0.21388367729831145 0.4619718309859155
0 0.4704502814258912 0.7295774647887324 0.12101313320825516 0.42464788732394365
0 0.8864915572232646 0.7274647887323944 0.2270168855534709 0.34507042253521125
0 0.7176360225140713 0.5316901408450704 0.12617260787992496 0.20422535211267606
0 0.524859287054409 0.5471830985915493 0.10787992495309569 0.17676056338028168