0 0.24321705426356588 0.24289405684754523 0.16715116279069767 0.3333333333333333
0 0.3687015503875969 0.23255813953488372 0.14147286821705427 0.35400516795865633
0 0.009689922480620155 0.19767441860465115 0.01937984496124031 0.12144702842377261
0 0.6816860465116279 0.23126614987080105 0.21753875968992248 0.35658914728682173
0 0.3246124031007752 0.7428940568475452 0.43023255813953487 0.5142118863049095
0 0.07606589147286821 0.7448320413436692 0.04844961240310078 0.07945736434108527
0 0.055232558139534885 0.7616279069767442 0.04699612403100775 0.08850129198966408
0 0.5612403100775194 0.7292506459948321 0.0342829457364341 0.0832558139534883
0 0.6618992248062016 0.6101033591731266 0.024573643410852615 0.07178294573643404
0 0.6967054263565892 0.9883720930232558 0.03294573643410853 0.023255813953488372
0 0.767936046511628 0.7766279069767442 0.027781007751938053 0.07751937984496124
0 0.755562015503876 0.7586821705426356 0.0180910852713179 0.08470284237726092
0 0.7964631782945737 0.8225710594315245 0.01636627906976754 0.07178294573643404
0 0.8018507751937984 0.7924160206718347 0.029282945736434134 0.07178294573643404
0 0.8276841085271317 0.5081782945736434 0.02023255813953499 0.06603359173126616
0 0.8513662790697675 0.5038759689922481 0.01852713178294563 0.06029715762273897
0 0.8319961240310078 0.47947028423772614 0.015920542635658976 0.06603359173126616