0 0.636685552407932 0.30227272727272725 0.023371104815864022 0.1318181818181818
0 0.15864022662889518 0.30113636363636365 0.08994334277620397 0.125
0 0.26770538243626063 0.34545454545454546 0.08711048158640226 0.16136363636363638
0 0.36756373937677056 0.3170454545454545 0.06940509915014165 0.11818181818181818
0 0.9801699716713881 0.46136363636363636 0.039660056657223795 0.17727272727272728
0 0.9915014164305949 0.45340909090909093 0.0169971671388102 0.19318181818181818
0 0.9213881019830028 0.6295454545454545 0.06940509915014165 0.1590909090909091
0 0.8031161473087819 0.65 0.07932011331444759 0.2
0 0.6876770538243626 0.775 0.07790368271954674 0.45
0 0.9603399433427762 0.775 0.07932011331444759 0.45
0 0.8739376770538244 0.7863636363636364 0.15864022662889518 0.42727272727272725
0 0.7245042492917847 0.7977272727272727 0.15155807365439095 0.40454545454545454