0 0.7706806282722513 0.39385474860335196 0.05130890052356021 0.19180633147113593
0 0.650261780104712 0.029329608938547486 0.05340314136125655 0.05865921787709497
0 0.6804973821989528 0.28677839851024206 0.051047120418848166 0.23277467411545624
0 0.568848167539267 0.4650837988826816 0.060209424083769635 0.049348230912476726
0 0.5450261780104712 0.4171322160148976 0.06806282722513089 0.1452513966480447
0 0.5539267015706806 0.029329608938547486 0.05235602094240838 0.05865921787709497
0 0.4706806282722513 0.43109869646182497 0.041884816753926704 0.11731843575418995
0 0.36178010471204186 0.9436685288640596 0.05130890052356021 0.11266294227188083
0 0.2413612565445026 0.568901303538175 0.05340314136125655 0.15828677839851024
0 0.27408376963350783 0.5572625698324022 0.04031413612565445 0.13500931098696461
0 0.12879581151832462 0.5605214152700186 0.05654450261780105 0.14152700186219738
0 0.1400523560209424 0.9450651769087524 0.07068062827225131 0.10986964618249534
0 0.28534031413612565 0.8563780260707635 0.049738219895287955 0.23044692737430167
0 0.7400523560209424 0.7900372439478585 0.01806282722513089 0.09962756052141528
0 0.7303664921465969 0.7793296089385475 0.012303664921465968 0.0712290502793296