0 0.5072222222222222 0.27459016393442626 0.07916666666666666 0.5091074681238615
0 0.7255555555555555 0.3588342440801457 0.10333333333333333 0.3406193078324226
0 0.81 0.35382513661202186 0.08666666666666667 0.35063752276867033
0 0.7925 0.1534608378870674 0.08555555555555555 0.23041894353369763
0 0.5758333333333333 0.36020036429872493 0.09055555555555556 0.33788706739526414
0 0.9572222222222222 0.2768670309653916 0.08416666666666667 0.48679417122040075
0 0.8933333333333333 0.35837887067395263 0.09333333333333334 0.34153005464480873
0 0.6511111111111111 0.35200364298724957 0.07694444444444444 0.3542805100182149
0 0.7130555555555556 0.15255009107468123 0.08472222222222223 0.22632058287795992
0 0.6402777777777777 0.1470856102003643 0.07777777777777778 0.21129326047358835
0 0.5772222222222222 0.16712204007285975 0.075 0.23132969034608378
0 0.8766666666666667 0.16302367941712204 0.08972222222222222 0.2336065573770492
0 0.09166666666666666 0.9134790528233151 0.06 0.17304189435336975
0 0.16055555555555556 0.8064663023679417 0.05277777777777778 0.23224043715846995
0 0.35055555555555556 0.5787795992714025 0.06111111111111111 0.09927140255009108
0 0.15638888888888888 0.5846994535519126 0.041666666666666664 0.1111111111111111
0 0.18888888888888888 0.5605646630236795 0.04555555555555556 0.06284153005464481
0 0.24805555555555556 0.900728597449909 0.06944444444444445 0.19854280510018216
0 0.2313888888888889 0.8246812386156649 0.058333333333333334 0.20491803278688525
0 0.29944444444444446 0.7871129326047359 0.06666666666666667 0.22540983606557377
0 0.9491666666666667 0.6420765027322405 0.085 0.22586520947176686
0 0.7894444444444444 0.6411657559198543 0.09333333333333334 0.22404371584699453
0 0.8680555555555556 0.645264116575592 0.10055555555555555 0.23224043715846995
0 0.6280555555555556 0.6420765027322405 0.10833333333333334 0.22586520947176686
0 0.7136111111111111 0.6366120218579235 0.12611111111111112 0.21493624772313297
0 0.5472222222222223 0.5860655737704918 0.12111111111111111 0.11384335154826958