0 0.6782122905027933 0.20178926441351888 0.03100558659217877 0.09642147117296222
0 0.7220670391061452 0.20974155069582506 0.042458100558659215 0.13220675944333996
0 0.8145251396648044 0.21073558648111332 0.053631284916201116 0.12226640159045726
0 0.7636871508379889 0.21719681908548708 0.03910614525139665 0.13518886679920478
0 0.5796089385474861 0.3836978131212724 0.07960893854748603 0.5899602385685885
0 0.6388268156424581 0.3951292246520875 0.06983240223463687 0.5278330019880716
0 0.9128491620111732 0.4070576540755467 0.05446927374301676 0.5432405566600398
0 0.9547486033519553 0.4234592445328032 0.06312849162011173 0.5521868787276342
0 0.6670391061452514 0.43339960238568587 0.07513966480446928 0.4945328031809145
0 0.8787709497206704 0.4284294234592445 0.07262569832402235 0.5427435387673957
0 0.8256983240223463 0.4408548707753479 0.06173184357541899 0.5054671968190855
0 0.7184357541899441 0.441351888667992 0.06899441340782123 0.4676938369781312
0 0.7743016759776536 0.44681908548707755 0.05977653631284916 0.4870775347912525
0 0.09078212290502793 0.8807157057654076 0.0659217877094972 0.18588469184890655
0 0.5727653631284916 0.8300198807157058 0.06005586592178771 0.2286282306163022
0 0.6248603351955307 0.7723658051689861 0.04189944134078212 0.14512922465208747
0 0.6564245810055865 0.8031809145129225 0.04357541899441341 0.20675944333996024
0 0.6913407821229051 0.7311133200795229 0.05977653631284916 0.06262425447316103