0 0.3102094240837696 0.1713221601489758 0.042146596858638745 0.09869646182495345
0 0.36465968586387437 0.19273743016759776 0.05759162303664921 0.1378026070763501
0 0.41518324607329843 0.20391061452513967 0.052094240837696336 0.1424581005586592
0 0.8185863874345549 0.24953445065176907 0.049738219895287955 0.19925512104283055
0 0.7924083769633508 0.1457169459962756 0.04712041884816754 0.21880819366852886
0 0.6818062827225131 0.1457169459962756 0.051047120418848166 0.2467411545623836
0 0.6104712041884817 0.1340782122905028 0.05759162303664921 0.20949720670391062
0 0.3458115183246073 0.48417132216014896 0.03324607329842932 0.1610800744878957
0 0.9725130890052356 0.4073556797020484 0.04869109947643979 0.11638733705772812
0 0.9738219895287958 0.37011173184357543 0.05130890052356021 0.04189944134078212
0 0.6905759162303665 0.5498137802607076 0.049738219895287955 0.12569832402234637
0 0.7383507853403142 0.6277932960893855 0.04319371727748691 0.22579143389199255
0 0.7409685863874346 0.5044227188081937 0.04319371727748691 0.12802607076350092
0 0.5547120418848167 0.4399441340782123 0.009947643979057591 0.13500931098696461
0 0.687303664921466 0.6941340782122905 0.04581151832460733 0.1908752327746741
0 0.6955497382198953 0.9436685288640596 0.03926701570680628 0.11266294227188083
0 0.5591623036649215 0.6405959031657356 0.018848167539267015 0.17690875232774675
0 0.8332460732984294 0.6324487895716946 0.041884816753926704 0.16992551210428306
0 0.7926701570680629 0.6196461824953445 0.03664921465968586 0.186219739292365
0 0.8744764397905759 0.4345903165735568 0.04319371727748691 0.16527001862197394
0 0.8429319371727748 0.3645251396648045 0.0356020942408377 0.030726256983240222
0 0.8403141361256544 0.4273743016759777 0.040837696335078534 0.1564245810055866
0 0.8116492146596859 0.4345903165735568 0.03795811518324607 0.16992551210428306
0 0.5695026178010472 0.43226256983240224 0.03534031413612566 0.16061452513966482
0 0.5657068062827225 0.8151769087523277 0.03193717277486911 0.21880819366852886
0 0.8848167539267016 0.3924581005586592 0.0356020942408377 0.08659217877094973
0 0.5753926701570681 0.37243947858473 0.031413612565445025 0.04655493482309125
0 0.7164921465968587 0.41108007448789574 0.03926701570680628 0.12383612662942271
0 0.7617801047120419 0.41899441340782123 0.040837696335078534 0.13966480446927373
0 0.918979057591623 0.8337988826815642 0.051047120418848166 0.2467411545623836
0 0.8476439790575916 0.8221601489757915 0.05759162303664921 0.20949720670391062
0 0.7592931937172774 0.8756983240223464 0.056282722513089 0.21415270018621974