0 0.6869469026548672 0.1893491124260355 0.4491150442477876 0.378698224852071
0 0.9402654867256637 0.7677514792899408 0.04535398230088496 0.20857988165680474
0 0.8915929203539823 0.7855029585798816 0.04424778761061947 0.22189349112426035
0 0.8373893805309734 0.8062130177514792 0.05420353982300885 0.26627218934911245
0 0.8185840707964602 0.7337278106508875 0.0586283185840708 0.20857988165680474
0 0.7101769911504425 0.8831360946745562 0.05420353982300885 0.22928994082840237
0 0.5907079646017699 0.8949704142011834 0.06747787610619468 0.21005917159763313
0 0.4579646017699115 0.9023668639053254 0.06526548672566372 0.1952662721893491
0 0.42920353982300885 0.8017751479289941 0.059734513274336286 0.27366863905325445
0 0.6404867256637168 0.8106508875739645 0.05641592920353982 0.22337278106508876
0 0.6858407079646017 0.8032544378698225 0.05088495575221239 0.1849112426035503
0 0.3915929203539823 0.7662721893491125 0.004424778761061947 0.12721893491124261
0 0.40154867256637167 0.7440828402366864 0.018805309734513276 0.10650887573964497