0 0.15771276595744682 0.23487712665406427 0.09840425531914894 0.1876181474480151
0 0.8444148936170213 0.9310018903591682 0.05053191489361702 0.13799621928166353
0 0.8178191489361702 0.8577504725897921 0.047872340425531915 0.222117202268431
0 0.7598404255319149 0.4215500945179584 0.04946808510638298 0.12476370510396975
0 0.7611702127659574 0.3837429111531191 0.052127659574468084 0.04914933837429111
0 0.4734042553191489 0.5694706994328923 0.05053191489361702 0.1275992438563327
0 0.4944148936170213 0.9324196597353497 0.05053191489361702 0.13516068052930058
0 0.7466755319148937 0.5671077504725898 0.04920212765957447 0.17485822306238186
0 0.6300531914893617 0.9347826086956522 0.061170212765957445 0.13043478260869565
0 0.5643617021276596 0.9664461247637051 0.05425531914893617 0.0671077504725898
0 0.6768617021276596 0.6911625708884688 0.05851063829787234 0.21975425330812853
0 0.49069148936170215 0.7147920604914934 0.0398936170212766 0.19612476370510398
0 0.5219414893617021 0.6486294896030246 0.043882978723404256 0.22920604914933837
0 0.5246010638297872 0.5233931947069943 0.043882978723404256 0.12996219281663515
0 0.6183510638297872 0.6214555765595463 0.0398936170212766 0.16540642722117202
0 0.5804521276595744 0.6096408317580341 0.03856382978723404 0.1843100189035917
0 0.6587765957446808 0.43005671077504726 0.038829787234042554 0.14177693761814744
0 0.6223404255319149 0.42533081285444235 0.031914893617021274 0.1323251417769376
0 0.5928191489361702 0.43241965973534974 0.034574468085106384 0.14650283553875237
0 0.9002659574468085 0.5505671077504726 0.034574468085106384 0.1323251417769376
0 0.8856382978723404 0.44896030245746693 0.047872340425531915 0.16540642722117202
0 0.8968085106382979 0.387523629489603 0.027659574468085105 0.05671077504725898
0 0.8715425531914893 0.3931947069943289 0.040957446808510635 0.06805293005671077
0 0.964095744680851 0.5103969754253308 0.034574468085106384 0.15595463137996218
0 0.9920212765957447 0.5642722117202268 0.015957446808510637 0.17958412098298676