0 0.8564171122994653 0.4220532319391635 0.0572192513368984 0.17490494296577946
0 0.43877005347593584 0.2953897338403042 0.05080213903743316 0.2115019011406844
0 0.46550802139037434 0.18488593155893537 0.0481283422459893 0.22338403041825095
0 0.7473262032085561 0.06273764258555133 0.05080213903743316 0.12547528517110265
0 0.7641711229946524 0.02328897338403042 0.04385026737967915 0.04657794676806084
0 0.9620320855614973 0.058935361216730035 0.052406417112299465 0.11787072243346007
0 0.7903743315508022 0.313212927756654 0.05080213903743316 0.2423954372623574
0 0.7240641711229947 0.4134980988593156 0.059893048128342244 0.1920152091254753
0 0.2713903743315508 0.09125475285171103 0.04331550802139037 0.18250950570342206
0 0.6224598930481283 0.03184410646387833 0.047058823529411764 0.06368821292775666
0 0.6676470588235294 0.43868821292775667 0.06684491978609626 0.14163498098859315
0 0.6479946524064171 0.3524239543726236 0.05748663101604278 0.25427756653992395
0 0.15481283422459893 0.8802281368821293 0.189572192513369 0.2390684410646388
0 0.6502673796791444 0.6739543726235742 0.11898395721925134 0.25332699619771865