0 0.6127392344497608 0.5914893617021276 0.06279904306220095 0.05531914893617021
0 0.5439593301435407 0.548936170212766 0.06279904306220095 0.14042553191489363
0 0.49760765550239233 0.2734042553191489 0.056220095693779906 0.24468085106382978
0 0.5536782296650717 0.18882978723404256 0.05233253588516747 0.19148936170212766
0 0.60002990430622 0.18085106382978725 0.049342105263157895 0.2074468085106383
0 0.6882476076555024 0.3151595744680851 0.046351674641148324 0.2154255319148936
0 0.666566985645933 0.2393617021276596 0.05382775119617225 0.26063829787234044
0 0.6598385167464115 0.11569148936170212 0.05233253588516747 0.19414893617021275
0 0.7203947368421053 0.14760638297872342 0.05980861244019139 0.14095744680851063
0 0.5119617224880383 0.040957446808510635 0.04665071770334928 0.08191489361702127
0 0.5529306220095693 0.03297872340425532 0.04485645933014354 0.06595744680851064
0 0.5867224880382775 0.03723404255319149 0.0430622009569378 0.07446808510638298
0 0.6985645933014354 0.5659574468085107 0.05502392344497608 0.10638297872340426
0 0.9050538277511961 0.36569148936170215 0.06429425837320574 0.22074468085106383
0 0.8908492822966507 0.1981382978723404 0.04784688995215311 0.2154255319148936
0 0.906549043062201 0.13696808510638298 0.049342105263157895 0.2047872340425532
0 0.9297248803827751 0.1077127659574468 0.04784688995215311 0.18882978723404256
0 0.9548444976076556 0.09042553191489362 0.038875598086124404 0.18085106382978725
0 0.9901315789473685 0.09042553191489362 0.019736842105263157 0.18085106382978725
0 0.979066985645933 0.07287234042553191 0.041866028708133975 0.14574468085106382
0 0.8567583732057417 0.06489361702127659 0.04485645933014354 0.12978723404255318
0 0.8409090909090909 0.04893617021276596 0.0430622009569378 0.09787234042553192
0 0.8902511961722488 0.047872340425531915 0.04007177033492823 0.09574468085106383
0 0.9216507177033493 0.026595744680851064 0.0430622009569378 0.05319148936170213
0 0.9267344497607656 0.011702127659574468 0.04485645933014354 0.023404255319148935
0 0.2736244019138756 0.899468085106383 0.1276913875598086 0.20106382978723406
0 0.11244019138755981 0.9085106382978724 0.22488038277511962 0.1829787234042553
0 0.8307416267942583 0.800531914893617 0.10825358851674641 0.36223404255319147
0 0.7449162679425837 0.8707446808510638 0.0867224880382775 0.2053191489361702