0 0.0715846994535519 0.25970873786407767 0.10355191256830601 0.2203883495145631
0 0.3581967213114754 0.20631067961165048 0.22349726775956283 0.3271844660194175
0 0.7734972677595628 0.3111650485436893 0.05191256830601093 0.11747572815533981
0 0.7461748633879781 0.24805825242718446 0.04918032786885246 0.22815533980582525
0 0.5855191256830601 0.062135922330097085 0.047540983606557376 0.12427184466019417
0 0.5595628415300546 0.3296116504854369 0.05901639344262295 0.08058252427184466
0 0.9613387978142076 0.15218446601941749 0.03961748633879782 0.21601941747572814
0 0.9890710382513661 0.16262135922330098 0.02185792349726776 0.18932038834951456
0 0.9912568306010929 0.04514563106796116 0.017486338797814208 0.09029126213592233
0 0.6729508196721311 0.019417475728155338 0.05081967213114754 0.038834951456310676
0 0.735792349726776 0.8339805825242719 0.07377049180327869 0.279126213592233