0 0.6555819477434679 0.08086680761099366 0.05641330166270784 0.1427061310782241
0 0.6790380047505938 0.4503171247357294 0.05641330166270784 0.07822410147991543
0 0.9605106888361045 0.08773784355179703 0.05522565320665083 0.17547568710359407
0 0.8304631828978623 0.45295983086680763 0.06828978622327792 0.07293868921775898
0 0.8827197149643705 0.21696617336152219 0.06532066508313539 0.24577167019027485
0 0.6748812351543944 0.24339323467230445 0.04453681710213777 0.21934460887949261
0 0.7097684085510689 0.16939746300211417 0.04899049881235154 0.25634249471458775
0 0.7125890736342043 0.0507399577167019 0.048693586698337295 0.1014799154334038
0 0.8173990498812351 0.13900634249471458 0.04453681710213777 0.1849894291754757
0 0.7750890736342043 0.12579281183932348 0.043052256532066506 0.20613107822410148
0 0.08788598574821853 0.7267441860465116 0.1754750593824228 0.47463002114164904
0 0.870249406175772 0.7299154334038055 0.08937054631828979 0.3313953488372093