0 0.61872009569378 0.29148936170212764 0.10705741626794259 0.251063829787234
0 0.7404306220095693 0.29521276595744683 0.14563397129186603 0.4101063829787234
0 0.5322966507177034 0.34308510638297873 0.1854066985645933 0.4521276595744681
0 0.9530502392344498 0.3675531914893617 0.09389952153110048 0.4031914893617021
0 0.8824760765550239 0.3851063829787234 0.20035885167464115 0.3680851063829787
0 0.6734449760765551 0.4148936170212766 0.21889952153110048 0.3079787234042553
0 0.1854066985645933 0.5861702127659575 0.04784688995215311 0.03404255319148936
0 0.11842105263157894 0.9601063829787234 0.05502392344497608 0.0797872340425532
0 0.41327751196172247 0.8361702127659575 0.05263157894736842 0.22127659574468084
0 0.43032296650717705 0.65 0.01854066985645933 0.16170212765957448
0 0.29485645933014354 0.6420212765957447 0.05861244019138756 0.14574468085106382
0 0.2890251196172249 0.8164893617021277 0.06429425837320574 0.22340425531914893
0 0.06907894736842106 0.6127659574468085 0.04007177033492823 0.08723404255319149
0 0.3660287081339713 0.663563829787234 0.04784688995215311 0.17287234042553193
0 0.4040071770334928 0.6595744680851063 0.04366028708133971 0.18085106382978725
0 0.8172846889952153 0.8228723404255319 0.2724282296650718 0.35425531914893615