0 0.5119453924914675 0.3081983805668016 0.07337883959044368 0.3102226720647773
0 0.1962457337883959 0.7651821862348178 0.3924914675767918 0.4676113360323887
0 0.8139931740614335 0.9665991902834008 0.051194539249146756 0.06680161943319839
0 0.7524175199089875 0.5814777327935222 0.05261660978384528 0.1417004048582996
0 0.7536973833902162 0.5303643724696356 0.055745164960182024 0.08097165991902834
0 0.4459613196814562 0.743421052631579 0.0540386803185438 0.13663967611336034
0 0.4978668941979522 0.8281882591093117 0.04692832764505119 0.24544534412955465
0 0.5007110352673493 0.694078947368421 0.04692832764505119 0.13917004048582995
0 0.5005688282138794 0.5531376518218624 0.040955631399317405 0.12651821862348178
0 0.44226393629124006 0.8982793522267206 0.04948805460750853 0.2034412955465587
0 0.600967007963595 0.833248987854251 0.04550625711035267 0.1847165991902834
0 0.5568828213879409 0.819331983805668 0.03981797497155859 0.20242914979757085
0 0.6457622298065984 0.618168016194332 0.04692832764505119 0.17965587044534412
0 0.611490329920364 0.5242914979757085 0.038680318543799774 0.06882591093117409
0 0.6087883959044369 0.6055161943319838 0.044084186575654154 0.17965587044534412
0 0.5775028441410694 0.618168016194332 0.04124004550625711 0.1847165991902834
0 0.8859499431171786 0.5571862348178138 0.032423208191126277 0.1346153846153846
0 0.9101251422070534 0.5480769230769231 0.03299203640500569 0.11639676113360324
0 0.679749715585893 0.9397773279352226 0.05233219567690557 0.12044534412955465
0 0.992320819112628 0.7368421052631579 0.015358361774744027 0.1700404858299595
0 0.9515073947667805 0.8205971659919028 0.04692832764505119 0.17459514170040485
0 0.9598976109215017 0.5531376518218624 0.032423208191126277 0.12651821862348178
0 0.6569965870307167 0.5546558704453441 0.038680318543799774 0.12955465587044535
0 0.8306313993174061 0.6966093117408907 0.04124004550625711 0.1847165991902834
0 0.47411831626848694 0.5748987854251012 0.042662116040955635 0.1700404858299595