0 0.24557260920897284 0.22478991596638656 0.021841794569067298 0.13602941176470587
0 0.2647579693034238 0.22373949579831934 0.02243211334120425 0.13707983193277312
0 0.877508854781582 0.22163865546218486 0.05489964580873672 0.17647058823529413
0 0.9070247933884298 0.2804621848739496 0.06080283353010626 0.058823529411764705
0 0.5823494687131051 0.07983193277310924 0.06080283353010626 0.15966386554621848
0 0.5454545454545454 0.0667016806722689 0.04604486422668241 0.1334033613445378
0 0.33146399055489967 0.02468487394957983 0.04309327036599764 0.04936974789915966
0 0.6906729634002361 0.07983193277310924 0.0590318772136954 0.15966386554621848
0 0.05180047225501771 0.5462184873949579 0.05460448642266824 0.2415966386554622
0 0.0813164108618654 0.6762079831932774 0.06050767414403778 0.2652310924369748
0 0.2939787485242031 0.5525210084033614 0.031877213695395513 0.2542016806722689
0 0.23022432113341204 0.38340336134453784 0.04604486422668241 0.14705882352941177
0 0.26564344746162927 0.37657563025210083 0.04250295159386069 0.1334033613445378
0 0.2939787485242031 0.34506302521008403 0.031877213695395513 0.0703781512605042
0 0.02036599763872491 0.9369747899159664 0.04073199527744982 0.12605042016806722
0 0.4495277449822904 0.9448529411764706 0.049291617473435655 0.10976890756302521