0 0.33736559139784944 0.28489483747609945 0.04408602150537634 0.14196940726577437
0 0.2916666666666667 0.20506692160611856 0.029301075268817204 0.05449330783938815
0 0.2478494623655914 0.2074569789674952 0.04112903225806452 0.05305927342256214
0 0.9930107526881721 0.12093690248565965 0.013978494623655914 0.20363288718929254
0 0.9586021505376344 0.04684512428298279 0.03655913978494624 0.09369024856596558
0 0.9849462365591398 0.4306883365200765 0.030107526881720432 0.17686424474187382
0 0.7974462365591398 0.11639579349904397 0.04704301075268817 0.19359464627151052
0 0.8626344086021506 0.025334608030592735 0.04032258064516129 0.05066921606118547
0 0.8193548387096774 0.04780114722753346 0.03763440860215054 0.09560229445506692
0 0.8309139784946237 0.02055449330783939 0.02849462365591398 0.04110898661567878
0 0.7583333333333333 0.04780114722753346 0.03602150537634408 0.09560229445506692
0 0.7301075268817204 0.033460803059273424 0.03118279569892473 0.06692160611854685
0 0.1206989247311828 0.8097514340344169 0.22661290322580646 0.26003824091778205
0 0.42338709677419356 0.7581261950286807 0.296505376344086 0.28680688336520077
0 0.639247311827957 0.8303059273422562 0.14086021505376345 0.16108986615678778
0 0.889247311827957 0.751434034416826 0.05672043010752688 0.22036328871892927