0 0.9034653465346535 0.3312807881773399 0.19306930693069307 0.3768472906403941
0 0.6033415841584159 0.30829228243021345 0.2685643564356436 0.42282430213464695
0 0.6064356435643564 0.20689655172413793 0.2747524752475248 0.40229885057471265
0 0.07735148514851485 0.8411330049261084 0.10272277227722772 0.31773399014778325
0 0.15903465346534654 0.8160919540229885 0.09715346534653466 0.3674055829228243
0 0.24628712871287128 0.8074712643678161 0.09653465346534654 0.2651888341543514
0 0.3316831683168317 0.7787356321839081 0.0952970297029703 0.3251231527093596
0 0.9164603960396039 0.7943349753694581 0.12066831683168316 0.41133004926108374
0 0.7988861386138614 0.7820197044334976 0.10643564356435643 0.43596059113300495
0 0.6553217821782178 0.8325123152709359 0.09653465346534654 0.3345648604269294
0 0.5191831683168316 0.7881773399014779 0.10024752475247525 0.4236453201970443
0 0.5612623762376238 0.7844827586206896 0.1311881188118812 0.43103448275862066
0 0.7400990099009901 0.8107553366174056 0.09962871287128713 0.3784893267651888
0 0.6386138613861386 0.6781609195402298 0.050742574257425746 0.11576354679802955