0 0.7695833333333333 0.8458498023715415 0.059722222222222225 0.22727272727272727
0 0.8158333333333333 0.29051383399209485 0.05277777777777778 0.10276679841897234
0 0.8383333333333334 0.7099802371541502 0.05277777777777778 0.2519762845849802
0 0.9738888888888889 0.7124505928853755 0.052222222222222225 0.24703557312252963
0 0.91125 0.7890316205533597 0.05694444444444444 0.26679841897233203
0 0.6452777777777777 0.47282608695652173 0.06666666666666667 0.2124505928853755
0 0.8341666666666666 0.42712450592885376 0.041666666666666664 0.20503952569169961
0 0.8666666666666667 0.35820158102766797 0.04555555555555556 0.2381422924901186
0 0.8694444444444445 0.26679841897233203 0.04555555555555556 0.05533596837944664
0 0.9675 0.32954545454545453 0.041666666666666664 0.17292490118577075
0 0.9277777777777778 0.32608695652173914 0.04 0.17391304347826086
0 0.6583333333333333 0.3310276679841897 0.034444444444444444 0.18379446640316205
0 0.6388888888888888 0.2964426877470356 0.04 0.11462450592885376
0 0.6116666666666667 0.29051383399209485 0.03333333333333333 0.10276679841897234
0 0.5897222222222223 0.2682806324110672 0.030555555555555555 0.058300395256917
0 0.9258333333333333 0.8522727272727273 0.06944444444444445 0.29545454545454547