0 0.18162162162162163 0.17259615384615384 0.1827027027027027 0.3278846153846154
0 0.4918918918918919 0.06923076923076923 0.09513513513513513 0.13846153846153847
0 0.5708108108108109 0.06682692307692308 0.09864864864864865 0.13317307692307692
0 0.68 0.06394230769230769 0.11729729729729729 0.12788461538461537
0 0.7664864864864865 0.05721153846153846 0.07891891891891892 0.11201923076923077
0 0.867027027027027 0.02403846153846154 0.06864864864864866 0.047596153846153844
0 0.8240540540540541 0.052884615384615384 0.04756756756756757 0.03894230769230769
0 0.27324324324324323 0.7629807692307692 0.19297297297297297 0.4740384615384615
0 0.6616216216216216 0.4125 0.043243243243243246 0.025
0 0.6017567567567568 0.8221153846153846 0.05 0.22115384615384615
0 0.5745945945945946 0.9096153846153846 0.055135135135135134 0.18076923076923077
0 0.8720270270270271 0.6358173076923077 0.05540540540540541 0.19951923076923078
0 0.9058108108108108 0.609375 0.041891891891891894 0.20432692307692307
0 0.9008108108108108 0.4701923076923077 0.051351351351351354 0.14038461538461539
0 0.9544594594594594 0.5300480769230769 0.03648648648648649 0.10336538461538461
0 0.917027027027027 0.9158653846153846 0.051351351351351354 0.16826923076923078
0 0.557027027027027 0.43653846153846154 0.036216216216216214 0.07307692307692308
0 0.4494594594594595 0.6403846153846153 0.01891891891891892 0.2
0 0.4502702702702703 0.4985576923076923 0.02054054054054054 0.1605769230769231
0 0.4508108108108108 0.44134615384615383 0.021621621621621623 0.08269230769230769
0 0.8254054054054054 0.4795673076923077 0.043243243243243246 0.15625
0 0.8597297297297297 0.47884615384615387 0.03945945945945946 0.1576923076923077
0 0.7341891891891892 0.5973557692307693 0.0472972972972973 0.19951923076923078
0 0.7610810810810811 0.5004807692307692 0.04756756756756757 0.20096153846153847
0 0.47945945945945945 0.4173076923076923 0.032432432432432434 0.03461538461538462