0 0.7827348066298343 0.18860510805500982 0.05110497237569061 0.22593320235756384
0 0.8103591160220994 0.3101669941060904 0.05662983425414365 0.2480353634577603
0 0.6983425414364641 0.4729862475442043 0.06740331491712707 0.15225933202357564
0 0.5925414364640884 0.5260314341846758 0.06353591160220995 0.04616895874263261
0 0.6176795580110497 0.47544204322200395 0.0718232044198895 0.14734774066797643
0 0.6077348066298343 0.05009823182711198 0.055248618784530384 0.10019646365422397
0 0.974585635359116 0.10903732809430255 0.05082872928176796 0.2180746561886051
0 0.9925414364640884 0.0893909626719057 0.014917127071823204 0.1787819253438114
0 0.8783149171270718 0.7694007858546169 0.05662983425414365 0.2038310412573674
0 0.8437845303867403 0.7423870333988212 0.04281767955801105 0.2087426326129666
0 0.848342541436464 0.6105108055009824 0.052486187845303865 0.12278978388998035
0 0.794060773480663 0.6613457760314342 0.03729281767955801 0.1055992141453831
0 0.6283149171270718 0.737475442043222 0.04834254143646409 0.19891944990176819
0 0.695303867403315 0.6095284872298625 0.04143646408839779 0.12082514734774066
0 0.6508287292817679 0.6326129666011788 0.03867403314917127 0.16699410609037327
0 0.662707182320442 0.6046168958742633 0.029281767955801105 0.11100196463654224
0 0.588121546961326 0.6326129666011788 0.037016574585635356 0.16699410609037327
0 0.5591160220994476 0.6178781925343811 0.032044198895027624 0.137524557956778
0 0.5886740331491712 0.5785854616895875 0.03591160220994475 0.05893909626719057
0 0.6345303867403315 0.5908644400785854 0.03591160220994475 0.08349705304518663
0 0.9259668508287293 0.619351669941061 0.04419889502762431 0.14047151277013753
0 0.8906077348066298 0.619351669941061 0.039779005524861875 0.14047151277013753
0 0.9837016574585635 0.6414538310412574 0.03259668508287293 0.18467583497053044