0 0.39144385026737966 0.30846007604562736 0.02459893048128342 0.03612167300380228
0 0.7074866310160428 0.7067490494296578 0.05080213903743316 0.12832699619771862
0 0.47807486631016044 0.7538022813688213 0.017112299465240642 0.19011406844106463
0 0.5223262032085562 0.719819391634981 0.05213903743315508 0.2067490494296578
0 0.5737967914438503 0.6924904942965779 0.040106951871657755 0.1806083650190114
0 0.6032085561497326 0.685361216730038 0.0481283422459893 0.1758555133079848
0 0.6393048128342246 0.6663498098859315 0.0481283422459893 0.1758555133079848
0 0.6433155080213904 0.8350760456273765 0.05080213903743316 0.20437262357414449
0 0.6600267379679144 0.7744771863117871 0.04411764705882353 0.16872623574144488
0 0.5323529411764706 0.5137832699619772 0.034759358288770054 0.12832699619771862
0 0.5598930481283423 0.5104562737642585 0.04171122994652406 0.12167300380228137
0 0.5951871657754011 0.5175855513307985 0.0481283422459893 0.1359315589353612
0 0.8578877005347594 0.8326996197718631 0.05213903743315508 0.19486692015209126
0 0.8699197860962566 0.688925855513308 0.04144385026737968 0.16872623574144488
0 0.8311497326203209 0.6425855513307985 0.03342245989304813 0.1758555133079848
0 0.9240641711229947 0.6354562737642585 0.045454545454545456 0.1758555133079848
0 0.8618983957219252 0.5059410646387833 0.03609625668449198 0.0879277566539924
0 0.8304812834224599 0.5057034220532319 0.03208556149732621 0.11216730038022814
0 0.8919786096256684 0.5201996197718631 0.040106951871657755 0.10218631178707224