0 0.3376736111111111 0.3585390946502058 0.10243055555555555 0.3816872427983539
0 0.23177083333333334 0.3549382716049383 0.11226851851851852 0.3888888888888889
0 0.1597222222222222 0.37294238683127573 0.08275462962962964 0.3436213991769547
0 0.08738425925925926 0.3549382716049383 0.07667824074074074 0.34670781893004116
0 0.5983796296296297 0.3497942386831276 0.21006944444444445 0.3986625514403292
0 0.1205150462962963 0.7800925925925926 0.05931712962962963 0.21347736625514405
0 0.1566840277777778 0.7518004115226338 0.044849537037037035 0.21862139917695472
0 0.15133101851851852 0.6136831275720165 0.05497685185185185 0.1286008230452675
0 0.12818287037037038 0.5972222222222222 0.03761574074074074 0.09567901234567901
0 0.09288194444444445 0.602366255144033 0.04224537037037037 0.10596707818930041
0 0.2087673611111111 0.6669238683127572 0.0390625 0.11059670781893004
0 0.2974537037037037 0.6316872427983539 0.046296296296296294 0.1646090534979424
0 0.36646412037037035 0.6849279835390947 0.04195601851851852 0.18775720164609053
0 0.35474537037037035 0.6368312757201646 0.041666666666666664 0.1748971193415638
0 0.40914351851851855 0.7042181069958847 0.046296296296296294 0.19547325102880658
0 0.4479166666666667 0.6707818930041153 0.023148148148148147 0.205761316872428
0 0.31626157407407407 0.5776748971193416 0.043402777777777776 0.056584362139917695
0 0.3605324074074074 0.5715020576131687 0.03935185185185185 0.044238683127572016
0 0.39438657407407407 0.5802469135802469 0.03761574074074074 0.06172839506172839
0 0.4291087962962963 0.5905349794238683 0.03761574074074074 0.0823045267489712
0 0.4508101851851852 0.5972222222222222 0.017361111111111112 0.09567901234567901
0 0.02141203703703704 0.7762345679012346 0.04282407407407408 0.22119341563786007
0 0.015046296296296295 0.6059670781893004 0.03009259259259259 0.11316872427983539