0 0.8016949152542373 0.5085513078470825 0.061016949152542375 0.12173038229376258
0 0.8488700564971752 0.025150905432595575 0.05367231638418079 0.05030181086519115
0 0.8717514124293785 0.42505030181086517 0.05367231638418079 0.25653923541247486
0 0.9915254237288136 0.4275653923541248 0.01694915254237288 0.2515090543259557
0 0.9457627118644067 0.4693158953722334 0.0576271186440678 0.20020120724346077
0 0.6754237288135593 0.1836016096579477 0.06779661016949153 0.21629778672032193
0 0.8675141242937853 0.13707243460764587 0.0423728813559322 0.20875251509054327
0 0.9005649717514125 0.09406438631790745 0.04632768361581921 0.1881287726358149
0 0.9909604519774011 0.06287726358148893 0.01807909604519774 0.12575452716297786
0 0.9627118644067797 0.0613682092555332 0.04067796610169491 0.1227364185110664
0 0.6887005649717514 0.06639839034205232 0.03502824858757062 0.13279678068410464
0 0.6689265536723163 0.03118712273641851 0.04067796610169491 0.06237424547283702
0 0.6412429378531074 0.025150905432595575 0.03389830508474576 0.05030181086519115
0 0.9607344632768362 0.49446680080482897 0.07062146892655367 0.14989939637826963
0 0.28192090395480224 0.8128772635814889 0.05875706214689266 0.1921529175050302
0 0.5101694915254237 0.7650905432595574 0.05310734463276836 0.14688128772635814