0 0.1752411575562701 0.3311897106109325 0.1607717041800643 0.3762057877813505
0 0.37138263665594856 0.2821543408360129 0.22186495176848875 0.30385852090032156
0 0.44212218649517687 0.32636655948553056 0.24115755627009647 0.3858520900321543
0 0.4903536977491961 0.32395498392282956 0.2572347266881029 0.39067524115755625
0 0.04019292604501608 0.32395498392282956 0.08038585209003216 0.39067524115755625
0 0.5747588424437299 0.12942122186495178 0.04662379421221865 0.07877813504823152
0 0.885048231511254 0.4212218649517685 0.08842443729903537 0.19614147909967847
0 0.9662379421221865 0.4284565916398714 0.06752411575562701 0.18167202572347266
0 0.5000643086816721 0.6327491961414791 0.05668810289389066 0.11107717041800648
0 0.15864951768488747 0.7963022508038585 0.1491961414790997 0.27799035369774916
0 0.3778135048231511 0.8858520900321544 0.24437299035369775 0.2282958199356913
0 0.05466237942122187 0.8697749196141479 0.10932475884244373 0.2604501607717042
0 0.026430868167202567 0.5927170418006431 0.03215434083601286 0.11075562700964632
0 0.04430868167202573 0.6373633440514469 0.03750803858520898 0.07860128617363342
0 0.08003215434083602 0.6315594855305466 0.09467845659163986 0.16702572347266884
0 0.08440514469453377 0.5546623794212219 0.05305466237942122 0.0707395498392283
0 0.2347266881028939 0.5321543408360129 0.03215434083601286 0.02572347266881029
0 0.42569131832797424 0.5971704180064309 0.055369774919614236 0.12504823151125397
0 0.5007073954983923 0.6333440514469454 0.05180064308681676 0.11163987138263665
0 0.272508038585209 0.5570739549839229 0.06270096463022508 0.07556270096463022
0 0.8681672025723473 0.8102893890675241 0.04501607717041801 0.12861736334405144