0 0.7591891891891892 0.23846153846153847 0.03054054054054054 0.0889423076923077
0 0.040135135135135135 0.6490384615384616 0.05 0.22115384615384615
0 0.02027027027027027 0.7677884615384616 0.04054054054054054 0.24326923076923077
0 0.4345945945945946 0.9048076923076923 0.05297297297297297 0.19038461538461537
0 0.31027027027027027 0.5009615384615385 0.055135135135135134 0.12307692307692308
0 0.34405405405405404 0.4889423076923077 0.04162162162162162 0.09903846153846153
0 0.35567567567567565 0.7776442307692307 0.051351351351351354 0.23798076923076922
0 0.08810810810810811 0.9745192307692307 0.07567567567567568 0.05096153846153846
0 0.30108108108108106 0.9375 0.06918918918918919 0.125
0 0.15 0.47307692307692306 0.04594594594594595 0.0673076923076923
0 0.20297297297297298 0.9697115384615385 0.07297297297297298 0.06057692307692308
0 0.20229729729729728 0.8762019230769231 0.06621621621621622 0.23317307692307693
0 0.6705405405405406 0.9365384615384615 0.05783783783783784 0.12692307692307692
0 0.6251351351351352 0.46634615384615385 0.051351351351351354 0.05384615384615385
0 0.5562162162162162 0.4576923076923077 0.04864864864864865 0.03653846153846154
0 0.5605405405405406 0.5581730769230769 0.051351351351351354 0.20673076923076922
0 0.5772972972972973 0.510576923076923 0.04432432432432432 0.1423076923076923
0 0.9477027027027027 0.6795673076923077 0.060810810810810814 0.21394230769230768
0 0.7774324324324324 0.5557692307692308 0.052702702702702706 0.1971153846153846
0 0.7894594594594595 0.4673076923076923 0.04162162162162162 0.05576923076923077
0 0.6037837837837838 0.8514423076923077 0.051351351351351354 0.24519230769230768
0 0.5483783783783783 0.9278846153846154 0.0372972972972973 0.14423076923076922