0 0.6762430939226519 0.21168958742632613 0.05386740331491713 0.21218074656188604
0 0.8607734806629834 0.21709233791748528 0.03618784530386741 0.17239685658153242
0 0.7784530386740331 0.22838899803536344 0.04861878453038674 0.23526522593320237
0 0.5966850828729282 0.2342829076620825 0.07375690607734807 0.2151277013752456
0 0.638121546961326 0.23722986247544203 0.04143646408839779 0.1949901768172888
0 0.8883977900552487 0.24361493123772102 0.04281767955801105 0.14390962671905697
0 0.7154696132596685 0.2539292730844794 0.04613259668508287 0.2342829076620825
0 0.8262430939226519 0.2829076620825147 0.0505524861878453 0.2961689587426326
0 0.9516574585635359 0.4022593320235756 0.09668508287292818 0.3806483300589391
0 0.7964088397790056 0.4130648330058939 0.0718232044198895 0.41404715127701375
0 0.7411602209944751 0.4214145383104126 0.06712707182320442 0.45530451866404714
0 0.6820441988950277 0.44155206286836934 0.06325966850828729 0.32662082514734775
0 0.9124309392265193 0.4444990176817289 0.07430939226519337 0.30648330058939094
0 0.8392265193370165 0.4449901768172888 0.047237569060773484 0.32170923379174854
0 0.8787292817679558 0.4494106090373281 0.04613259668508287 0.3305500982318271
0 0.5762430939226519 0.46414538310412573 0.06132596685082873 0.3703339882121807
0 0.6320441988950276 0.46905697445972494 0.07016574585635359 0.34577603143418467
0 0.430939226519337 0.8801571709233792 0.17569060773480663 0.23968565815324164
0 0.47016574585635357 0.7883104125736738 0.06325966850828729 0.1006876227897839
0 0.37044198895027625 0.7848722986247544 0.08839779005524862 0.093811394891945
0 0.08314917127071823 0.861984282907662 0.14585635359116023 0.2382121807465619
0 0.13784530386740332 0.81286836935167 0.08729281767955802 0.11542239685658154
0 0.19281767955801105 0.8015717092337917 0.09889502762430939 0.10952848722986247
0 0.9834254143646409 0.956286836935167 0.03314917127071823 0.08742632612966601
0 0.7164364640883978 0.8352161100196464 0.05662983425414365 0.2038310412573674
0 0.6819060773480663 0.8082023575638507 0.04281767955801105 0.2087426326129666
0 0.68646408839779 0.693516699410609 0.052486187845303865 0.08840864440078586
0 0.632182320441989 0.7271611001964636 0.03729281767955801 0.1055992141453831
0 0.7640883977900552 0.7023575638506876 0.04419889502762431 0.10609037328094302
0 0.7287292817679558 0.7023575638506876 0.039779005524861875 0.10609037328094302
0 0.8573204419889503 0.7959233791748527 0.04834254143646409 0.2038310412573674
0 0.8295580110497237 0.7244597249508841 0.04806629834254143 0.15029469548133595