0 0.34335106382978725 0.8260869565217391 0.032446808510638296 0.19659735349716445
0 0.3214095744680851 0.8003308128544423 0.041223404255319146 0.2008506616257089
0 0.326063829787234 0.6526465028355387 0.05053191489361702 0.16068052930056712
0 0.2735372340425532 0.7223534971644613 0.03590425531914894 0.10160680529300567
0 0.11396276595744681 0.7956049149338374 0.04654255319148936 0.19139886578449905
0 0.17845744680851064 0.6467391304347826 0.0398936170212766 0.16776937618147447
0 0.13590425531914893 0.6880907372400756 0.03723404255319149 0.17485822306238186
0 0.14720744680851064 0.6431947069943289 0.027925531914893616 0.15595463137996218
0 0.07539893617021276 0.6892722117202268 0.03590425531914894 0.1724952741020794
0 0.04747340425531915 0.6597353497164461 0.030585106382978722 0.17485822306238186
0 0.07606382978723404 0.6030245746691871 0.034574468085106384 0.13705103969754254
0 0.1199468085106383 0.6172022684310019 0.034574468085106384 0.15595463137996218
0 0.163031914893617 0.5477315689981096 0.038829787234042554 0.07655954631379962
0 0.13430851063829788 0.5302457466918714 0.034574468085106384 0.04158790170132325
0 0.10106382978723404 0.5373345935727788 0.0425531914893617 0.055765595463137994
0 0.35345744680851066 0.6644612476370511 0.01223404255319149 0.17013232514177692
0 0.5478723404255319 0.7485822306238186 0.07739361702127659 0.30718336483931946
0 0.6731382978723405 0.781663516068053 0.13643617021276597 0.41824196597353497
0 0.7061170212765957 0.7277882797731569 0.07074468085106383 0.33695652173913043
0 0.5992021276595745 0.8000945179584121 0.043351063829787234 0.276937618147448
0 0.8936170212765957 0.7448015122873346 0.10505319148936171 0.30860113421550095