0 0.3982712765957447 0.8213610586011342 0.057180851063829786 0.21739130434782608
0 0.01648936170212766 0.5637996219281664 0.03297872340425532 0.222117202268431
0 0.35345744680851066 0.31427221172022685 0.05053191489361702 0.0500945179584121
0 0.2204787234042553 0.31994328922495274 0.0398936170212766 0.06143667296786389
0 0.25 0.31521739130434784 0.047872340425531915 0.05198487712665406
0 0.5033244680851063 0.4007561436672968 0.05186170212765957 0.1937618147448015
0 0.5151595744680851 0.31521739130434784 0.040957446808510635 0.05198487712665406
0 0.3324468085106383 0.691398865784499 0.05053191489361702 0.24102079395085066
0 0.0901595744680851 0.3379017013232514 0.05053191489361702 0.09735349716446125
0 0.16542553191489362 0.3662570888468809 0.04680851063829787 0.15406427221172023
0 0.2103723404255319 0.8728733459357277 0.06648936170212766 0.2542533081285444
0 0.1908244680851064 0.7303875236294896 0.057180851063829786 0.252835538752363
0 0.30292553191489363 0.3742911153119093 0.05053191489361702 0.17013232514177692
0 0.31117021276595747 0.4137523629489603 0.05851063829787234 0.22448015122873347
0 0.5178191489361702 0.33553875236294894 0.038829787234042554 0.09262759924385633
0 0.26861702127659576 0.7811909262759924 0.05319148936170213 0.22684310018903592
0 0.9837765957446809 0.7145557655954632 0.032180851063829785 0.11342155009451796