0 0.7413277511961722 0.49148936170212765 0.046052631578947366 0.11595744680851064
0 0.09150717703349283 0.9590425531914893 0.0645933014354067 0.08191489361702127
0 0.5451555023923444 0.8739361702127659 0.02930622009569378 0.2372340425531915
0 0.5290071770334929 0.750531914893617 0.05382775119617225 0.25
0 0.19617224880382775 0.6063829787234043 0.04904306220095694 0.07446808510638298
0 0.13785885167464115 0.6345744680851064 0.05203349282296651 0.13085106382978723
0 0.14742822966507177 0.9058510638297872 0.04485645933014354 0.18829787234042553
0 0.30442583732057416 0.5930851063829787 0.04784688995215311 0.047872340425531915
0 0.2583732057416268 0.5904255319148937 0.041866028708133975 0.0425531914893617
0 0.21875 0.8422872340425532 0.06429425837320574 0.2526595744680851
0 0.3136961722488038 0.7811170212765958 0.06279904306220095 0.24202127659574468
0 0.38770933014354064 0.7026595744680851 0.05532296650717703 0.26595744680851063
0 0.008672248803827751 0.7292553191489362 0.017344497607655503 0.25
0 0.16985645933014354 0.9148936170212766 0.05980861244019139 0.1702127659574468
0 0.7676435406698564 0.9787234042553191 0.019736842105263157 0.0425531914893617
0 0.9141746411483254 0.975531914893617 0.026016746411483254 0.04893617021276596