0 0.97010550996483 0.4091858037578288 0.059788980070339975 0.3569937369519833
0 0.2869284876905041 0.38778705636743216 0.07415005861664713 0.3872651356993737
0 0.7628956623681126 0.4671189979123173 0.11137162954279015 0.27505219206680587
0 0.3347010550996483 0.39822546972860123 0.08411488862837045 0.3522964509394572
0 0.8552168815943728 0.471294363256785 0.09964830011723329 0.272964509394572
0 0.5363423212192263 0.40605427974947805 0.09495896834701055 0.3554279749478079
0 0.9003516998827668 0.4175365344467641 0.0955451348182884 0.3575156576200417
0 0.48417350527549824 0.4879958246346555 0.0914419695193435 0.22860125260960334
0 0.41207502930832357 0.39926931106471814 0.09232121922626026 0.34812108559498955
0 0.6767291910902696 0.46555323590814196 0.08089097303634232 0.2719206680584551
0 0.7072098475967175 0.32306889352818374 0.06594372801875732 0.15187891440501045
0 0.7042790152403282 0.22703549060542796 0.06184056271981243 0.16701461377870563
0 0.7728604923798359 0.2578288100208768 0.07327080890973037 0.15605427974947808
0 0.8256154747948418 0.32620041753653445 0.07004689331770222 0.16597077244258873
0 0.5905627198124267 0.22233820459290188 0.06184056271981243 0.1477035490605428
0 0.6096131301289566 0.48956158663883087 0.08499413833528723 0.20250521920668058
0 0.6371629542790153 0.22181628392484343 0.04132473622508793 0.15866388308977036
0 0.5131887456037515 0.2082463465553236 0.07327080890973037 0.1732776617954071
0 0.7746189917936694 0.3418580375782881 0.05041031652989449 0.11638830897703549
0 0.6447831184056272 0.34707724425887265 0.06594372801875732 0.20981210855949894
0 0.43112543962485345 0.22025052192066805 0.05451348182883939 0.13100208768267224
0 0.38042203985932005 0.23068893528183715 0.04865181711606096 0.11430062630480167
0 0.4657092614302462 0.3496868475991649 0.06594372801875732 0.22129436325678498
0 0.5896834701055099 0.3945720250521921 0.05861664712778429 0.3136743215031315
0 0.7456037514654161 0.2265135699373695 0.04191090269636577 0.1477035490605428
0 0.5647713950762017 0.20407098121085596 0.04630715123094959 0.16075156576200417
0 0.6696951934349356 0.22494780793319416 0.0354630715123095 0.15501043841336118
0 0.7435521688159438 0.162839248434238 0.05949589683470106 0.09133611691022965
0 0.4709847596717468 0.18632567849686849 0.04865181711606096 0.13622129436325678
0 0.2708089097303634 0.22338204592901878 0.04191090269636577 0.12473903966597077
0 0.9818288393903869 0.2640918580375783 0.03634232121922626 0.17954070981210857
0 0.8411488862837045 0.24791231732776617 0.051875732708089095 0.08402922755741127
0 0.33294255568581477 0.22025052192066805 0.057737397420867524 0.08924843423799582
0 0.056858147713950764 0.6638830897703549 0.04689331770222743 0.06889352818371608
0 0.24355216881594371 0.6691022964509394 0.0123094958968347 0.07933194154488518
0 0.013774912075029308 0.8669102296450939 0.027549824150058615 0.2160751565762004
0 0.18757327080890973 0.7072025052192067 0.04689331770222743 0.15553235908141963
0 0.43376318874560377 0.9206680584551148 0.21922626025791325 0.1336116910229645
0 0.2599648300117233 0.8783924843423799 0.02022274325908558 0.05845511482254697