0 0.7128378378378378 0.29615384615384616 0.05 0.22115384615384615
0 0.7398648648648649 0.4151442307692308 0.05540540540540541 0.24278846153846154
0 0.45 0.10961538461538461 0.04054054054054054 0.2
0 0.9472972972972973 0.3021634615384615 0.05405405405405406 0.23317307692307693
0 0.9716216216216216 0.27572115384615387 0.04594594594594595 0.24278846153846154
0 0.8763513513513513 0.11466346153846153 0.041891891891891894 0.19951923076923078
0 0.9087837837837838 0.10865384615384616 0.03918918918918919 0.1875
0 0.9067567567567567 0.03990384615384615 0.02972972972972973 0.0798076923076923
0 0.9362162162162162 0.07211538461538461 0.032432432432432434 0.14423076923076922
0 0.9681081081081081 0.08557692307692308 0.03135135135135135 0.17115384615384616
0 0.9910810810810811 0.07211538461538461 0.01783783783783784 0.14423076923076922
0 0.8762162162162163 0.026442307692307692 0.04432432432432432 0.052884615384615384
0 0.4891891891891892 0.015865384615384615 0.043243243243243246 0.03173076923076923
0 0.5486486486486486 0.5033653846153846 0.06486486486486487 0.13173076923076923
0 0.5802702702702702 0.08557692307692308 0.047027027027027025 0.17115384615384616
0 0.5532432432432433 0.0375 0.047027027027027025 0.075
0 0.3783783783783784 0.7485576923076923 0.10243243243243243 0.23942307692307693
0 0.31432432432432433 0.7620192307692307 0.04540540540540541 0.07163461538461538
0 0.16891891891891891 0.7653846153846153 0.10972972972972973 0.11490384615384615
0 0.17351351351351352 0.7519230769230769 0.01864864864864865 0.05625
0 0.04864864864864865 0.7201923076923077 0.0972972972972973 0.275
0 0.07081081081081081 0.9009615384615385 0.14162162162162162 0.09423076923076923
0 0.9064864864864864 0.5995192307692307 0.03783783783783784 0.04903846153846154