0 0.803515625 0.5273148148148148 0.07630208333333334 0.14537037037037037
0 0.8212239583333333 0.5331018518518519 0.04609375 0.1337962962962963
0 0.72734375 0.517824074074074 0.041666666666666664 0.16435185185185186
0 0.683984375 0.5326388888888889 0.05234375 0.13472222222222222
0 0.635546875 0.524074074074074 0.03359375 0.15185185185185185
0 0.6029947916666667 0.5125 0.037760416666666664 0.175
0 0.5670572916666666 0.5192129629629629 0.032552083333333336 0.16157407407407406
0 0.543359375 0.5145833333333333 0.025260416666666667 0.17083333333333334
0 0.515625 0.5215277777777778 0.0390625 0.15694444444444444
0 0.476953125 0.5324074074074074 0.031510416666666666 0.13518518518518519
0 0.456640625 0.525 0.029427083333333333 0.15
0 0.4731796875 0.4538055555555556 0.02813020833333333 0.07186574074074074
0 0.4911901041666667 0.46193518518518517 0.0233385416666667 0.08484722222222221
0 0.5086979166666666 0.4465277777777778 0.013434895833333313 0.06953703703703695
0 0.5401041666666667 0.4262453703703704 0.01045572916666669 0.02004629629629638
0 0.5489218749999999 0.43175925925925923 0.0103880208333333 0.03952777777777783
0 0.5618541666666667 0.4324907407407408 0.014848958333333329 0.04099074074074072
0 0.571484375 0.4346435185185185 0.011648437500000004 0.05328240740740747
0 0.5825546875000001 0.44930555555555557 0.011598958333333324 0.07837962962962972
0 0.5967708333333334 0.44366666666666665 0.012812499999999952 0.045967592592592574
0 0.654296875 0.8689814814814815 0.030729166666666665 0.08611111111111111
0 0.60390625 0.9166666666666666 0.03307291666666667 0.08518518518518518
0 0.8440104166666667 0.8587962962962963 0.029166666666666667 0.0824074074074074
0 0.8286458333333333 0.8157407407407408 0.027604166666666666 0.08703703703703704
0 0.7951822916666667 0.6435185185185185 0.028385416666666666 0.05185185185185185
0 0.7959635416666667 0.6199074074074075 0.029947916666666668 0.03981481481481482
0 0.6296875 0.7027777777777777 0.029166666666666667 0.05
0 0.816015625 0.9763888888888889 0.03763020833333333 0.04722222222222222
0 0.67578125 0.9430555555555555 0.03229166666666667 0.09907407407407408
0 0.7337239583333334 0.9597222222222223 0.042317708333333336 0.08055555555555556
0 0.7325520833333333 0.8981481481481481 0.036848958333333334 0.09259259259259259
0 0.7713541666666667 0.7212962962962963 0.029947916666666668 0.07407407407407407
0 0.7360677083333333 0.7078703703703704 0.029947916666666668 0.08055555555555556
0 0.7065104166666667 0.6972222222222222 0.023046875 0.07037037037037037
0 0.6895833333333333 0.6944444444444444 0.027604166666666666 0.06851851851851852
0 0.6688802083333333 0.687037037037037 0.027604166666666666 0.06851851851851852
0 0.6665364583333333 0.7527777777777778 0.029166666666666667 0.07962962962962963
0 0.6569010416666666 0.7291666666666666 0.025390625 0.06574074074074074
0 0.44635416666666666 0.799537037037037 0.03463541666666667 0.0824074074074074
0 0.9227864583333333 0.6708333333333333 0.023828125 0.0712962962962963
0 0.9450520833333333 0.6685185185185185 0.022265625 0.05740740740740741
0 0.9727864583333333 0.6814814814814815 0.023828125 0.06111111111111111
0 0.9891927083333333 0.7453703703703703 0.021484375 0.08333333333333333
0 0.98046875 0.8412037037037037 0.03463541666666667 0.08425925925925926
0 0.973046875 0.7398148148148148 0.024609375 0.07592592592592592
0 0.953125 0.762962962962963 0.019921875 0.06851851851851852
0 0.9342447916666666 0.7592592592592593 0.028385416666666666 0.08333333333333333
0 0.9462239583333333 0.7078703703703704 0.026171875 0.058333333333333334
0 0.7303385416666667 0.6263888888888889 0.019921875 0.05277777777777778
0 0.7145833333333333 0.625 0.023828125 0.05
0 0.694140625 0.6277777777777778 0.027604166666666666 0.05555555555555555
0 0.5432291666666667 0.7518518518518519 0.029947916666666668 0.07592592592592592
0 0.536328125 0.6958333333333333 0.023828125 0.06574074074074074
0 0.55859375 0.6777777777777778 0.019270833333333334 0.06851851851851852
0 0.5052083333333334 0.675 0.026171875 0.06851851851851852
0 0.5408854166666667 0.624537037037037 0.020703125 0.03425925925925926
0 0.558984375 0.6231481481481481 0.018489583333333334 0.046296296296296294
0 0.5235677083333333 0.6300925925925925 0.023046875 0.03981481481481482
0 0.8658854166666666 0.6694444444444444 0.025390625 0.05555555555555555
0 0.862890625 0.6347222222222222 0.026953125 0.058333333333333334
0 0.903515625 0.6569444444444444 0.022265625 0.062037037037037036