0 0.10443722943722944 0.2101328903654485 0.05952380952380952 0.11461794019933555
0 0.017316017316017316 0.21843853820598005 0.03463203463203463 0.1212624584717608
0 0.08928571428571429 0.3380398671096346 0.13528138528138528 0.30066445182724255
0 0.2683982683982684 0.22591362126245848 0.0735930735930736 0.15946843853820597
0 0.20995670995670995 0.20681063122923588 0.0735930735930736 0.15448504983388706
0 0.33116883116883117 0.2350498338870432 0.09307359307359307 0.1877076411960133
0 0.3652597402597403 0.3131229235880399 0.14826839826839827 0.3504983388704319
0 0.6937229437229437 0.25083056478405313 0.354978354978355 0.4750830564784053
0 0.7316017316017316 0.3862126245847176 0.33116883116883117 0.20431893687707642
0 0.6493506493506493 0.6021594684385382 0.08008658008658008 0.19767441860465115
0 0.5568181818181818 0.6644518272425249 0.10822510822510822 0.25249169435215946
0 0.7997835497835498 0.6677740863787376 0.09740259740259741 0.27906976744186046
0 0.7175324675324676 0.6677740863787376 0.09307359307359307 0.2591362126245847
0 0.8901515151515151 0.6686046511627907 0.09632034632034632 0.29401993355481726
0 0.9642857142857143 0.7142857142857143 0.07142857142857142 0.292358803986711
0 0.49188311688311687 0.7657807308970099 0.10497835497835498 0.4684385382059801
0 0.5957792207792207 0.8272425249169435 0.1829004329004329 0.34551495016611294
0 0.8333333333333334 0.8513289036544851 0.10606060606060606 0.2973421926910299
0 0.7359307359307359 0.856312292358804 0.13203463203463203 0.287375415282392
0 0.9323593073593074 0.8529900332225914 0.13528138528138528 0.29401993355481726