0 0.5645604395604396 0.5126953125 0.0521978021978022 0.09375
0 0.5917582417582418 0.453125 0.04945054945054945 0.212890625
0 0.6516483516483517 0.03759765625 0.05054945054945055 0.0751953125
0 0.9478021978021978 0.16357421875 0.0521978021978022 0.1318359375
0 0.8976648351648352 0.245361328125 0.04532967032967033 0.23681640625
0 0.8949175824175825 0.115966796875 0.04532967032967033 0.13427734375
0 0.9512362637362637 0.31494140625 0.04807692307692308 0.2001953125
0 0.7980769230769231 0.250244140625 0.04395604395604396 0.17822265625
0 0.8406593406593407 0.23681640625 0.038461538461538464 0.1953125
0 0.7903846153846154 0.05859375 0.04230769230769231 0.1171875
0 0.8206043956043956 0.06591796875 0.04010989010989011 0.1318359375
0 0.9206043956043956 0.04150390625 0.04120879120879121 0.0830078125
0 0.8730769230769231 0.0498046875 0.04285714285714286 0.099609375
0 0.5453296703296703 0.096435546875 0.046703296703296704 0.18310546875
0 0.7383241758241759 0.108642578125 0.03708791208791209 0.17333984375
0 0.7299450549450549 0.03759765625 0.036813186813186814 0.0751953125
0 0.771978021978022 0.4248046875 0.04945054945054945 0.2197265625
0 0.8782967032967033 0.458984375 0.0478021978021978 0.201171875
0 0.6865384615384615 0.48828125 0.057692307692307696 0.142578125
0 0.08104395604395605 0.8134765625 0.1620879120879121 0.37255859375
0 0.23956043956043957 0.82373046875 0.17362637362637362 0.3525390625
0 0.4480769230769231 0.85693359375 0.1434065934065934 0.2861328125
0 0.3478021978021978 0.85302734375 0.09862637362637362 0.29345703125
0 0.3395604395604396 0.72021484375 0.1576923076923077 0.193359375
0 0.16291208791208792 0.8349609375 0.06840659340659341 0.330078125
0 0.16373626373626374 0.75048828125 0.06648351648351648 0.16064453125