0 0.20250320924261875 0.24187935034802785 0.4050064184852375 0.47389791183294666
0 0.6858151476251605 0.4037122969837587 0.18677792041078306 0.15081206496519722
0 0.7086007702182285 0.175754060324826 0.09884467265725289 0.351508120649652
0 0.6286906290115533 0.1925754060324826 0.08793324775353016 0.3851508120649652
0 0.5821566110397947 0.19083526682134572 0.06546854942233633 0.38167053364269143
0 0.6858151476251605 0.4037122969837587 0.18677792041078306 0.15081206496519722
0 0.7086007702182285 0.175754060324826 0.09884467265725289 0.351508120649652
0 0.6858151476251605 0.4037122969837587 0.18677792041078306 0.15081206496519722
0 0.6858151476251605 0.4037122969837587 0.18677792041078306 0.15081206496519722
0 0.6858151476251605 0.4037122969837587 0.18677792041078306 0.15081206496519722
0 0.6858151476251605 0.4037122969837587 0.18677792041078306 0.15081206496519722
0 0.6858151476251605 0.4037122969837587 0.18677792041078306 0.15081206496519722
0 0.4396662387676508 0.7801624129930395 0.19897304236200256 0.4396751740139211
0 0.09146341463414634 0.7650812064965197 0.1826059050064185 0.46983758700696054
0 0.27246469833119386 0.7621809744779582 0.1402439024390244 0.4756380510440835