0 0.9141295025728988 0.2682748538011696 0.03966552315608919 0.16812865497076024
0 0.9355703259005146 0.35873538011695905 0.04395368782161235 0.18457602339181287
0 0.6009862778730704 0.4550438596491228 0.04159519725557462 0.12938596491228072
0 0.6997212692967409 0.12664473684210525 0.04395368782161235 0.1516812865497076
0 0.6729202401372213 0.10654239766081872 0.03323327615780446 0.15533625730994152
0 0.6764579759862779 0.027046783625730993 0.040737564322469985 0.054093567251461985
0 0.6343267581475128 0.04623538011695907 0.028945111492281305 0.07858187134502924
0 0.7875214408233276 0.021564327485380116 0.04159519725557462 0.04312865497076023
0 0.8576329331046312 0.48428362573099415 0.05574614065180103 0.07090643274853801
0 0.7919168096054888 0.11293859649122807 0.04609777015437393 0.15350877192982457
0 0.7828044596912521 0.45614035087719296 0.05789022298456261 0.12719298245614036
0 0.6638078902229846 0.3660453216374269 0.040737564322469985 0.18092105263157895
0 0.5122212692967409 0.1027046783625731 0.02444253859348199 0.14839181286549707
0 0.5576758147512865 0.02631578947368421 0.03216123499142367 0.05263157894736842
0 0.5231560891938251 0.04349415204678363 0.030017152658662092 0.08698830409356725
0 0.5323756432246999 0.02266081871345029 0.022727272727272728 0.04532163742690058
0 0.7317753001715266 0.5025584795321637 0.05445969125214408 0.03435672514619883
0 0.7367066895368782 0.033625730994152045 0.03430531732418525 0.06725146198830409
0 0.70926243567753 0.033625730994152045 0.030874785591766724 0.06725146198830409
0 0.23308319039451114 0.8680555555555556 0.023717838765008555 0.09239035087719288
0 0.13338765008576328 0.906469298245614 0.017349914236706704 0.10340643274853804
0 0.10765866209262433 0.907843567251462 0.017367066895368783 0.10614766081871348
0 0.13862349914236705 0.929795321637427 0.02687392795883365 0.1116593567251462
0 0.1538979416809606 0.8961769005847954 0.018842195540308773 0.09378654970760247
0 0.2720797598627787 0.8632602339181287 0.018061749571183488 0.10472953216374267
0 0.3274271012006861 0.9031944444444444 0.032246998284734055 0.11270467836257297
0 0.3488636363636363 0.8858918128654971 0.03328902229845631 0.11160818713450281
0 0.3162049742710121 0.7226754385964912 0.02058319039451115 0.09975146198830412
0 0.28952830188679246 0.7379020467836258 0.021072041166380735 0.09279970760233922
0 0.10656089193825043 0.5405701754385965 0.015866209262435677 0.041666666666666664
0 0.1198542024013722 0.5511695906432749 0.012435677530017153 0.06286549707602339
0 0.024656946826758147 0.5296052631578947 0.008147512864493996 0.019736842105263157
0 0.012006861063464836 0.5317982456140351 0.007718696397941681 0.02412280701754386
0 0.4588807890222985 0.7536842105263157 0.02284305317324204 0.08948099415204684
0 0.4823756432246999 0.7175584795321638 0.019506861063464744 0.05013157894736837
0 0.47138936535162956 0.6988157894736843 0.024322469982847452 0.046754385964912305
0 0.4420883361921097 0.668187134502924 0.02356775300171528 0.035445906432748545
0 0.44554030874785594 0.9612573099415205 0.02830188679245283 0.07748538011695906
0 0.47641509433962265 0.9894005847953217 0.04288164665523156 0.021198830409356724
0 0.30022298456260715 0.6706359649122806 0.013421955403087557 0.0732383040935673
0 0.29041595197255576 0.6726535087719299 0.011873927958833642 0.042858187134503005
0 0.2668053173241853 0.6963888888888888 0.018790737564322542 0.08820175438596498
0 0.2547384219554031 0.7451608187134503 0.01993567753001706 0.10201754385964908
0 0.21662521440823332 0.5806432748538012 0.008421955403087425 0.0613888888888889
0 0.3293267581475129 0.5993859649122807 0.007577186963979448 0.06232456140350877
0 0.3163765008576329 0.5995394736842105 0.010265866209262458 0.061410818713450284
0 0.20715694682675811 0.5827777777777778 0.007658662092624412 0.06443713450292404
0 0.2000128644939966 0.5753070175438596 0.006234991423670654 0.049495614035087745
0 0.17531732418524867 0.585233918128655 0.008893653516294932 0.06081871345029243
0 0.1640651801029159 0.5844736842105263 0.00782590051457976 0.06538742690058483
0 0.1835334476843911 0.5317982456140351 0.007718696397941681 0.02412280701754386
0 0.1539451114922813 0.5255847953216374 0.00686106346483705 0.011695906432748537
0 0.19596912521440824 0.5321637426900585 0.008576329331046312 0.024853801169590642
0 0.1996998284734134 0.5445467836257311 0.007379931389365367 0.04401315789473687
0 0.35591766723842194 0.5413011695906432 0.008576329331046312 0.04312865497076023
0 0.34562607204116635 0.5413011695906432 0.005145797598627788 0.04312865497076023
0 0.3466981132075472 0.5347222222222222 0.0047169811320754715 0.029970760233918127
0 0.3967838765008577 0.6033479532163742 0.01657804459691246 0.04466374269005841
0 0.47130789022298464 0.8504824561403509 0.020085763293310525 0.08016812865497082
0 0.4681475128644939 0.9120540935672515 0.023657804459691283 0.08459064327485366
0 0.4529674099485421 0.8832529239766082 0.028293310463121595 0.0769444444444446
0 0.4519854202401373 0.9123611111111111 0.028829331046311992 0.07910818713450278
0 0.0989879931389365 0.7280336257309942 0.02195111492281306 0.05070175438596484
0 0.08418096054888505 0.7466593567251462 0.02118353344768443 0.06135964912280706
0 0.24808747855917665 0.6640497076023392 0.019185248713550505 0.06981725146198829
0 0.2798756432246999 0.7243494152046783 0.019232418524871318 0.09224415204678367
0 0.29009433962264153 0.6494152046783626 0.011650943396226446 0.04542397660818721
0 0.2904502572898799 0.6322222222222222 0.01808319039451118 0.0324853801169591
0 0.2790951972555746 0.661359649122807 0.009772727272727258 0.036169590643274865
0 0.2720926243567753 0.573625730994152 0.01234133790737573 0.06245614035087723
0 0.2657332761578045 0.5806652046783626 0.011908233276157797 0.06479532163742698
0 0.21385934819897084 0.5688304093567251 0.01184391080617491 0.06553362573099422
0 0.06989708404802744 0.527046783625731 0.012006861063464836 0.014619883040935672
0 0.45162950257289874 0.7049195906432749 0.019528301886792436 0.0638304093567251
0 0.7802315608919382 0.8662280701754386 0.12478559176672384 0.2675438596491228
0 0.6129931389365352 0.9024122807017544 0.09391080617495712 0.19517543859649122
0 0.7954545454545454 0.633406432748538 0.0660377358490566 0.2273391812865497
0 0.576114922813036 0.6571637426900585 0.0656089193825043 0.27485380116959063
0 0.7420668953687821 0.6440058479532164 0.058747855917667235 0.24853801169590642
0 0.527229845626072 0.6472953216374269 0.05188679245283019 0.25511695906432746
0 0.7058319039451115 0.6429093567251462 0.054030874785591765 0.2463450292397661
0 0.7802315608919382 0.8662280701754386 0.12478559176672384 0.2675438596491228
0 0.6129931389365352 0.9024122807017544 0.09391080617495712 0.19517543859649122
0 0.7954545454545454 0.633406432748538 0.0660377358490566 0.2273391812865497
0 0.576114922813036 0.6571637426900585 0.0656089193825043 0.27485380116959063
0 0.527229845626072 0.6472953216374269 0.05188679245283019 0.25511695906432746
0 0.7802315608919382 0.8662280701754386 0.12478559176672384 0.2675438596491228
0 0.6129931389365352 0.9024122807017544 0.09391080617495712 0.19517543859649122
0 0.576114922813036 0.6571637426900585 0.0656089193825043 0.27485380116959063
0 0.527229845626072 0.6472953216374269 0.05188679245283019 0.25511695906432746
0 0.7802315608919382 0.8662280701754386 0.12478559176672384 0.2675438596491228
0 0.6129931389365352 0.9024122807017544 0.09391080617495712 0.19517543859649122
0 0.576114922813036 0.6571637426900585 0.0656089193825043 0.27485380116959063
0 0.527229845626072 0.6472953216374269 0.05188679245283019 0.25511695906432746
0 0.7802315608919382 0.8662280701754386 0.12478559176672384 0.2675438596491228
0 0.6129931389365352 0.9024122807017544 0.09391080617495712 0.19517543859649122
0 0.576114922813036 0.6571637426900585 0.0656089193825043 0.27485380116959063
0 0.527229845626072 0.6472953216374269 0.05188679245283019 0.25511695906432746
0 0.7802315608919382 0.8662280701754386 0.12478559176672384 0.2675438596491228
0 0.6129931389365352 0.9024122807017544 0.09391080617495712 0.19517543859649122
0 0.576114922813036 0.6571637426900585 0.0656089193825043 0.27485380116959063
0 0.7802315608919382 0.8662280701754386 0.12478559176672384 0.2675438596491228
0 0.6129931389365352 0.9024122807017544 0.09391080617495712 0.19517543859649122
0 0.576114922813036 0.6571637426900585 0.0656089193825043 0.27485380116959063
0 0.9914236706689536 0.918859649122807 0.017152658662092625 0.16228070175438597