0 0.9266483516483517 0.08349609375 0.0510989010989011 0.1669921875
0 0.9542582417582418 0.175537109375 0.05631868131868132 0.24658203125
0 0.535989010989011 0.33154296875 0.03241758241758242 0.2275390625
0 0.606043956043956 0.185302734375 0.0521978021978022 0.24169921875
0 0.878021978021978 0.40966796875 0.07692307692307693 0.1005859375
0 0.6615384615384615 0.3720703125 0.07032967032967033 0.17578125
0 0.7612637362637362 0.40478515625 0.07417582417582418 0.1103515625
0 0.7619505494505494 0.285400390625 0.0673076923076923 0.23681640625
0 0.2598901098901099 0.72998046875 0.5197802197802198 0.5400390625
0 0.33214285714285713 0.76806640625 0.09615384615384616 0.19921875
0 0.8096153846153846 0.69677734375 0.15412087912087913 0.2783203125