0 0.7486559139784946 0.06261950286806883 0.051075268817204304 0.12523900573613767
0 0.5836021505376344 0.2519120458891013 0.06451612903225806 0.2055449330783939
0 0.9545698924731183 0.18379541108986616 0.05913978494623656 0.2222753346080306
0 0.7663978494623656 0.20769598470363287 0.04032258064516129 0.19837476099426385
0 0.7979838709677419 0.14077437858508604 0.04435483870967742 0.23183556405353728
0 0.8005376344086022 0.039674952198852774 0.04408602150537634 0.07934990439770555
0 0.8954301075268817 0.11328871892925431 0.04032258064516129 0.16730401529636713
0 0.8571236559139785 0.10133843212237094 0.038978494623655914 0.1864244741873805
0 0.5963709677419354 0.11328871892925431 0.033602150537634407 0.18164435946462715
0 0.5774193548387097 0.06835564053537285 0.03870967741935484 0.1367112810707457
0 0.5510752688172043 0.06261950286806883 0.03225806451612903 0.12523900573613767
0 0.5298387096774193 0.04110898661567878 0.02956989247311828 0.08221797323135756
0 0.6311827956989248 0.02055449330783939 0.03333333333333333 0.04110898661567878
0 0.9067204301075269 0.4225621414913958 0.06075268817204301 0.1931166347992352
0 0.8228494623655914 0.48709369024856597 0.056451612903225805 0.06405353728489484
0 0.8341397849462365 0.4474187380497132 0.0521505376344086 0.14340344168260039
0 0.45793010752688174 0.1551147227533461 0.041666666666666664 0.18403441682600383
0 0.08655913978494624 0.7581261950286807 0.17311827956989248 0.4780114722753346
0 0.2543010752688172 0.7853728489483748 0.17096774193548386 0.4292543021032505
0 0.3486559139784946 0.8221797323135756 0.12204301075268817 0.35564053537284895
0 0.09112903225806451 0.8317399617590823 0.18225806451612903 0.3365200764818356
0 0.2303763440860215 0.862810707456979 0.29731182795698924 0.27437858508604207
0 0.7760752688172043 0.7595602294455067 0.4475806451612903 0.4808795411089866