0 0.20357142857142857 0.13671875 0.10329670329670329 0.1806640625
0 0.6582417582417582 0.3330078125 0.05934065934065934 0.173828125
0 0.7008241758241758 0.02294921875 0.0478021978021978 0.0458984375
0 0.7098901098901099 0.2607421875 0.04120879120879121 0.224609375
0 0.7612637362637362 0.30224609375 0.05879120879120879 0.2353515625
0 0.7806318681318681 0.210693359375 0.05357142857142857 0.24169921875
0 0.8630494505494506 0.1484375 0.05631868131868132 0.2294921875
0 0.921978021978022 0.05322265625 0.05384615384615385 0.1064453125
0 0.5497252747252748 0.08154296875 0.0478021978021978 0.1630859375
0 0.4409340659340659 0.912109375 0.03791208791208791 0.17578125
0 0.4206043956043956 0.81982421875 0.04945054945054945 0.2294921875
0 0.06483516483516484 0.52197265625 0.0521978021978022 0.1318359375
0 0.3471153846153846 0.51953125 0.050824175824175824 0.1806640625
0 0.275 0.647705078125 0.06043956043956044 0.22705078125
0 0.08269230769230769 0.672119140625 0.04120879120879121 0.20263671875
0 0.11497252747252747 0.603759765625 0.04532967032967033 0.23681640625
0 0.11758241758241758 0.48046875 0.045054945054945054 0.12109375
0 0.21456043956043955 0.57568359375 0.04120879120879121 0.1708984375
0 0.1754120879120879 0.5634765625 0.03983516483516483 0.1904296875
0 0.2563186813186813 0.435546875 0.04010989010989011 0.03125
0 0.18818681318681318 0.43798828125 0.03571428571428571 0.0361328125
0 0.2260989010989011 0.896484375 0.06208791208791209 0.20703125
0 0.14038461538461539 0.96240234375 0.057692307692307696 0.0751953125
0 0.1519230769230769 0.921875 0.053296703296703295 0.15625