0 0.7372881355932204 0.14540816326530612 0.14576271186440679 0.29081632653061223
0 0.6228813559322034 0.1568877551020408 0.12372881355932204 0.3137755102040816
0 0.39661016949152544 0.15943877551020408 0.13559322033898305 0.31887755102040816
0 0.5067796610169492 0.16198979591836735 0.13220338983050847 0.3239795918367347
0 0.8627118644067797 0.17729591836734693 0.1423728813559322 0.35459183673469385
0 0.9593220338983051 0.15306122448979592 0.08135593220338982 0.30612244897959184
0 0.7635593220338983 0.39285714285714285 0.16440677966101694 0.46938775510204084
0 0.8966101694915254 0.39158163265306123 0.15593220338983052 0.4719387755102041
0 0.9754237288135593 0.39413265306122447 0.04915254237288136 0.46683673469387754
0 0.6228813559322034 0.4094387755102041 0.1440677966101695 0.4362244897959184
0 0.5 0.4119897959183674 0.1288135593220339 0.43112244897959184
0 0.39152542372881355 0.4119897959183674 0.12542372881355932 0.43112244897959184
0 0.39661016949152544 0.8507653061224489 0.13559322033898305 0.29846938775510207
0 0.5584745762711865 0.8137755102040817 0.30338983050847457 0.37244897959183676
0 0.7432203389830508 0.8137755102040817 0.411864406779661 0.37244897959183676