0 0.6935866983372921 0.2806553911205074 0.17131828978622327 0.4455602536997886
0 0.9691211401425178 0.29334038054968287 0.061460807600950115 0.4297040169133192
0 0.9602137767220903 0.2700845665961945 0.07957244655581948 0.43446088794926
0 0.665083135391924 0.26691331923890066 0.1336104513064133 0.45190274841437633
0 0.7945368171021377 0.5850951374207188 0.047505938242280284 0.05179704016913319
0 0.7280285035629454 0.9630021141649049 0.05463182897862233 0.07399577167019028
0 0.6793349168646081 0.611522198731501 0.040380047505938245 0.10465116279069768
0 0.9738717339667459 0.6709830866807611 0.047505938242280284 0.17177589852008457
0 0.9949524940617577 0.6617336152219874 0.010095011876484561 0.19027484143763213
0 0.8736638954869359 0.8004756871035941 0.05195961995249406 0.21934460887949261
0 0.9033551068883611 0.6908033826638478 0.05195961995249406 0.22727272727272727
0 0.5938242280285035 0.5903805496828752 0.035629453681710214 0.06236786469344609