0 0.5872501350621285 0.2228626320845341 0.17801188546731497 0.12728146013448607
0 0.5460561858454889 0.1988472622478386 0.16666666666666666 0.18251681075888568
0 0.49270664505672607 0.12079731027857829 0.14073473797947056 0.11791546589817484
0 0.3737169097784981 0.16786743515850144 0.1618044300378174 0.10326609029779059
0 0.381010264721772 0.18275696445725265 0.17963263101026472 0.20557156580211336
0 0.302539168017288 0.18371757925072046 0.2814694759589411 0.22454370797310277
0 0.2951107509454349 0.1904418828049952 0.4708265802269044 0.23871277617675313
0 0.9534035656401945 0.14000960614793467 0.03119935170178282 0.24063400576368876
0 0.9767693138843868 0.15706051873198848 0.04227444624527282 0.27113352545629205
0 0.807266342517558 0.058357348703170026 0.01958400864397623 0.0967819404418828
0 0.3591301998919503 0.6548991354466859 0.631010264721772 0.6902017291066282
0 0.7834954078876283 0.9185878962536023 0.007293354943273906 0.10806916426512968
0 0.7930848190167477 0.9634966378482228 0.026472177201512695 0.07300672430355427