0 0.7289192399049881 0.36522198731501054 0.03859857482185273 0.12790697674418605
0 0.8369952494061758 0.034355179704016914 0.05641330166270784 0.06871035940803383
0 0.9557600950118765 0.3202959830866808 0.06828978622327792 0.21775898520084566
0 0.7897862232779097 0.2774841437632135 0.05641330166270784 0.26955602536997886
0 0.9314133016627079 0.39693446088794926 0.07541567695961995 0.06448202959830866
0 0.8631235154394299 0.35570824524312894 0.0671021377672209 0.14693446088794926
0 0.08016627078384798 0.9001057082452432 0.05938242280285035 0.19978858350951373
0 0.44685273159144895 0.8879492600422833 0.05641330166270784 0.22410147991543342
0 0.4171615201900237 0.7711416490486258 0.05344418052256532 0.24841437632135308
0 0.03236342042755344 0.47463002114164904 0.05641330166270784 0.09090909090909091
0 0.23159144893111638 0.9371035940803383 0.07125890736342043 0.12579281183932348
0 0.30641330166270786 0.5179704016913319 0.05819477434679335 0.17758985200845667
0 0.23812351543942992 0.5036997885835095 0.05819477434679335 0.14904862579281183
0 0.18081947743467933 0.4809725158562368 0.04453681710213777 0.10359408033826638
0 0.14845605700712589 0.47568710359408034 0.05344418052256532 0.09302325581395349
0 0.10807600950118765 0.46511627906976744 0.05344418052256532 0.07188160676532769
0 0.10391923990498812 0.5914376321353065 0.05641330166270784 0.22727272727272727
0 0.0853622327790974 0.5240486257928119 0.04899049881235154 0.1876321353065539
0 0.690914489311164 0.45190274841437633 0.037410926365795724 0.045454545454545456
0 0.6932897862232779 0.8435517970401691 0.032660332541567694 0.24101479915433405
0 0.690914489311164 0.5544397463002114 0.037410926365795724 0.2167019027484144
0 0.6576603325415677 0.620507399577167 0.03859857482185273 0.19556025369978858
0 0.6212885985748219 0.6099365750528541 0.05492874109263658 0.23784355179704017
0 0.6440023752969121 0.48784355179704014 0.050475059382422804 0.11733615221987315