0 0.26276041666666666 0.8803240740740741 0.049479166666666664 0.20601851851851852
0 0.28880208333333335 0.7726851851851851 0.046875 0.2175925925925926
0 0.026432291666666666 0.6534722222222222 0.037760416666666664 0.09953703703703703
0 0.19817708333333334 0.5291666666666667 0.043229166666666666 0.0787037037037037
0 0.31536458333333334 0.5212962962962963 0.043229166666666666 0.06296296296296296
0 0.1265625 0.5143518518518518 0.042708333333333334 0.049074074074074076
0 0.07890625 0.5120370370370371 0.0390625 0.044444444444444446
0 0.04596354166666667 0.763425925925926 0.05078125 0.18518518518518517
0 0.0140625 0.7620370370370371 0.028125 0.17777777777777778
0 0.06067708333333333 0.5652777777777778 0.0390625 0.15092592592592594
0 0.026302083333333334 0.5652777777777778 0.04010416666666667 0.15092592592592594
0 0.7486979166666666 0.7027777777777777 0.08828125 0.13287037037037036