0 0.2176795580110497 0.1974459724950884 0.15220994475138122 0.3610019646365422
0 0.7751381215469614 0.29420432220039294 0.20994475138121546 0.3605108055009823
0 0.37790055248618787 0.7927308447937131 0.09972375690607735 0.41453831041257366
0 0.312707182320442 0.8104125736738703 0.06049723756906077 0.3786836935166994
0 0.24392265193370166 0.7912573673870335 0.12430939226519337 0.4174852652259332
0 0.08453038674033149 0.81237721021611 0.13591160220994475 0.37524557956778
0 0.14861878453038674 0.805992141453831 0.08480662983425415 0.3880157170923379
0 0.9930939226519337 0.8506876227897839 0.013812154696132596 0.22593320235756384
0 0.5842541436464088 0.6972003929273084 0.052486187845303865 0.21856581532416502
0 0.6116022099447513 0.5992141453831041 0.049723756906077346 0.19842829076620824
0 0.9475138121546961 0.7156188605108055 0.052486187845303865 0.2504911591355599
0 0.8207182320441989 0.8860510805500982 0.06906077348066299 0.22789783889980353
0 0.800414364640884 0.756139489194499 0.05939226519337017 0.26277013752455797
0 0.8812154696132597 0.8089390962671905 0.055248618784530384 0.2357563850687623