0 0.77497009569378 0.1747340425531915 0.06130382775119617 0.22074468085106383
0 0.7375897129186603 0.14547872340425533 0.046351674641148324 0.22606382978723405
0 0.7425239234449761 0.034574468085106384 0.056818181818181816 0.06914893617021277
0 0.8032296650717703 0.022872340425531913 0.0430622009569378 0.045744680851063826
0 0.683761961722488 0.05771276595744681 0.04037081339712919 0.11436170212765957
0 0.5206339712918661 0.08670212765957447 0.04366028708133971 0.17340425531914894
0 0.5325956937799043 0.05851063829787234 0.04366028708133971 0.11702127659574468
0 0.47667464114832536 0.09840425531914894 0.04784688995215311 0.19680851063829788
0 0.41895933014354064 0.017553191489361703 0.046052631578947366 0.035106382978723406
0 0.8848684210526315 0.17074468085106384 0.05980861244019139 0.22872340425531915
0 0.8974282296650717 0.026595744680851064 0.05801435406698564 0.05319148936170213
0 0.583433014354067 0.04148936170212766 0.037679425837320576 0.08297872340425531
0 0.4437799043062201 0.0601063829787234 0.05382775119617225 0.1202127659574468
0 0.2097787081339713 0.7002659574468085 0.06130382775119617 0.22074468085106383
0 0.17239832535885166 0.6710106382978723 0.046351674641148324 0.22606382978723405
0 0.17733253588516745 0.5122340425531915 0.056818181818181816 0.16489361702127658
0 0.11857057416267942 0.5832446808510638 0.04037081339712919 0.11436170212765957
0 0.33223684210526316 0.5042553191489362 0.05801435406698564 0.14893617021276595
0 0.3383672248803828 0.6803191489361702 0.06429425837320574 0.22340425531914893
0 0.15938995215311005 0.9585106382978723 0.056818181818181816 0.08297872340425531
0 0.017045454545454544 0.5111702127659574 0.03409090909090909 0.16276595744680852
0 0.26136363636363635 0.5273936170212766 0.04784688995215311 0.17287234042553193
0 0.2230861244019139 0.5218085106382979 0.0430622009569378 0.18404255319148935
0 0.7941088516746412 0.5949468085106383 0.06130382775119617 0.22074468085106383
0 0.7567284688995215 0.5656914893617021 0.046351674641148324 0.22606382978723405
0 0.7616626794258373 0.4595744680851064 0.056818181818181816 0.059574468085106386
0 0.7027511961722488 0.4824468085106383 0.04066985645933014 0.10531914893617021
0 0.916566985645933 0.45159574468085106 0.05801435406698564 0.043617021276595745
0 0.9226973684210527 0.575 0.06429425837320574 0.22340425531914893
0 0.74372009569378 0.9058510638297872 0.056818181818181816 0.18829787234042553
0 0.5234748803827751 0.560372340425532 0.05233253588516747 0.2154255319148936
0 0.5959928229665071 0.45851063829787236 0.04485645933014354 0.0574468085106383
0 0.5478468899521531 0.48351063829787233 0.041866028708133975 0.1074468085106383
0 0.5607057416267942 0.4531914893617021 0.031698564593301434 0.04680851063829787
0 0.47996411483253587 0.48351063829787233 0.04007177033492823 0.1074468085106383
0 0.4485645933014354 0.4675531914893617 0.034688995215311005 0.07553191489361702
0 0.8456937799043063 0.46914893617021275 0.04784688995215311 0.07872340425531915
0 0.8074162679425837 0.46914893617021275 0.0430622009569378 0.07872340425531915