0 0.6783970707892596 0.17916666666666667 0.0949959316517494 0.21041666666666667
0 0.7784784377542717 0.175 0.14320585842148087 0.2423611111111111
0 0.4580960130187144 0.8944444444444445 0.023596419853539462 0.09861111111111111
0 0.06814076484947112 0.7646041666666666 0.025768917819365352 0.08606944444444448
0 0.06944263628966639 0.8304374999999999 0.024410089503661515 0.08541666666666667
0 0.016680227827502035 0.8138888888888889 0.01952807160292921 0.0625
0 0.05944670463791701 0.6828819444444445 0.014646053702196907 0.07083333333333333
0 0.07919446704637918 0.8799791666666668 0.02413751017087064 0.06365972222222227
0 0.12164361269324654 0.6386527777777777 0.019633848657445073 0.07436805555555549
0 0.06305939788445891 0.8447916666666667 0.02115541090317331 0.06180555555555556
0 0.21894629780309194 0.4855347222222222 0.01017087062652563 0.059027777777777776
0 0.0693653376729048 0.6875833333333333 0.012205044751830757 0.06875
0 0.2794955248169243 0.47925694444444444 0.006240846216436093 0.04628472222222228
0 0.37737591537835635 0.47631249999999997 0.011944670463791753 0.024847222222222205
0 0.017343368592351503 0.8796597222222222 0.02786411716842962 0.060138888888888825
0 0.30801871440195283 0.6566041666666667 0.015866558177379985 0.05763888888888889
0 0.39222538649308375 0.492875 0.009987794955248243 0.029270833333333395
0 0.4631814483319772 0.45034722222222223 0.01017087062652563 0.06041666666666667
0 0.21989422294548414 0.6288194444444445 0.013425549227013833 0.08125
0 0.2732058584214809 0.5598194444444444 0.01541090317331168 0.029743055555555505
0 0.18546379170056956 0.538236111111111 0.007729861676159479 0.049305555555555554
0 0.3077705451586656 0.4427083333333333 0.010984540276647681 0.04375
0 0.370313262815297 0.4990833333333333 0.009877949552481774 0.026298611111111037
0 0.0026444263628966637 0.828125 0.0052888527257933275 0.049305555555555554
0 0.17671684296175752 0.6078819444444444 0.011318144833197695 0.0699513888888889
0 0.21758340113913752 0.4725069444444444 0.008950366151342554 0.050694444444444445
0 0.24783157038242473 0.5096111111111111 0.012339300244100865 0.0525555555555556
0 0.32559804719283975 0.5789444444444444 0.010309194467046347 0.039798611111111076
0 0.2950040683482506 0.6418263888888889 0.016680227827502035 0.05347222222222222
0 0.09487388120423108 0.6078541666666666 0.014239218877135883 0.0625
0 0.283966639544345 0.4222847222222222 0.00661106590724166 0.04131250000000001
0 0.1958421480878763 0.5006111111111111 0.008136696501220505 0.03958333333333333
0 0.03580146460537022 0.4 0.009764035801464606 0.04027777777777778
0 0.28478030919446706 0.5477222222222222 0.011391375101708706 0.031201388888888935
0 0.1769080553295362 0.5001180555555556 0.007729861676159479 0.04652777777777778
0 0.2911391375101709 0.5240208333333334 0.011899918633034988 0.02861805555555558
0 0.338893409275834 0.5083263888888889 0.014646053702196907 0.04861111111111111
0 0.2039544344995932 0.6101319444444445 0.010024410089503702 0.04561111111111116
0 0.3228641171684296 0.5223958333333333 0.011289666395443449 0.04025694444444446
0 0.38552481692432866 0.6658472222222223 0.02106183889340927 0.04836111111111118
0 0.37515459723352323 0.6533402777777777 0.014967453213995103 0.04556944444444437
0 0.3489218877135883 0.6390972222222222 0.022713588283157008 0.04763888888888883
0 0.42995931651749386 0.4184861111111111 0.009646053702196922 0.029340277777777778
0 0.20720504475183074 0.6330972222222222 0.021920260374288084 0.0680277777777778
0 0.24784784377542718 0.5776180555555556 0.01331977217249797 0.03839583333333331
0 0.2355207485760781 0.5724930555555555 0.014003254678600517 0.05003472222222219
0 0.25873474369406024 0.48000694444444447 0.010874694873881211 0.049402777777777844
0 0.262160292921074 0.475875 0.01408462164361265 0.05103472222222223
0 0.2978030919446705 0.4425833333333334 0.01042717656631412 0.03863888888888896
0 0.4513832384052075 0.47523611111111114 0.011647681041497196 0.028256944444444484
0 0.4385231895850285 0.4800138888888889 0.012774613506916228 0.025305555555555595
0 0.38622864117168426 0.5283125 0.01039462978030927 0.026076388888888857
0 0.3768755085435313 0.5288958333333333 0.010671277461350699 0.02815972222222219
0 0.3334052074857608 0.5587569444444445 0.01811635475996744 0.038805555555555635
0 0.3127298616761595 0.5842361111111111 0.015280716029292086 0.05829166666666671
0 0.2999227013832384 0.5392847222222222 0.013584214808787673 0.02606249999999998
0 0.26323840520748576 0.5654722222222222 0.01719283970707892 0.03835416666666668
0 0.24269324654190397 0.48074999999999996 0.009190398698128526 0.04853472222222229
0 0.2760455655004068 0.47300694444444447 0.009715215622457326 0.050645833333333376
0 0.20545972335231896 0.469875 0.006326281529698924 0.037888888888888854
0 0.15491456468673717 0.5315208333333333 0.018685923515052914 0.058756944444444376
0 0.0879373474369406 0.6172847222222222 0.008722538649308402 0.039395833333333345
0 0.110553295362083 0.6138263888888889 0.011871440195280695 0.0648055555555555
0 0.16250610252237593 0.6180763888888888 0.013942229454841326 0.0777638888888889
0 0.14 0.7198263888888888 0.024906427990235975 0.08514583333333327
0 0.24945890968266882 0.8298611111111112 0.0266151342554923 0.0875
0 0.22836045565500404 0.8157430555555556 0.020020341741253066 0.06794444444444454
0 0.4119568755085435 0.8980069444444445 0.034279902359642074 0.10225694444444444
0 0.3572009764035802 0.9833333333333333 0.04231082180634662 0.03333333333333333
0 0.13720911310008135 0.6362430555555556 0.012770545158665577 0.06311805555555562
0 0.08085028478437754 0.6672847222222222 0.016895850284784367 0.06616666666666665
0 0.010565500406834825 0.7673819444444444 0.016688364524003248 0.05976388888888885
0 0.02277461350691619 0.780375 0.020939788445890957 0.054868055555555705
0 0.029882017900732298 0.7519722222222222 0.024808787632221326 0.07754861111111117
0 0.012091131000813668 0.745013888888889 0.01770545158665581 0.04975000000000007
0 0.20256305939788444 0.5015 0.012249796582587428 0.04665277777777782
0 0.5457689178193653 0.8548611111111111 0.0467860048820179 0.2902777777777778
0 0.5743124491456468 0.8311111111111111 0.023425549227013804 0.2899305555555556
0 0.615679414157852 0.7319652777777778 0.014820992676973175 0.08082638888888896