0 0.22975929978118162 0.21475409836065573 0.45951859956236324 0.42950819672131146
0 0.7270240700218819 0.21475409836065573 0.15207877461706784 0.42950819672131146
0 0.49781181619256015 0.21475409836065573 0.07658643326039387 0.42950819672131146
0 0.9310722100656456 0.21475409836065573 0.13785557986870897 0.42950819672131146
0 0.5820568927789934 0.21475409836065573 0.1487964989059081 0.42950819672131146
0 0.8632385120350109 0.21475409836065573 0.13347921225382933 0.42950819672131146
0 0.39059080962800874 0.7672131147540984 0.13785557986870897 0.3016393442622951
0 0.20021881838074398 0.7827868852459017 0.12691466083150985 0.4344262295081967
0 0.0525164113785558 0.8459016393442623 0.1050328227571116 0.3081967213114754
0 0.3911378555798687 0.9081967213114754 0.13676148796498905 0.18360655737704917
0 0.36980306345733044 0.9147540983606557 0.17943107221006566 0.17049180327868851
0 0.8982494529540481 0.7311475409836066 0.19912472647702406 0.5377049180327869
0 0.574398249452954 0.730327868852459 0.16849015317286653 0.5393442622950819
0 0.7319474835886215 0.7147540983606557 0.23851203501094093 0.5704918032786885