0 0.6132723112128147 0.20773930753564154 0.09582379862700229 0.12067209775967414
0 0.1101258581235698 0.7319246435845214 0.05434782608695652 0.2265784114052953
0 0.08152173913043478 0.6135437881873728 0.05148741418764302 0.23930753564154786
0 0.010583524027459955 0.3559063136456212 0.02116704805491991 0.1334012219959267
0 0.15646453089244852 0.315173116089613 0.04748283752860412 0.051934826883910386
0 0.2717391304347826 0.33553971486761713 0.04576659038901602 0.09266802443991853
0 0.31092677345537756 0.3212830957230143 0.03832951945080092 0.06415478615071284
0 0.306779176201373 0.5129837067209776 0.041475972540045765 0.2265784114052953
0 0.3469679633867277 0.5239307535641547 0.04519450800915332 0.1985743380855397
0 0.3606979405034325 0.4694501018329939 0.017734553775743706 0.2158859470468432
0 0.3492562929061785 0.37525458248472504 0.04061784897025172 0.14562118126272913
0 0.625 0.8869653767820774 0.027745995423340962 0.07535641547861507