0 0.8244431418522861 0.3288100208768267 0.05568581477139507 0.20041753653444677
0 0.6236811254396248 0.07881002087682672 0.06447831184056271 0.15762004175365343
0 0.8291324736225087 0.08559498956158663 0.043962485345838215 0.17118997912317327
0 0.7945486518171161 0.05793319415448852 0.04865181711606096 0.11586638830897704
0 0.6884525205158265 0.0255741127348643 0.043962485345838215 0.0511482254697286
0 0.7300703399765534 0.024008350730688934 0.04279015240328253 0.04801670146137787
0 0.7324150058616647 0.3924843423799583 0.07327080890973037 0.07306889352818371
0 0.75 0.34707724425887265 0.0615474794841735 0.1638830897703549
0 0.6781946072684643 0.31941544885177453 0.07033997655334115 0.21920668058455114
0 0.33704572098475966 0.778705636743215 0.2708089097303634 0.44258872651356995
0 0.06858147713950762 0.6263048016701461 0.03927315357561548 0.17693110647181629
0 0.1395076201641266 0.6278705636743215 0.021395076201641265 0.09916492693110647
0 0.16647127784290738 0.6278705636743215 0.01787807737397421 0.09133611691022965
0 0.17966002344665885 0.627348643006263 0.01787807737397421 0.08924843423799582
0 0.1271981242672919 0.627348643006263 0.010844079718640093 0.06993736951983298
0 0.19871043376318875 0.639874739039666 0.015533411488862838 0.1069937369519833
0 0.21365767878077374 0.6466597077244259 0.019050410316529893 0.10490605427974947
0 0.08939038686987104 0.6221294363256785 0.014361078546307152 0.10281837160751565
0 0.09671746776084408 0.6174321503131524 0.014361078546307152 0.09342379958246347
0 0.11283704572098475 0.6153444676409185 0.013188745603751465 0.081419624217119
0 0.929073856975381 0.80741127348643 0.141852286049238 0.38517745302713985
0 0.806271981242673 0.8136743215031316 0.17526377491207504 0.37265135699373697
0 0.6386283704572099 0.714509394572025 0.2174677608440797 0.5709812108559499