0 0.8803370786516854 0.197 0.0648876404494382 0.106
0 0.9780898876404495 0.2045 0.04353932584269663 0.112
0 0.8969101123595505 0.318 0.14747191011235955 0.2835
0 0.7016853932584269 0.2115 0.0800561797752809 0.147
0 0.7654494382022472 0.194 0.0800561797752809 0.1425
0 0.6334269662921348 0.22 0.10140449438202247 0.1735
0 0.5932584269662922 0.295 0.16741573033707866 0.3295
0 0.20842696629213484 0.8105 0.05337078651685393 0.2005
0 0.5741573033707865 0.898 0.060674157303370786 0.204
0 0.9932584269662922 0.7545 0.01348314606741573 0.223
0 0.9797752808988764 0.6385 0.04044943820224719 0.235
0 0.8359550561797753 0.519 0.06179775280898876 0.118
0 0.6396067415730337 0.5255 0.042134831460674156 0.131
0 0.6724719101123595 0.499 0.046067415730337076 0.078
0 0.7863764044943821 0.72975 0.06320224719101124 0.2375
0 0.6985955056179776 0.873 0.05898876404494382 0.254
0 0.7105337078651686 0.76475 0.054775280898876406 0.2025