0 0.9208333333333333 0.3359683794466403 0.05277777777777778 0.16798418972332016
0 0.8930555555555556 0.2475296442687747 0.05 0.23221343873517786
0 0.5838888888888889 0.0741106719367589 0.04555555555555556 0.1482213438735178
0 0.5297222222222222 0.10029644268774704 0.04833333333333333 0.20059288537549408
0 0.5386111111111112 0.3621541501976285 0.041666666666666664 0.11561264822134387
0 0.6844444444444444 0.06175889328063241 0.044444444444444446 0.12351778656126482
0 0.6416666666666667 0.05928853754940711 0.03888888888888889 0.11857707509881422
0 0.4088888888888889 0.22776679841897232 0.017777777777777778 0.23221343873517786
0 0.7756944444444445 0.2475296442687747 0.05416666666666667 0.2618577075098814
0 0.7 0.23517786561264822 0.06111111111111111 0.22233201581027667
0 0.60625 0.29199604743083 0.059722222222222225 0.22727272727272727
0 0.09833333333333333 0.7519762845849802 0.12194444444444444 0.4224308300395257
0 0.18138888888888888 0.7010869565217391 0.08861111111111111 0.4698616600790514
0 0.28194444444444444 0.6852766798418972 0.13194444444444445 0.47282608695652173
0 0.7908333333333334 0.7210968379446641 0.05277777777777778 0.2198616600790514
0 0.7630555555555556 0.6062252964426877 0.05 0.23221343873517786
0 0.4538888888888889 0.4634387351778656 0.04555555555555556 0.08695652173913043
0 0.41194444444444445 0.48962450592885376 0.02388888888888889 0.13932806324110672
0 0.5544444444444444 0.45108695652173914 0.044444444444444446 0.06225296442687747
0 0.5116666666666667 0.44861660079051385 0.03888888888888889 0.05731225296442688
0 0.9261111111111111 0.4708498023715415 0.04888888888888889 0.10177865612648221
0 0.5811111111111111 0.5691699604743083 0.05 0.22233201581027667
0 0.47347222222222224 0.6136363636363636 0.04861111111111111 0.22233201581027667
0 0.6672222222222223 0.6951581027667985 0.058333333333333334 0.26679841897233203
0 0.4276388888888889 0.7865612648221344 0.05416666666666667 0.24209486166007904