0 0.6857366771159875 0.42212566844919786 0.04780564263322884 0.16677807486631016
0 0.2478448275862069 0.9812834224598931 0.021551724137931036 0.0374331550802139
0 0.22531347962382445 0.9872994652406417 0.025078369905956112 0.02540106951871658
0 0.2139498432601881 0.8689839572192514 0.013322884012539185 0.08288770053475936
0 0.32307993730407525 0.9896390374331551 0.02390282131661442 0.02072192513368984
0 0.30054858934169276 0.9435160427807486 0.0219435736677116 0.0929144385026738
0 0.34051724137931033 0.9883021390374331 0.0219435736677116 0.02339572192513369
0 0.3346394984326019 0.8756684491978609 0.018025078369905956 0.0748663101604278
0 0.2029780564263323 0.8211898395721925 0.012539184952978056 0.07820855614973261
0 0.3254310344827586 0.8021390374331551 0.01371473354231975 0.040106951871657755
0 0.12793887147335423 0.7272727272727273 0.009796238244514107 0.06417112299465241
0 0.06308777429467084 0.6671122994652406 0.008620689655172414 0.06016042780748663
0 0.17594043887147334 0.8475935828877005 0.013322884012539185 0.07887700534759358
0 0.041606583072100335 0.6855414438502675 0.012398119122257004 0.05824197860962559
0 0.28800940438871475 0.7637032085561497 0.013322884012539185 0.060828877005347594
0 0.17496081504702193 0.6647727272727273 0.008228840125391849 0.05013368983957219
0 0.11422413793103449 0.678475935828877 0.008228840125391849 0.05614973262032086
0 0.1071434169278997 0.7313034759358289 0.008228840125391849 0.05748663101604278
0 0.22472570532915362 0.7650401069518716 0.009012539184952978 0.05949197860962567
0 0.35048197492163 0.8816176470588236 0.01818573667711593 0.06635695187165774
0 0.06837774294670847 0.6647727272727273 0.009796238244514107 0.05815508021390375
0 0.11481191222570533 0.7272727272727273 0.007836990595611285 0.06283422459893048
0 0.21336206896551724 0.7643716577540107 0.008228840125391849 0.060828877005347594
0 0.1896551724137931 0.8318850267379679 0.011755485893416929 0.07286096256684492
0 0.19455721003134796 0.8026270053475936 0.012938871473354225 0.07657085561497323
0 0.29564655172413784 0.7844986631016043 0.012938871473354404 0.08103609625668451
0 0.1042319749216301 0.6754679144385026 0.008620689655172414 0.052807486631016046
0 0.016457680250783698 0.6978609625668449 0.0109717868338558 0.05213903743315508
0 0.14472570532915358 0.6493716577540107 0.010258620689655109 0.04090909090909094
0 0.20630877742946707 0.7630347593582888 0.011363636363636364 0.05949197860962567
0 0.11892633228840126 0.6457219251336899 0.007445141065830721 0.053475935828877004
0 0.1956230407523511 0.6612232620320856 0.011516457680250733 0.04989304812834231
0 0.048589341692789965 0.6243315508021391 0.007053291536050157 0.029411764705882353
0 0.2280564263322884 0.8462566844919787 0.01018808777429467 0.08155080213903744
0 0.028996865203761754 0.6637700534759359 0.01018808777429467 0.06550802139037433
0 0.12441222570532916 0.6473930481283422 0.007445141065830721 0.05548128342245989
0 0.07445141065830721 0.7329545454545454 0.007836990595611285 0.06216577540106952
0 0.1237735109717868 0.7286096256684492 0.008228840125391849 0.06818181818181818
0 0.08385579937304075 0.7362967914438503 0.0109717868338558 0.05949197860962567
0 0.16922413793103444 0.8093449197860962 0.014106583072100314 0.06684491978609626
0 0.0072492163009404385 0.8850267379679144 0.014498432601880877 0.05481283422459893
0 0.021520376175548618 0.8711965240641711 0.014251567398119079 0.040514705882352876
0 0.10862852664576804 0.6415106951871659 0.006394984326018873 0.04318181818181812
0 0.16136755485893414 0.6594385026737968 0.01160658307210027 0.04667112299465236
0 0.16222570532915362 0.6293449197860963 0.007836990595611285 0.03943850267379679
0 0.14282915360501566 0.6273395721925134 0.009012539184952978 0.03542780748663102
0 0.14901253918495297 0.6309558823529412 0.009717868338558065 0.0295922459893048
0 0.1720219435736677 0.6183155080213903 0.008620689655172414 0.017379679144385027
0 0.1853448275862069 0.6283422459893048 0.007053291536050157 0.0374331550802139
0 0.35560344827586204 0.8409090909090909 0.008228840125391849 0.0374331550802139
0 0.25165360501567396 0.6601336898395721 0.007225705329153626 0.034779411764705864
0 0.8266065830721003 0.9498663101604278 0.037225705329153605 0.10026737967914438
0 0.8070141065830722 0.8967245989304813 0.03526645768025078 0.1570855614973262
0 0.7643025078369906 0.6209893048128342 0.03644200626959248 0.022727272727272728
0 0.5532915360501567 0.6928475935828877 0.037225705329153605 0.09024064171122995
0 0.6512539184952978 0.6828208556149733 0.02938871473354232 0.1270053475935829
0 0.6297021943573667 0.6778074866310161 0.03526645768025078 0.12366310160427807
0 0.6030564263322884 0.6677807486631016 0.03526645768025078 0.1163101604278075
0 0.6003134796238244 0.7830882352941176 0.037225705329153605 0.14371657754010694
0 0.5880681818181818 0.7404745989304813 0.032327586206896554 0.11864973262032086
0 0.9876567398119123 0.6594251336898396 0.02468652037617555 0.09959893048128342
0 0.44308385579937304 0.7814171122994652 0.038205329153605014 0.13703208556149732
0 0.43426724137931033 0.6803141711229946 0.03036833855799373 0.11864973262032086
0 0.46257836990595613 0.6594251336898396 0.02468652037617555 0.09959893048128342
0 0.39439655172413796 0.6570855614973262 0.03330721003134796 0.09491978609625669
0 0.8544278996865203 0.6460561497326203 0.03252351097178684 0.07286096256684492
0 0.9024294670846394 0.6377005347593583 0.02821316614420063 0.05614973262032086
0 0.5687695924764891 0.9508689839572193 0.037225705329153605 0.0982620320855615
0 0.747257053291536 0.7095588235294118 0.037225705329153605 0.12366310160427807
0 0.9602272727272727 0.669451871657754 0.02233542319749216 0.1196524064171123
0 0.9367163009404389 0.6704545454545454 0.03409090909090909 0.12165775401069519
0 0.9371081504702194 0.6403743315508021 0.02938871473354232 0.06149732620320856
0 0.9505289968652038 0.8206885026737968 0.03428683385579937 0.14872994652406418
0 0.9813871473354232 0.8223596256684492 0.03134796238244514 0.12867647058823528
0 0.9745297805642633 0.7755681818181818 0.02938871473354232 0.1019385026737968
0 0.9794278996865203 0.7279411764705882 0.02938871473354232 0.08689839572192513
0 0.995101880877743 0.7887700534759359 0.009796238244514107 0.14572192513368984
0 0.6919083072100314 0.7379679144385026 0.03428683385579937 0.14705882352941177
0 0.6731974921630094 0.9625668449197861 0.04231974921630094 0.0748663101604278