0 0.8282608695652174 0.3355899419729207 0.04103260869565217 0.08123791102514506
0 0.47866847826086956 0.8017408123791102 0.058423913043478264 0.22243713733075435
0 0.05407608695652174 0.6506286266924565 0.051630434782608696 0.21518375241779497
0 0.08097826086956522 0.5454545454545454 0.04891304347826087 0.2127659574468085
0 0.4154891304347826 0.46566731141199225 0.04076086956521739 0.05319148936170213
0 0.3421195652173913 0.6881044487427466 0.057065217391304345 0.21760154738878143
0 0.3495923913043478 0.7908607350096711 0.058423913043478264 0.2683752417794971
0 0.2735054347826087 0.6264506769825918 0.06114130434782609 0.22969052224371372
0 0.8744565217391305 0.718568665377176 0.1358695652173913 0.5589941972920697
0 0.6894021739130435 0.7195357833655706 0.10271739130434783 0.5609284332688588
0 0.9494565217391304 0.7132495164410058 0.06304347826086956 0.29448742746615086