0 0.8344155844155844 0.47163865546218486 0.06316410861865407 0.11554621848739496
0 0.9654663518299882 0.13813025210084034 0.0690672963400236 0.22584033613445378
0 0.5590318772136954 0.09243697478991597 0.06493506493506493 0.18487394957983194
0 0.7659386068476978 0.09926470588235294 0.04427390791027155 0.19852941176470587
0 0.7311097992916175 0.07142857142857142 0.048996458087367176 0.14285714285714285
0 0.6242621015348289 0.038865546218487396 0.04427390791027155 0.07773109243697479
0 0.6661747343565525 0.037289915966386554 0.04309327036599764 0.07457983193277311
0 0.9524793388429752 0.04254201680672269 0.0371900826446281 0.08508403361344538
0 0.6862455726092089 0.4112394957983193 0.06198347107438017 0.23634453781512604
0 0.6942148760330579 0.4532563025210084 0.06375442739079103 0.15231092436974789
0 0.6117178276269185 0.3442752100840336 0.06641086186540732 0.2494747899159664
0 0.07083825265643448 0.9459033613445378 0.053128689492325853 0.10819327731092437
0 0.13518299881936247 0.5646008403361344 0.05430932703659976 0.0703781512605042
0 0.45336481700118064 0.6948529411764706 0.05608028335301062 0.14180672268907563
0 0.15008854781582054 0.6922268907563025 0.05460448642266824 0.19432773109243698
0 0.22756788665879574 0.8300945378151261 0.06493506493506493 0.24422268907563024
0 0.43417945690672965 0.8563550420168067 0.04427390791027155 0.21796218487394958
0 0.3994982290436836 0.7828256302521008 0.048701298701298704 0.2547268907563025
0 0.3965466351829988 0.6436449579831933 0.048701298701298704 0.14443277310924368
0 0.2925029515938607 0.7526260504201681 0.04427390791027155 0.18382352941176472
0 0.33456316410861864 0.7394957983193278 0.04279811097992916 0.20483193277310924
0 0.2473435655253837 0.5740546218487395 0.04250295159386069 0.08928571428571429
0 0.28807556080283353 0.5688025210084033 0.03541912632821724 0.07878151260504201
0 0.3202479338842975 0.5766806722689075 0.03837072018890201 0.09453781512605042
0 0.011216056670602124 0.5908613445378151 0.02243211334120425 0.12289915966386554