0 0.9319444444444445 0.5826740506329114 0.059444444444444446 0.17325949367088608
0 0.49805555555555553 0.4634098101265823 0.05277777777777778 0.17602848101265822
0 0.5258333333333334 0.3714398734177215 0.05 0.18591772151898733
0 0.5863888888888888 0.029272151898734177 0.051666666666666666 0.058544303797468354
0 0.8855555555555555 0.13014240506329114 0.05277777777777778 0.10680379746835443
0 0.6001388888888889 0.1281645569620253 0.05138888888888889 0.1463607594936709
0 0.6730555555555555 0.232001582278481 0.06111111111111111 0.18393987341772153
0 0.8675 0.2517800632911392 0.041666666666666664 0.16416139240506328
0 0.8348611111111112 0.1964003164556962 0.04583333333333333 0.1918512658227848
0 0.8320833333333333 0.0915743670886076 0.04583333333333333 0.10878164556962025
0 0.7341666666666666 0.17365506329113925 0.041666666666666664 0.13844936708860758
0 0.77375 0.16376582278481014 0.04027777777777778 0.15427215189873417
0 0.6919444444444445 0.03639240506329114 0.04055555555555555 0.07278481012658228
0 0.73 0.03243670886075949 0.03333333333333333 0.06487341772151899
0 0.7608333333333334 0.038370253164556965 0.03611111111111111 0.07674050632911393
0 0.9947222222222222 0.056962025316455694 0.010555555555555556 0.11392405063291139
0 0.8322222222222222 0.015427215189873418 0.04 0.030854430379746837
0 0.8669444444444444 0.014636075949367089 0.04055555555555555 0.029272151898734177
0 0.7223611111111111 0.44363132911392406 0.0625 0.18789556962025317
0 0.4311111111111111 0.1337025316455696 0.042222222222222223 0.12658227848101267
0 0.8091666666666667 0.5613132911392406 0.058333333333333334 0.20965189873417722
0 0.7973611111111111 0.47132120253164556 0.05416666666666667 0.16020569620253164
0 0.43527777777777776 0.03322784810126582 0.03611111111111111 0.06645569620253164
0 0.10666666666666667 0.7480221518987342 0.05277777777777778 0.10680379746835443
0 0.05597222222222222 0.8142800632911392 0.04583333333333333 0.1918512658227848
0 0.05305555555555556 0.716376582278481 0.04611111111111111 0.09414556962025317
0 0.26416666666666666 0.6906645569620253 0.03722222222222222 0.04272151898734177
0 0.11013888888888888 0.8706487341772152 0.04861111111111111 0.16218354430379747
0 0.3169444444444444 0.7175632911392406 0.035 0.09651898734177215
0 0.2851388888888889 0.7658227848101266 0.0375 0.14240506329113925
0 0.25666666666666665 0.8251582278481012 0.041666666666666664 0.15031645569620253
0 0.008888888888888889 0.8069620253164557 0.017777777777777778 0.15822784810126583
0 0.235 0.6926424050632911 0.03777777777777778 0.04667721518987342
0 0.3497222222222222 0.7895569620253164 0.04722222222222222 0.15822784810126583
0 0.3879166666666667 0.794501582278481 0.043055555555555555 0.15229430379746836
0 0.24888888888888888 0.9402689873417721 0.05444444444444444 0.1194620253164557
0 0.5038888888888889 0.8651107594936709 0.18 0.2697784810126582
0 0.8225 0.8892405063291139 0.12277777777777778 0.22151898734177214
0 0.9677777777777777 0.8346518987341772 0.06444444444444444 0.33069620253164556
0 0.7291666666666666 0.8916139240506329 0.10277777777777777 0.21677215189873417
0 0.6269444444444444 0.8765822784810127 0.12277777777777778 0.2468354430379747
0 0.7338888888888889 0.7333860759493671 0.09111111111111111 0.1281645569620253
0 0.5708333333333333 0.7527689873417721 0.0961111111111111 0.16693037974683544
0 0.9055555555555556 0.8346518987341772 0.12666666666666668 0.33069620253164556
0 0.8325 0.7531645569620253 0.085 0.16772151898734178
0 0.6566666666666666 0.7725474683544303 0.1 0.2064873417721519
0 0.7761111111111111 0.7875791139240507 0.07222222222222222 0.15901898734177214
0 0.4697222222222222 0.8346518987341772 0.11944444444444445 0.33069620253164556
0 0.47 0.8065664556962026 0.12 0.2745253164556962