0 0.8343421052631579 0.27736202057998127 0.02881578947368421 0.07530402245088869
0 0.6246052631578948 0.22637979420018708 0.025526315789473685 0.07296538821328344
0 0.6380263157894737 0.18826005612722171 0.024210526315789474 0.07694106641721235
0 0.6672368421052631 0.03578110383536015 0.024868421052631578 0.04583723105706267
0 0.666578947368421 0.016136576239476147 0.02631578947368421 0.032273152478952294
0 0.8118421052631579 0.08840037418147802 0.025526315789473685 0.04420018709073901
0 0.7447368421052631 0.0832553788587465 0.02013157894736842 0.06220767072029935
0 0.7594736842105263 0.08091674462114125 0.024210526315789474 0.060570626753975676
0 0.7776315789473685 0.07436856875584659 0.024210526315789474 0.060570626753975676
0 0.7239473684210527 0.021983161833489244 0.0175 0.04396632366697849
0 0.7377631578947368 0.020813844714686624 0.020921052631578948 0.04162768942937325
0 0.7555263157894737 0.02315247895229186 0.024210526315789474 0.04630495790458372
0 0.8873684210526316 0.13166510757717492 0.02618421052631579 0.06711880261927035
0 0.8934210526315789 0.08208606173994387 0.020789473684210528 0.05823199251637044
0 0.8739473684210526 0.06618334892422825 0.016842105263157894 0.060570626753975676
0 0.9205263157894736 0.06361085126286249 0.022763157894736843 0.060570626753975676
0 0.8893421052631579 0.019176800748362956 0.018157894736842106 0.0304022450888681
0 0.8735526315789474 0.019176800748362956 0.016052631578947367 0.03835360149672591
0 0.9044736842105263 0.024087932647333957 0.02013157894736842 0.0353133769878391
0 0.6081578947368421 0.02806361085126286 0.023421052631578947 0.05168381665107577
0 0.8010526315789473 0.23246024321796072 0.025526315789473685 0.08348924228250701
0 0.6789473684210526 0.09658559401309635 0.025526315789473685 0.060570626753975676
0 0.716842105263158 0.11038353601496725 0.023421052631578947 0.07202993451824134
0 0.7393421052631579 0.30028063610851263 0.03355263157894737 0.09822263797942002
0 0.7296052631578948 0.2460243217960711 0.02881578947368421 0.08769878391019645
0 0.7863157894736842 0.11318989710009354 0.025526315789473685 0.07787652011225445
0 0.7903947368421053 0.1361085126286249 0.029473684210526315 0.07787652011225445
0 0.8947368421052632 0.09728718428437792 0.019473684210526317 0.055659494855004675
0 0.6027631578947369 0.07483629560336763 0.022105263157894735 0.05168381665107577
0 0.5713157894736842 0.06244153414405987 0.019473684210526317 0.05332086061739944
0 0.5488157894736843 0.0813844714686623 0.02144736842105263 0.0647801683816651
0 0.5460526315789473 0.04934518241347053 0.01881578947368421 0.03858746492048644
0 0.5303947368421053 0.07600561272217025 0.018157894736842106 0.05729653882132835
0 0.5219736842105264 0.06197380729653882 0.0175 0.05893358278765201
0 0.5323684210526316 0.1557530402245089 0.019473684210526317 0.07296538821328344
0 0.5131578947368421 0.15949485500467728 0.02144736842105263 0.063844714686623
0 0.5006578947368421 0.141955098222638 0.021184210526315788 0.06945743685687558
0 0.5118421052631579 0.11155285313376988 0.02013157894736842 0.04677268475210477
0 0.7689473684210526 0.2635640785781104 0.026842105263157896 0.07857811038353602
0 0.04763157894736842 0.9190832553788587 0.042105263157894736 0.1618334892422825
0 0.09144736842105264 0.9340505144995322 0.052894736842105265 0.13189897100093545
0 0.14039473684210527 0.9253975678203928 0.03394736842105263 0.1492048643592142
0 0.17328947368421052 0.9137043966323667 0.038157894736842106 0.1725912067352666
0 0.20960526315789474 0.9204864359214219 0.03289473684210526 0.15902712815715622
0 0.23355263157894737 0.9158091674462114 0.025526315789473685 0.16838166510757718
0 0.2615789473684211 0.9228250701590271 0.039473684210526314 0.15434985968194576
0 0.3006578947368421 0.9338166510757717 0.031842105263157894 0.1323666978484565
0 0.3211842105263158 0.926333021515435 0.02973684210526316 0.14733395696913001
0 0.3047342105263157 0.856510757717493 0.0284263157894738 0.07260523854069224
0 0.2865342105263158 0.8647240411599626 0.02358421052631576 0.08572029934518241
0 0.2688421052631579 0.8491580916744621 0.013576315789473723 0.07025257249766129
0 0.23710526315789474 0.828666978484565 0.010565789473684115 0.02025257249766145
0 0.22819473684210534 0.8342376052385406 0.010497368421052478 0.039934518241347104
0 0.2151263157894737 0.834976613657624 0.015005263157894612 0.04141253507951355
0 0.20539473684210527 0.8371515434985968 0.011771052631578833 0.053830682881197446
0 0.19420789473684205 0.8519644527595884 0.011721052631578938 0.07918615528531346
0 0.17984210526315791 0.846267539756782 0.012947368421052584 0.04644059869036481
0 0.8343421052631579 0.8655285313376988 0.02881578947368421 0.1400841908325538
0 0.6246052631578948 0.7703461178671656 0.025526315789473685 0.1354069223573433
0 0.6380263157894737 0.6994855004677268 0.024210526315789474 0.1431244153414406
0 0.6672368421052631 0.41651075771749296 0.024868421052631578 0.08512628624883069
0 0.666578947368421 0.3800280636108513 0.02631578947368421 0.060336763330215155
0 0.8118421052631579 0.5140318054256314 0.025526315789473685 0.08208606173994387
0 0.7447368421052631 0.5046772684752104 0.02013157894736842 0.1157623947614593
0 0.7594736842105263 0.5002338634237605 0.024210526315789474 0.1127221702525725
0 0.7776315789473685 0.48807296538821326 0.024210526315789474 0.1127221702525725
0 0.7796052631578947 0.5961178671655754 0.025526315789473685 0.13096351730589337
0 0.7880263157894737 0.5572965388213283 0.022105263157894735 0.10804490177736202
0 0.9718421052631578 0.6730589335827877 0.030263157894736843 0.1354069223573433
0 0.5122368421052632 0.47895229186155286 0.020789473684210528 0.10032740879326474
0 0.7238157894736842 0.39055191768007486 0.017631578947368422 0.0813844714686623
0 0.7376315789473684 0.3884471468662301 0.021052631578947368 0.07717492984097288
0 0.7555263157894737 0.3931244153414406 0.024210526315789474 0.08652946679139382
0 0.8873684210526316 0.5944808231992517 0.02618421052631579 0.12488306828811974
0 0.8934210526315789 0.5025724976613658 0.020789473684210528 0.10804490177736202
0 0.8739473684210526 0.47287184284377926 0.016842105263157894 0.1127221702525725
0 0.9205263157894736 0.46819457436856876 0.022763157894736843 0.1127221702525725
0 0.8893421052631579 0.3854069223573433 0.018157894736842106 0.05636108512628625
0 0.8735526315789474 0.3854069223573433 0.016052631578947367 0.07109448082319925
0 0.9044736842105263 0.39452759588400377 0.02013157894736842 0.06548175865294668
0 0.6055263157894737 0.4590739008419083 0.022105263157894735 0.0912067352666043
0 0.6081578947368421 0.4020112254443405 0.023421052631578947 0.09588400374181479
0 0.5726315789473684 0.4384939195509822 0.019473684210526317 0.1019644527595884
0 0.7259210526315789 0.8098690364826941 0.030921052631578946 0.1323666978484565
0 0.8010526315789473 0.7818054256314313 0.025526315789473685 0.15528531337698784
0 0.7371052631578947 0.916043030869972 0.034078947368421056 0.16791393826005613
0 0.7678947368421053 0.8638914873713751 0.030263157894736843 0.15832553788587464
0 0.6789473684210526 0.5292329279700655 0.025526315789473685 0.1127221702525725
0 0.5330263157894737 0.4864359214218896 0.015394736842105263 0.12184284377923293
0 0.549078947368421 0.48947614593077643 0.023421052631578947 0.11880261927034612
0 0.5488157894736843 0.4445743685687559 0.02013157894736842 0.09892422825070159
0 0.5397368421052632 0.6302619270346118 0.023421052631578947 0.1354069223573433
0 0.5185526315789474 0.6318989710009355 0.02144736842105263 0.11716557530402245
0 0.5232894736842105 0.5893358278765201 0.02013157894736842 0.09284377923292797
0 0.5198684210526315 0.5458372310570627 0.02013157894736842 0.07904583723105706
0 0.5025 0.6014967259120674 0.02013157894736842 0.1323666978484565
0 0.716842105263158 0.5549579045837231 0.023421052631578947 0.13400374181478017