0 0.3224826388888889 0.4230769230769231 0.3949652777777778 0.5538461538461539
0 0.09244791666666667 0.4512820512820513 0.04600694444444445 0.09358974358974359
0 0.0720486111111111 0.4705128205128205 0.04513888888888889 0.10384615384615385
0 0.960703125 0.6137948717948718 0.015416666666666856 0.0563333333333334
0 0.9205989583333333 0.48455128205128206 0.008472222222222412 0.04470512820512821
0 0.8898177083333333 0.4827692307692308 0.009861111111111221 0.04596153846153849
0 0.8671788194444444 0.5167435897435897 0.014513888888888913 0.03296153846153851
0 0.8082725694444445 0.40762820512820513 0.007960069444444507 0.0327435897435897
0 0.8184461805555556 0.4070641025641025 0.007144097222222238 0.031602564102564075
0 0.8288628472222223 0.4138974358974359 0.006796874999999937 0.02844871794871802
0 0.8348524305555556 0.4110384615384616 0.006293402777777778 0.03234615384615387
0 0.8458767361111111 0.4260897435897436 0.007187499999999976 0.03200000000000005
0 0.8558593750000001 0.4250384615384615 0.007065972222222309 0.032282051282051215
0 0.8677256944444445 0.42523076923076925 0.009088541666666691 0.035089743589743594
0 0.8511284722222222 0.38544871794871793 0.006293402777777778 0.027666666666666718
0 0.8587847222222222 0.3859102564102564 0.008038194444444436 0.02857692307692303
0 0.8433940972222222 0.36338461538461536 0.006562499999999953 0.026012820512820466
0 0.8371354166666667 0.3525128205128205 0.005442708333333318 0.020294871794871848
0 0.8269618055555555 0.35044871794871796 0.00407986111111115 0.016166666666666683
0 0.8552777777777778 0.35694871794871796 0.00699652777777773 0.021948717948717954
0 0.8601822916666666 0.3584102564102564 0.004314236111111135 0.020858974358974335
0 0.8650868055555556 0.36098717948717945 0.005989583333333413 0.021205128205128158
0 0.8701649305555555 0.3704487179487179 0.004201388888888818 0.023320512820512892
0 0.8767361111111112 0.37443589743589745 0.005946180555555476 0.02406410256410254
0 0.6061979166666667 0.5119615384615385 0.010286458333333255 0.03542307692307692
0 0.5963888888888889 0.5271666666666667 0.01129340277777777 0.039371794871794916
0 0.9277170138888889 0.8859487179487179 0.015321180555555635 0.0813589743589744
0 0.9869791666666666 0.7884615384615384 0.026041666666666668 0.07692307692307693