0 0.8435828877005348 0.5213878326996197 0.0572192513368984 0.21577946768060838
0 0.7986631016042781 0.019011406844106463 0.05080213903743316 0.03802281368821293
0 0.6946524064171123 0.019961977186311788 0.0481283422459893 0.039923954372623575
0 0.73475935828877 0.10218631178707224 0.05080213903743316 0.20437262357414449
0 0.7513368983957219 0.06273764258555133 0.04385026737967915 0.12547528517110265
0 0.949331550802139 0.09980988593155894 0.05213903743315508 0.19486692015209126
0 0.9612299465240641 0.019961977186311788 0.041176470588235294 0.039923954372623575
0 0.7179144385026738 0.5247148288973384 0.05508021390374331 0.20912547528517111
0 0.7775401069518717 0.3921102661596958 0.05080213903743316 0.2423954372623574
0 0.5973262032085561 0.7927756653992395 0.11711229946524064 0.20579847908745247
0 0.4828877005347594 0.7999049429657795 0.13636363636363635 0.2675855513307985
0 0.2596256684491979 0.8179657794676806 0.2106951871657754 0.3203422053231939
0 0.096524064171123 0.7980038022813688 0.10481283422459893 0.2390684410646388
0 0.863903743315508 0.814638783269962 0.27192513368983956 0.37072243346007605