0 0.05382513661202186 0.6949029126213592 0.05191256830601093 0.21601941747572814
0 0.08114754098360656 0.5820388349514564 0.04918032786885246 0.22815533980582525
0 0.4131147540983607 0.7131067961165048 0.05191256830601093 0.24757281553398058
0 0.27377049180327867 0.7155339805825243 0.06284153005464481 0.24271844660194175
0 0.3413934426229508 0.7907766990291262 0.056010928961748634 0.2621359223300971
0 0.22568306010928962 0.44660194174757284 0.060109289617486336 0.1533980582524272
0 0.41721311475409834 0.4529126213592233 0.040983606557377046 0.16601941747572815
0 0.3849726775956284 0.42718446601941745 0.0453551912568306 0.1145631067961165
0 0.2860655737704918 0.3970873786407767 0.040983606557377046 0.05436893203883495
0 0.32486338797814207 0.39563106796116504 0.03989071038251366 0.05145631067961165
0 0.32704918032786884 0.8538834951456311 0.06830601092896176 0.2922330097087379
0 0.7472677595628415 0.8140776699029126 0.2959016393442623 0.3718446601941748