0 0.7627314814814815 0.17335390946502058 0.05497685185185185 0.1388888888888889
0 0.9074074074074074 0.15792181069958847 0.043402777777777776 0.19547325102880658
0 0.8755787037037037 0.15020576131687244 0.052083333333333336 0.19032921810699588
0 0.8365162037037037 0.12962962962962962 0.052083333333333336 0.19032921810699588
0 0.8321759259259259 0.31224279835390945 0.05497685185185185 0.22119341563786007
0 0.8140914351851852 0.24665637860082304 0.04774305555555555 0.18261316872427982
0 0.9522569444444444 0.016975308641975308 0.03761574074074074 0.033950617283950615
0 0.9224537037037037 0.013374485596707819 0.04513888888888889 0.026748971193415638
0 0.8842592592592593 0.02109053497942387 0.052083333333333336 0.04218106995884774
0 0.5999710648148148 0.3096707818930041 0.05642361111111111 0.2109053497942387
0 0.5869502314814815 0.15406378600823045 0.044849537037037035 0.18261316872427982
0 0.62890625 0.10390946502057613 0.03616898148148148 0.19032921810699588
0 0.5720486111111112 0.013374485596707819 0.02488425925925926 0.026748971193415638
0 0.7855902777777778 0.5622427983539094 0.05497685185185185 0.13477366255144033
0 0.9674479166666666 0.24279835390946503 0.05063657407407408 0.22633744855967078
0 0.9398148148148148 0.5802469135802469 0.0625 0.09876543209876543
0 0.29716435185185186 0.8348765432098766 0.2760416666666667 0.33024691358024694