0 0.479138010087116 0.34235474006116207 0.0405777166437414 0.11529051987767584
0 0.6545162769371847 0.1830275229357798 0.028198074277854195 0.08103975535168195
0 0.6143970655662541 0.18654434250764526 0.018569463548830812 0.062385321100917435
0 0.6265474552957359 0.19510703363914372 0.020403484640073362 0.09418960244648318
0 0.588835396607061 0.08914373088685015 0.014213663457129757 0.07186544342507645
0 0.5766850068775791 0.07186544342507645 0.016506189821182942 0.04617737003058104
0 0.6304447501146263 0.17293577981651376 0.021549747822099955 0.08226299694189602
0 0.3057083906464924 0.7958715596330275 0.1369784502521779 0.32217125382262995
0 0.2023154516276937 0.6440366972477064 0.11863823933975241 0.19327217125382262
0 0.07370472260430995 0.7207951070336391 0.11428243924805136 0.3406727828746177
0 0.5184548372306281 0.7536697247706422 0.06407611187528657 0.17155963302752295