0 0.7097765363128492 0.060139165009940355 0.0446927374301676 0.11928429423459244
0 0.711731843575419 0.02982107355864811 0.04357541899441341 0.05964214711729622
0 0.771927374301676 0.5298210735586482 0.051675977653631286 0.2286282306163022
0 0.7997206703910614 0.6083499005964215 0.057541899441340784 0.16302186878727634
0 0.4925977653631285 0.33722664015904574 0.05726256983240224 0.2062624254473161
0 0.4576815642458101 0.30989065606361826 0.04329608938547486 0.21123260437375746
0 0.46256983240223465 0.15457256461232605 0.05307262569832402 0.16898608349900596
0 0.40740223463687153 0.227882703777336 0.03770949720670391 0.10685884691848907
0 0.44553072625698326 0.6148111332007953 0.05307262569832402 0.15009940357852883
0 0.31424581005586594 0.1481113320079523 0.028491620111731845 0.17693836978131214
0 0.3058659217877095 0.04224652087475149 0.011731843575418994 0.08449304174950298
0 0.8142458100558659 0.027335984095427434 0.030726256983240222 0.05467196819085487
0 0.8180167597765363 0.09244532803180915 0.03770949720670391 0.1540755467196819
0 0.9930167597765364 0.5357852882703777 0.013966480446927373 0.24055666003976142
0 0.9409217877094972 0.3421968190854871 0.04329608938547486 0.2062624254473161
0 0.9744413407821229 0.3359840954274354 0.040502793296089384 0.19383697813121273
0 0.9723463687150838 0.2514910536779324 0.030726256983240222 0.10934393638170974
0 0.9930167597765364 0.275844930417495 0.013966480446927373 0.19383697813121273
0 0.9409217877094972 0.1955765407554672 0.046089385474860335 0.16650099403578528
0 0.9353351955307263 0.10238568588469185 0.03770949720670391 0.1540755467196819
0 0.5407821229050279 0.1756958250497018 0.0446927374301676 0.16153081510934394
0 0.5051675977653631 0.16699801192842942 0.040502793296089384 0.17892644135188868
0 0.607122905027933 0.19433399602385687 0.04888268156424581 0.21371769383697814
0 0.32821229050279327 0.031312127236580514 0.030726256983240222 0.06262425447316103
0 0.8983240223463688 0.06461232604373758 0.0335195530726257 0.12922465208747516
0 0.6581005586592179 0.28006958250497016 0.04748603351955307 0.2062624254473161
0 0.4642458100558659 0.959741550695825 0.055865921787709494 0.0805168986083499
0 0.8092178770949721 0.94831013916501 0.05307262569832402 0.10337972166998012
0 0.7810055865921788 0.8876739562624254 0.05027932960893855 0.22465208747514911
0 0.6770949720670391 0.7137176938369781 0.054748603351955305 0.04771371769383698
0 0.4863128491620112 0.7599403578528827 0.05307262569832402 0.14015904572564614
0 0.4689944134078212 0.7186878727634195 0.04636871508379888 0.05765407554671968
0 0.9946927374301676 0.7659045725646123 0.010614525139664804 0.15208747514910537
0 0.9731843575418995 0.7708747514910537 0.05139664804469274 0.16202783300198806