0 0.8760416666666667 0.20694444444444443 0.1359375 0.2986111111111111
0 0.59921875 0.2050925925925926 0.15598958333333332 0.28379629629629627
0 0.42734375 0.3375 0.13463541666666667 0.4638888888888889
0 0.4744791666666667 0.22453703703703703 0.09609375 0.274537037037037
0 0.12890625 0.8071759259259259 0.049479166666666664 0.20601851851851852
0 0.10286458333333333 0.6995370370370371 0.046875 0.2175925925925926
0 0.3078125 0.6504629629629629 0.0375 0.12129629629629629
0 0.3419270833333333 0.649074074074074 0.0359375 0.11851851851851852
0 0.76796875 0.7486111111111111 0.06484375 0.05648148148148148
0 0.7174479166666666 0.7546296296296297 0.05286458333333333 0.05555555555555555
0 0.6731770833333334 0.7462962962962963 0.0359375 0.044444444444444446