0 0.06727748691099476 0.11452513966480447 0.03586387434554974 0.13966480446927373
0 0.059162303664921465 0.05493482309124767 0.049214659685863874 0.0712290502793296
0 0.1337696335078534 0.0782122905027933 0.04659685863874346 0.0893854748603352
0 0.16282722513089004 0.09590316573556797 0.025392670157068063 0.06843575418994413
0 0.8507853403141361 0.38687150837988826 0.06753926701570681 0.25605214152700184
0 0.7091623036649215 0.38268156424581007 0.07513089005235601 0.26675977653631283
0 0.9400523560209424 0.37756052141527 0.08743455497382199 0.2742085661080074
0 0.86282722513089 0.28538175046554937 0.059162303664921465 0.44227188081936686
0 0.9204188481675393 0.2877094972067039 0.07094240837696335 0.44692737430167595
0 0.7795811518324607 0.3924581005586592 0.0712041884816754 0.24906890130353818
0 0.7473821989528796 0.2835195530726257 0.04738219895287958 0.3621973929236499
0 0.8120418848167539 0.30074487895716945 0.0612565445026178 0.41108007448789574
0 0.568848167539267 0.9748603351955307 0.05602094240837696 0.05027932960893855
0 0.15994764397905759 0.9036312849162011 0.049738219895287955 0.19273743016759776
0 0.18612565445026177 0.803072625698324 0.04712041884816754 0.21880819366852886
0 0.524869109947644 0.5507448789571695 0.049738219895287955 0.06238361266294227
0 0.47722513089005236 0.6145251396648045 0.043455497382198956 0.18994413407821228
0 0.5284031413612565 0.6634078212290503 0.04581151832460733 0.1908752327746741
0 0.5196335078534031 0.9283054003724395 0.03926701570680628 0.14338919925512103
0 0.38219895287958117 0.6028864059590316 0.041884816753926704 0.16666666666666666
0 0.42303664921465967 0.6005586592178771 0.03664921465968586 0.16201117318435754
0 0.29672774869109947 0.803072625698324 0.051047120418848166 0.2467411545623836
0 0.03232984293193717 0.6389664804469274 0.04581151832460733 0.16992551210428306
0 0.6387434554973822 0.5377094972067039 0.031413612565445025 0.036312849162011177
0 0.65 0.7048417132216015 0.0193717277486911 0.15828677839851024
0 0.643979057591623 0.8472998137802608 0.031413612565445025 0.21415270018621974
0 0.3575916230366492 0.7681564245810056 0.04712041884816754 0.20949720670391062
0 0.45903141361256544 0.8100558659217877 0.04581151832460733 0.20949720670391062
0 0.8447643979057592 0.7690875232774674 0.16727748691099475 0.40409683426443205