0 0.20962566844919786 0.35218631178707227 0.13262032085561498 0.39448669201520914
0 0.24411764705882352 0.3574144486692015 0.06577540106951872 0.3840304182509506
0 0.48155080213903745 0.47433460076045625 0.05080213903743316 0.15019011406844107
0 0.508288770053476 0.39496197718631176 0.0481283422459893 0.22338403041825095
0 0.8545454545454545 0.10503802281368821 0.05080213903743316 0.12832699619771862
0 0.720855614973262 0.09077946768060836 0.040106951871657755 0.1806083650190114
0 0.7502673796791444 0.08555133079847908 0.0481283422459893 0.17110266159695817
0 0.786096256684492 0.07604562737642585 0.0481283422459893 0.1520912547528517
0 0.7903743315508022 0.23336501901140685 0.05080213903743316 0.20437262357414449
0 0.8070855614973262 0.1727661596958175 0.04411764705882353 0.16872623574144488
0 0.9893048128342246 0.2305133079847909 0.0213903743315508 0.19486692015209126
0 0.9780748663101604 0.06416349809885931 0.033155080213903745 0.12832699619771862
0 0.44331550802139036 0.04515209125475285 0.04385026737967915 0.0903041825095057
0 0.6831550802139037 0.5066539923954373 0.06149732620320856 0.08555133079847908
0 0.8328877005347594 0.47576045627376423 0.05080213903743316 0.1473384030418251
0 0.5898395721925134 0.1288022813688213 0.05080213903743316 0.1758555133079848
0 0.6653743315508022 0.16920152091254753 0.04679144385026738 0.20912547528517111
0 0.23128342245989306 0.9443916349809885 0.05080213903743316 0.1112167300380228
0 0.2580213903743315 0.8845057034220533 0.0481283422459893 0.22338403041825095
0 0.3574866310160428 0.6430608365019012 0.051871657754010696 0.18726235741444866
0 0.40641711229946526 0.6302281368821293 0.026737967914438502 0.16159695817490494
0 0.09411764705882353 0.5765209125475285 0.04171122994652406 0.05418250950570342
0 0.055347593582887704 0.564638783269962 0.039037433155080216 0.030418250950570342
0 0.013903743315508022 0.5836501901140685 0.027807486631016044 0.06844106463878327
0 0.012032085561497326 0.9206273764258555 0.02406417112299465 0.15874524714828897
0 0.013903743315508022 0.689638783269962 0.027807486631016044 0.19486692015209126
0 0.04144385026737968 0.7490494296577946 0.034759358288770054 0.1758555133079848
0 0.07419786096256685 0.7395437262357415 0.04946524064171123 0.21387832699619772
0 0.05320855614973262 0.6159695817490495 0.045454545454545456 0.13307984790874525
0 0.193048128342246 0.564638783269962 0.04385026737967915 0.030418250950570342
0 0.7815508021390374 0.7129277566539924 0.14331550802139037 0.16587452471482889
0 0.5737967914438503 0.8849809885931559 0.15508021390374332 0.2300380228136882
0 0.7989304812834225 0.8854562737642585 0.2018716577540107 0.22908745247148288
0 0.4788770053475936 0.8136882129277566 0.11096256684491979 0.2414448669201521
0 0.613903743315508 0.7200570342205324 0.1302139037433155 0.1782319391634981
0 0.9114973262032086 0.7433460076045627 0.17700534759358288 0.3365019011406844