0 0.8688524590163934 0.2407766990291262 0.2612021857923497 0.4538834951456311
0 0.655464480874317 0.22524271844660193 0.1680327868852459 0.31844660194174756
0 0.8202185792349727 0.24320388349514563 0.16174863387978142 0.3257281553398058
0 0.7693989071038252 0.18640776699029127 0.1180327868852459 0.3650485436893204
0 0.24781420765027323 0.8990291262135922 0.058469945355191254 0.20194174757281552
0 0.13633879781420766 0.5368932038834952 0.05191256830601093 0.09514563106796116
0 0.5133879781420765 0.6024271844660194 0.03224043715846994 0.21650485436893205
0 0.3557377049180328 0.5330097087378641 0.053551912568306013 0.08737864077669903
0 0.029234972677595627 0.820873786407767 0.058469945355191254 0.21067961165048543
0 0.18032786885245902 0.7762135922330097 0.05191256830601093 0.24757281553398058
0 0.05 0.9281553398058252 0.06939890710382514 0.1436893203883495
0 0.11256830601092896 0.8902912621359224 0.06120218579234973 0.21941747572815534
0 0.6576502732240437 0.8713592233009708 0.2540983606557377 0.25728155339805825