0 0.28992146596858637 0.8116852886405959 0.051047120418848166 0.2164804469273743
0 0.36649214659685864 0.6720204841713222 0.049738219895287955 0.23044692737430167
0 0.4363874345549738 0.8971135940409684 0.0612565445026178 0.20577281191806332
0 0.02225130890052356 0.5879888268156425 0.04450261780104712 0.13687150837988826
0 0.7319371727748691 0.5591247672253259 0.03664921465968586 0.07914338919925512
0 0.6717277486910995 0.5707635009310987 0.041884816753926704 0.10242085661080075
0 0.6738219895287958 0.542830540037244 0.040837696335078534 0.04655493482309125
0 0.7301047120418848 0.9497206703910615 0.04869109947643979 0.1005586592178771
0 0.487434554973822 0.8258845437616388 0.015706806282722512 0.19366852886405958
0 0.49581151832460735 0.6373370577281192 0.032460732984293195 0.15176908752327747
0 0.5757853403141361 0.6282588454376163 0.051047120418848166 0.18389199255121041
0 0.9942408376963351 0.7546554934823091 0.011518324607329843 0.17225325884543763
0 0.981544502617801 0.7469739292364991 0.0274869109947644 0.16527001862197394
0 0.9566753926701571 0.7481378026070763 0.032722513089005235 0.16759776536312848
0 0.9324607329842932 0.7434823091247672 0.03926701570680628 0.18156424581005587
0 0.9036649214659686 0.8016759776536313 0.031413612565445025 0.17225325884543763
0 0.8761780104712041 0.800512104283054 0.04450261780104712 0.18854748603351956
0 0.9036649214659686 0.7202048417132216 0.02617801047120419 0.10242085661080075
0 0.9060209424083769 0.5917132216014898 0.028795811518324606 0.14432029795158285
0 0.8793193717277487 0.5940409683426443 0.03821989528795811 0.148975791433892
0 0.8663612565445026 0.6620111731843575 0.04057591623036649 0.16294227188081936
0 0.8615183246073298 0.5754189944134078 0.034031413612565446 0.11173184357541899
0 0.8277486910994765 0.5777467411545624 0.031413612565445025 0.11638733705772812
0 0.7706806282722513 0.5791433891992551 0.040837696335078534 0.1191806331471136
0 0.581020942408377 0.8086592178770949 0.056282722513089 0.19553072625698323
0 0.943979057591623 0.9343575418994413 0.041884816753926704 0.13128491620111732
0 0.9683246073298429 0.9264432029795159 0.04031413612565445 0.14711359404096835