0 0.43506493506493504 0.019432773109243698 0.030696576151121605 0.038865546218487396
0 0.7015938606847698 0.5572478991596639 0.0690672963400236 0.06407563025210083
0 0.5615407319952774 0.2914915966386555 0.05460448642266824 0.21533613445378152
0 0.65599173553719 0.2691701680672269 0.06050767414403778 0.21796218487394958
0 0.6928866587957497 0.24028361344537816 0.045749704840613935 0.22321428571428573
0 0.6874262101534829 0.08245798319327731 0.05608028335301062 0.16491596638655462
0 0.6638134592680047 0.06565126050420168 0.03837072018890201 0.13130252100840337
0 0.6278040141676505 0.07090336134453781 0.04309327036599764 0.14180672268907563
0 0.5489964580873672 0.06144957983193277 0.047225501770956316 0.12289915966386554
0 0.7460153482880756 0.15362394957983194 0.03984651711924439 0.11292016806722689
0 0.8367768595041323 0.11292016806722689 0.047225501770956316 0.17857142857142858
0 0.9068772136953955 0.1720063025210084 0.04279811097992916 0.19170168067226892
0 0.8950708382526564 0.11817226890756302 0.04279811097992916 0.18907563025210083
0 0.9504132231404959 0.19170168067226892 0.047225501770956316 0.19957983193277312
0 0.9890791027154664 0.15756302521008403 0.021841794569067298 0.21008403361344538
0 0.8562573789846517 0.04569327731092437 0.04427390791027155 0.09138655462184873
0 0.9008264462809917 0.03939075630252101 0.04014167650531287 0.07878151260504201
0 0.9359504132231405 0.04831932773109244 0.03837072018890201 0.09663865546218488
0 0.9707792207792207 0.058823529411764705 0.03837072018890201 0.11764705882352941
0 0.9920306965761512 0.06565126050420168 0.015938606847697757 0.13130252100840337
0 0.9105667060212514 0.014180672268907563 0.03837072018890201 0.028361344537815126
0 0.17001180637544275 0.8067226890756303 0.043683589138134596 0.24369747899159663
0 0.01859504132231405 0.8550420168067226 0.0371900826446281 0.28991596638655465
0 0.05696576151121606 0.7909663865546218 0.05371900826446281 0.18487394957983194
0 0.05371900826446281 0.9117647058823529 0.08146399055489964 0.17647058823529413
0 0.41233766233766234 0.7542016806722689 0.01475796930342385 0.14915966386554622
0 0.390495867768595 0.7710084033613446 0.051357733175914994 0.14705882352941177
0 0.10891381345926801 0.9044117647058824 0.05962219598583235 0.19117647058823528
0 0.40968122786304606 0.9080882352941176 0.020070838252656435 0.18382352941176472
0 0.37012987012987014 0.9002100840336135 0.06847697756788666 0.19957983193277312
0 0.21959858323494688 0.7552521008403361 0.0448642266824085 0.11764705882352941
0 0.3400236127508855 0.8251050420168067 0.05430932703659976 0.27205882352941174
0 0.1331168831168831 0.8198529411764706 0.03364817001180637 0.27415966386554624
0 0.269185360094451 0.7557773109243697 0.047225501770956316 0.16911764705882354
0 0.31434474616292796 0.7815126050420168 0.0371900826446281 0.2184873949579832
0 0.11186540731995277 0.8156512605042017 0.045454545454545456 0.20693277310924368
0 0.08057851239669421 0.7830882352941176 0.0371900826446281 0.18172268907563024
0 0.3999409681227863 0.8403361344537815 0.03955135773317592 0.13865546218487396
0 0.9365407319952774 0.7694327731092437 0.08913813459268005 0.27468487394957986
0 0.8240850059031877 0.7983193277310925 0.07703659976387249 0.21165966386554622
0 0.7461629279811098 0.7736344537815126 0.06257378984651712 0.14495798319327732
0 0.679456906729634 0.7494747899159664 0.06847697756788666 0.16859243697478993
0 0.5841204250295159 0.7657563025210085 0.04604486422668241 0.1328781512605042
0 0.8692443919716647 0.7489495798319328 0.03010625737898465 0.12710084033613445
0 0.8878394332939787 0.717436974789916 0.013872491145218418 0.04779411764705882