0 0.205 0.2298689138576779 0.41 0.4597378277153558
0 0.6305263157894737 0.1896067415730337 0.11289473684210527 0.06320224719101124
0 0.9057894736842105 0.22705992509363296 0.07868421052631579 0.06413857677902622
0 0.8002631578947368 0.9264981273408239 0.05631578947368421 0.14700374531835206
0 0.42447368421052634 0.7055243445692884 0.02894736842105263 0.2200374531835206
0 0.7081578947368421 0.5355805243445693 0.04368421052631579 0.15168539325842698
0 0.7596052631578948 0.5650749063670412 0.046052631578947366 0.19194756554307116
0 0.7510526315789474 0.8670411985018727 0.039473684210526314 0.2153558052434457
0 0.9252631578947368 0.49250936329588013 0.035789473684210524 0.06554307116104868
0 0.8981578947368422 0.5299625468164794 0.039473684210526314 0.1404494382022472
0 0.6126315789473684 0.523876404494382 0.042105263157894736 0.12827715355805244
0 0.6536842105263158 0.5215355805243446 0.03684210526315789 0.12359550561797752
0 0.8911842105263158 0.6867977528089888 0.05131578947368421 0.2200374531835206
0 0.5267105263157895 0.7055243445692884 0.05131578947368421 0.24812734082397003
0 0.598421052631579 0.6938202247191011 0.05789473684210526 0.21067415730337077
0 0.6872368421052631 0.7476591760299626 0.056578947368421055 0.2153558052434457