0 0.1478021978021978 0.9404296875 0.05934065934065934 0.119140625
0 0.5771978021978021 0.840576171875 0.0521978021978022 0.21728515625
0 0.5497252747252748 0.72705078125 0.04945054945054945 0.2294921875
0 0.19395604395604396 0.42919921875 0.0521978021978022 0.1318359375
0 0.4760989010989011 0.42822265625 0.0510989010989011 0.1767578125
0 0.028846153846153848 0.62451171875 0.057692307692307696 0.2099609375
0 0.40412087912087913 0.554931640625 0.06043956043956044 0.22705078125
0 0.2118131868131868 0.579345703125 0.04120879120879121 0.20263671875
0 0.2440934065934066 0.510986328125 0.04532967032967033 0.23681640625
0 0.24670329670329672 0.39404296875 0.045054945054945054 0.1083984375
0 0.3436813186813187 0.48291015625 0.04120879120879121 0.1708984375
0 0.304532967032967 0.470703125 0.03983516483516483 0.1904296875
0 0.038049450549450546 0.48291015625 0.034340659340659344 0.185546875
0 0.019230769230769232 0.42529296875 0.038461538461538464 0.1630859375
0 0.004120879120879121 0.41748046875 0.008241758241758242 0.1552734375
0 0.03791208791208791 0.3623046875 0.03736263736263736 0.044921875
0 0.07362637362637363 0.37451171875 0.03406593406593406 0.0693359375
0 0.35535714285714287 0.816162109375 0.061813186813186816 0.23193359375
0 0.2695054945054945 0.916015625 0.057692307692307696 0.16796875
0 0.2811813186813187 0.850341796875 0.05357142857142857 0.19775390625
0 0.9362637362637363 0.67919921875 0.12747252747252746 0.5107421875
0 0.7986263736263737 0.72412109375 0.11236263736263737 0.42529296875
0 0.8002747252747253 0.7568359375 0.11071428571428571 0.3671875