0 0.5541958041958042 0.03371369294605809 0.046620046620046623 0.06742738589211618
0 0.48892773892773894 0.4782157676348548 0.053613053613053616 0.2033195020746888
0 0.4597902097902098 0.5363070539419087 0.05944055944055944 0.08713692946058091
0 0.780448717948718 0.2948651452282158 0.05973193473193473 0.21524896265560167
0 0.8168706293706294 0.2663381742738589 0.04516317016317016 0.2204356846473029
0 0.8117715617715617 0.10425311203319503 0.05536130536130536 0.17634854771784234
0 0.8693181818181818 0.18075726141078838 0.039335664335664336 0.11151452282157677
0 0.828962703962704 0.5430497925311203 0.05536130536130536 0.07365145228215768
0 0.9962121212121212 0.09387966804979253 0.007575757575757576 0.17116182572614108
0 0.9845571095571095 0.015560165975103735 0.030885780885780884 0.03112033195020747
0 0.7301864801864801 0.1262966804979253 0.046620046620046623 0.16856846473029047
0 0.7673368298368298 0.11721991701244813 0.04224941724941725 0.18672199170124482
0 0.6609848484848485 0.145746887966805 0.05099067599067599 0.22302904564315354
0 0.36217948717948717 0.03890041493775934 0.02505827505827506 0.07780082987551867
0 0.6078088578088578 0.23521784232365145 0.049533799533799536 0.21524896265560167
0 0.42424242424242425 0.07676348547717843 0.046620046620046623 0.15352697095435686
0 0.2266899766899767 0.8973029045643154 0.05710955710955711 0.2053941908713693
0 0.14160839160839161 0.7601141078838174 0.05536130536130536 0.2567427385892116
0 0.08275058275058275 0.9325726141078838 0.07459207459207459 0.13485477178423236
0 0.49184149184149184 0.7821576763485477 0.24184149184149184 0.3822614107883817
0 0.8120629370629371 0.7847510373443983 0.3758741258741259 0.40975103734439833