0 0.6583530106257379 0.2544642857142857 0.06050767414403778 0.21796218487394958
0 0.6952479338842975 0.22557773109243698 0.045749704840613935 0.22321428571428573
0 0.6897874852420307 0.07510504201680672 0.05608028335301062 0.15021008403361344
0 0.7483766233766234 0.13891806722689076 0.03984651711924439 0.11292016806722689
0 0.9254722550177096 0.22032563025210083 0.05165289256198347 0.21271008403361344
0 0.8538961038961039 0.0740546218487395 0.04427390791027155 0.148109243697479
0 0.9011216056670602 0.10084033613445378 0.04132231404958678 0.19432773109243698
0 0.8884297520661157 0.06880252100840337 0.030696576151121605 0.13760504201680673
0 0.9682703659976387 0.10215336134453781 0.03984651711924439 0.19170168067226892
0 0.9911452184179457 0.08298319327731092 0.01770956316410862 0.16596638655462184
0 0.9672373081463991 0.04096638655462185 0.03837072018890201 0.0819327731092437
0 0.9188311688311688 0.05409663865546219 0.03837072018890201 0.10819327731092437
0 0.6254427390791027 0.08455882352941177 0.011216056670602124 0.16911764705882354
0 0.6449232585596222 0.08455882352941177 0.04309327036599764 0.16911764705882354
0 0.2730224321133412 0.7683823529411765 0.18742621015348288 0.46271008403361347
0 0.10271546635182999 0.7773109243697479 0.20543093270365997 0.44537815126050423
0 0.5301062573789846 0.8009453781512605 0.17916174734356552 0.39810924369747897
0 0.41883116883116883 0.8156512605042017 0.15495867768595042 0.36817226890756305
0 0.8028335301062574 0.5084033613445378 0.07201889020070838 0.11764705882352941