0 0.43675675675675674 0.17067307692307693 0.11702702702702703 0.26298076923076924
0 0.1989189189189189 0.16923076923076924 0.13405405405405404 0.25
0 0.05459459459459459 0.2860576923076923 0.10891891891891892 0.40865384615384615
0 0.09162162162162162 0.1860576923076923 0.08243243243243244 0.24182692307692308
0 0.3932432432432432 0.7692307692307693 0.09783783783783784 0.17692307692307693
0 0.2843243243243243 0.8254807692307692 0.0627027027027027 0.3490384615384615
0 0.20486486486486485 0.8394230769230769 0.06486486486486487 0.22884615384615384
0 0.39378378378378376 0.8990384615384616 0.09783783783783784 0.20192307692307693
0 0.3948648648648649 0.9028846153846154 0.14216216216216215 0.19423076923076923
0 0.2008108108108108 0.9076923076923077 0.17783783783783783 0.18461538461538463
0 0.9289189189189189 0.9105769230769231 0.051351351351351354 0.17884615384615385
0 0.9018918918918919 0.8168269230769231 0.04864864864864865 0.22596153846153846
0 0.5535135135135135 0.5442307692307692 0.04756756756756757 0.08846153846153847
0 0.6867567567567567 0.55 0.04054054054054054 0.1
0 0.6572972972972972 0.5451923076923076 0.04864864864864865 0.09038461538461538
0 0.6205405405405405 0.5355769230769231 0.04864864864864865 0.07115384615384615
0 0.6167567567567568 0.6533653846153846 0.051351351351351354 0.20673076923076922
0 0.5998648648648649 0.5920673076923076 0.0445945945945946 0.17067307692307693
0 0.5732432432432433 0.9120192307692307 0.051351351351351354 0.17596153846153847
0 0.8191891891891891 0.5682692307692307 0.051351351351351354 0.13653846153846153
0 0.7429729729729729 0.5971153846153846 0.047027027027027025 0.19423076923076923
0 0.7172972972972973 0.9288461538461539 0.05837837837837838 0.1423076923076923