0 0.3980263157894737 0.2404255319148936 0.035287081339712915 0.07287234042553191
0 0.3567583732057416 0.26276595744680853 0.03827751196172249 0.11010638297872341
0 0.4461722488038278 0.2478723404255319 0.03110047846889952 0.07287234042553191
0 0.923744019138756 0.37127659574468086 0.018241626794258375 0.09148936170212765
0 0.96561004784689 0.32340425531914896 0.005681818181818182 0.04840425531914894
0 0.8758971291866029 0.3952127659574468 0.017344497607655503 0.05053191489361702
0 0.49072966507177035 0.9180851063829787 0.06399521531100479 0.16382978723404254
0 0.026016746411483254 0.7920212765957447 0.05203349282296651 0.2372340425531915
0 0.053229665071770335 0.7015957446808511 0.05382775119617225 0.18404255319148935
0 0.2494019138755981 0.861436170212766 0.0687799043062201 0.23138297872340424
0 0.416866028708134 0.8122340425531915 0.056818181818181816 0.2712765957446808
0 0.27422248803827753 0.95 0.07595693779904306 0.1
0 0.3427033492822967 0.9085106382978724 0.06698564593301436 0.1829787234042553