0 0.72734375 0.08425925925925926 0.21197916666666666 0.16805555555555557
0 0.5098958333333333 0.5777777777777777 0.03958333333333333 0.1111111111111111
0 0.5111979166666667 0.5435185185185185 0.03697916666666667 0.06851851851851852
0 0.3087239583333333 0.8363425925925926 0.053385416666666664 0.19212962962962962
0 0.276171875 0.8108796296296297 0.040364583333333336 0.19675925925925927
0 0.28072916666666664 0.6662037037037037 0.049479166666666664 0.1574074074074074
0 0.229296875 0.7344907407407407 0.03515625 0.09953703703703703
0 0.073046875 0.80625 0.045572916666666664 0.1875
0 0.13619791666666667 0.6604166666666667 0.0390625 0.16435185185185186
0 0.09453125 0.700925925925926 0.036458333333333336 0.1712962962962963
0 0.10559895833333334 0.6569444444444444 0.02734375 0.1527777777777778
0 0.03528645833333333 0.7020833333333333 0.03515625 0.16898148148148148
0 0.011458333333333333 0.6726851851851852 0.022916666666666665 0.1712962962962963
0 0.0359375 0.6175925925925926 0.033854166666666664 0.13425925925925927
0 0.07890625 0.6314814814814815 0.033854166666666664 0.1527777777777778
0 0.12109375 0.5550925925925926 0.03802083333333333 0.09166666666666666
0 0.09296875 0.537962962962963 0.033854166666666664 0.05740740740740741
0 0.06041666666666667 0.5449074074074074 0.041666666666666664 0.0712962962962963
0 0.3536458333333333 0.6858796296296297 0.041666666666666664 0.15046296296296297
0 0.3204427083333333 0.6777777777777778 0.037760416666666664 0.16666666666666666
0 0.4415364583333333 0.7993055555555556 0.045572916666666664 0.19212962962962962
0 0.41549479166666664 0.7032407407407407 0.045572916666666664 0.19907407407407407
0 0.15546875 0.5449074074074074 0.028645833333333332 0.0712962962962963