0 0.20611702127659576 0.31899810964083175 0.39441489361702126 0.6001890359168242
0 0.9742021276595745 0.045368620037807186 0.04946808510638298 0.09073724007561437
0 0.6877659574468085 0.17627599243856332 0.05053191489361702 0.1275992438563327
0 0.9331117021276596 0.22353497164461247 0.05186170212765957 0.1890359168241966
0 0.8719414893617021 0.18927221172022685 0.05186170212765957 0.2055765595463138
0 0.8207446808510638 0.16209829867674858 0.0398936170212766 0.17958412098298676
0 0.7914893617021277 0.15500945179584122 0.047872340425531915 0.17485822306238186
0 0.7555851063829787 0.13610586011342155 0.047872340425531915 0.17485822306238186
0 0.7515957446808511 0.30387523629489605 0.05053191489361702 0.20321361058601134
0 0.7349734042553191 0.24362003780718336 0.043882978723404256 0.16776937618147447
0 0.861968085106383 0.024102079395085067 0.034574468085106384 0.048204158790170135
0 0.8345744680851064 0.020793950850661626 0.04148936170212766 0.04158790170132325
0 0.799468085106383 0.027882797731568997 0.047872340425531915 0.055765595463137994
0 0.5381648936170212 0.30151228733459357 0.05186170212765957 0.1937618147448015
0 0.5261968085106383 0.15855387523629488 0.041223404255319146 0.16776937618147447
0 0.5647606382978724 0.11247637051039698 0.03324468085106383 0.17485822306238186
0 0.4723404255319149 0.1053875236294896 0.04521276595744681 0.17485822306238186
0 0.5340425531914894 0.00992438563327032 0.036170212765957444 0.01984877126654064
0 0.5654255319148936 0.01606805293005671 0.031914893617021274 0.03213610586011342
0 0.5039893617021277 0.020793950850661626 0.0398936170212766 0.04158790170132325
0 0.8577127659574468 0.5760869565217391 0.061170212765957445 0.08601134215500945
0 0.7087765957446809 0.5453686200378072 0.05053191489361702 0.14744801512287334
0 0.21063829787234042 0.8237240075614367 0.39787234042553193 0.35255198487712663
0 0.6023936170212766 0.8104914933837429 0.3204787234042553 0.1880907372400756