0 0.37973684210526315 0.24204119850187267 0.2005263157894737 0.3155430711610487
0 0.9815789473684211 0.34831460674157305 0.03684210526315789 0.10299625468164794
0 0.5802631578947368 0.25819288389513106 0.05 0.20833333333333334
0 0.6065789473684211 0.14934456928838952 0.04736842105263158 0.2200374531835206
0 0.8992105263157895 0.02762172284644195 0.04368421052631579 0.0552434456928839
0 0.9505263157894737 0.052434456928838954 0.04631578947368421 0.10486891385767791
0 0.9418421052631579 0.301498127340824 0.039473684210526314 0.19662921348314608
0 0.8796052631578948 0.23010299625468164 0.056578947368421055 0.22237827715355804
0 0.7960526315789473 0.17626404494382023 0.05526315789473684 0.21301498127340823
0 0.7307894736842105 0.11189138576779026 0.04894736842105263 0.22378277153558052
0 0.9221052631578948 0.3094569288389513 0.05263157894736842 0.18071161048689138
0 0.5928947368421053 0.9133895131086143 0.05 0.17322097378277154
0 0.6192105263157894 0.822565543071161 0.04736842105263158 0.2200374531835206
0 0.6763157894736842 0.42602996254681647 0.04842105263157895 0.052434456928838954
0 0.96 0.5369850187265918 0.05 0.12640449438202248
0 0.9119736842105263 0.6154026217228464 0.04342105263157895 0.22705992509363296
0 0.9093421052631578 0.4913389513108614 0.04342105263157895 0.12874531835205993
0 0.8039473684210526 0.9171348314606742 0.05421052631578947 0.16573033707865167
0 0.8671052631578947 0.952247191011236 0.05631578947368421 0.09550561797752809
0 0.7613157894736842 0.6481741573033708 0.05 0.20833333333333334
0 0.8132894736842106 0.5697565543071161 0.04078947368421053 0.16853932584269662
0 0.8494736842105263 0.5650749063670412 0.04736842105263158 0.16853932584269662
0 0.7776315789473685 0.4330524344569288 0.04368421052631579 0.06647940074906367
0 0.8105263157894737 0.42602996254681647 0.037894736842105266 0.052434456928838954
0 0.8421052631578947 0.4353932584269663 0.037894736842105266 0.07116104868913857
0 0.4884210526315789 0.475187265917603 0.016842105263157894 0.150749063670412
0 0.5402631578947369 0.5112359550561798 0.039473684210526314 0.149812734082397
0 0.5518421052631579 0.42837078651685395 0.05 0.05711610486891386
0 0.6869736842105263 0.5416666666666666 0.038157894736842106 0.15917602996254682
0 0.9434210526315789 0.9288389513108615 0.04894736842105263 0.14232209737827714
0 0.935 0.677434456928839 0.03684210526315789 0.20131086142322097