0 0.2154696132596685 0.29715127701375244 0.13038674033149172 0.5844793713163065
0 0.7046961325966851 0.3113948919449902 0.32900552486187845 0.555992141453831
0 0.8552486187845304 0.3801571709233792 0.28950276243093925 0.4165029469548134
0 0.46878453038674034 0.3388998035363458 0.20662983425414364 0.50049115913556
0 0.19696132596685084 0.9710216110019646 0.05911602209944752 0.05795677799607073
0 0.10027624309392265 0.6389980353634578 0.04585635359116022 0.09921414538310412
0 0.1541436464088398 0.6650294695481336 0.04861878453038674 0.1512770137524558
0 0.14502762430939226 0.9219056974459725 0.04143646408839779 0.15618860510805502
0 0.011049723756906077 0.6267190569744597 0.022099447513812154 0.07465618860510806
0 0.0430939226519337 0.6242632612966601 0.03867403314917127 0.06974459724950884
0 0.3165745856353591 0.611984282907662 0.04419889502762431 0.04518664047151277
0 0.2993093922651934 0.6841846758349706 0.05386740331491713 0.16699410609037327
0 0.28342541436464086 0.8339882121807466 0.04696132596685083 0.22593320235756384
0 0.08107734806629835 0.7946954813359528 0.04834254143646409 0.22102161100196463