0 0.7042780748663101 0.2376425855513308 0.12299465240641712 0.3231939163498099
0 0.8061497326203209 0.24477186311787072 0.09893048128342247 0.30893536121673004
0 0.877807486631016 0.26996197718631176 0.10213903743315508 0.2585551330798479
0 0.975668449197861 0.23574144486692014 0.04839572192513369 0.07509505703422054
0 0.23048128342245988 0.904467680608365 0.057754010695187166 0.19106463878326996
0 0.2751336898395722 0.41634980988593157 0.05080213903743316 0.034220532319391636
0 0.3240641711229946 0.4814638783269962 0.04385026737967915 0.1644486692015209
0 0.27205882352941174 0.5166349809885932 0.04679144385026738 0.19486692015209126
0 0.420855614973262 0.4695817490494297 0.0427807486631016 0.14068441064638784
0 0.37967914438502676 0.46720532319391633 0.0374331550802139 0.1359315589353612
0 0.11497326203208556 0.4553231939163498 0.0427807486631016 0.11216730038022814
0 0.13168449197860962 0.5594106463878327 0.05213903743315508 0.16159695817490494
0 0.14705882352941177 0.7043726235741445 0.045454545454545456 0.21863117870722434
0 0.446524064171123 0.623574144486692 0.0481283422459893 0.21387832699619772
0 0.3429144385026738 0.6663498098859315 0.04679144385026738 0.21387832699619772
0 0.5294117647058824 0.7447718631178707 0.05614973262032086 0.25665399239543724
0 0.29879679144385024 0.8326996197718631 0.05213903743315508 0.23288973384030418
0 0.06283422459893048 0.4291825095057034 0.040106951871657755 0.05988593155893536
0 0.009893048128342246 0.5004752851711026 0.019786096256684493 0.20247148288973385
0 0.8425133689839572 0.7072243346007605 0.07459893048128342 0.5175855513307985
0 0.7516042780748663 0.6886882129277566 0.05481283422459893 0.4505703422053232
0 0.9058823529411765 0.719106463878327 0.07593582887700535 0.4938212927756654
0 0.9540106951871657 0.7248098859315589 0.0679144385026738 0.4667300380228137
0 0.794385026737968 0.7057984790874525 0.05481283422459893 0.47576045627376423