0 0.8395904436860068 0.2165991902834008 0.06939704209328783 0.2732793522267207
0 0.9655858930602957 0.2515182186234818 0.06313993174061433 0.23582995951417005
0 0.6808873720136519 0.4124493927125506 0.08873720136518772 0.25809716599190285
0 0.8976109215017065 0.22267206477732793 0.06257110352673492 0.24696356275303644
0 0.9630261660978384 0.4458502024291498 0.07394766780432309 0.26214574898785425
0 0.9124004550625711 0.42459514170040485 0.07622298065984073 0.23582995951417005
0 0.7798634812286689 0.21103238866396762 0.05688282138794084 0.2236842105263158
0 0.7113196814562003 0.2332995951417004 0.07679180887372014 0.3309716599190283
0 0.608646188850967 0.4008097165991903 0.11604095563139932 0.2388663967611336
0 0.6035267349260524 0.24645748987854252 0.05688282138794084 0.2722672064777328
0 0.7420364050056882 0.3977732793522267 0.0676905574516496 0.25101214574898784
0 0.6510238907849829 0.2257085020242915 0.0540386803185438 0.2125506072874494
0 0.852957906712173 0.40941295546558704 0.06882821387940842 0.21963562753036436
0 0.79806598407281 0.3977732793522267 0.07167235494880546 0.24493927125506074
0 0.3550910125142207 0.8441295546558705 0.0611490329920364 0.23279352226720648
0 0.42519908987485777 0.7515182186234818 0.0540386803185438 0.16497975708502025
0 0.4803754266211604 0.7955465587044535 0.01877133105802048 0.25303643724696356
0 0.7693401592718999 0.8061740890688259 0.3910693970420933 0.20394736842105263