0 0.37839433293978747 0.2804621848739496 0.03571428571428571 0.07090336134453781
0 0.39433293978748524 0.2767857142857143 0.026859504132231406 0.07457983193277311
0 0.7349468713105076 0.31092436974789917 0.06375442739079103 0.07773109243697479
0 0.7806965761511216 0.028361344537815126 0.051357733175914994 0.05672268907563025
0 0.7901416765053129 0.25840336134453784 0.04427390791027155 0.18277310924369747
0 0.8456316410861865 0.2778361344537815 0.06316410861865407 0.14390756302521007
0 0.8662927981109799 0.226890756302521 0.05726092089728453 0.24579831932773108
0 0.9549881936245572 0.16701680672268907 0.06050767414403778 0.24684873949579833
0 0.6183589138134593 0.09138655462184873 0.051357733175914994 0.18277310924369747
0 0.4002361275088548 0.8098739495798319 0.09917355371900827 0.3797268907563025
0 0.27390791027154665 0.7542016806722689 0.141086186540732 0.49107142857142855