0 0.08966480446927375 0.2773359840954274 0.10921787709497206 0.28429423459244535
0 0.17681564245810055 0.25646123260437376 0.10335195530726257 0.3260437375745527
0 0.26927374301675977 0.23807157057654074 0.10223463687150838 0.21819085487077536
0 0.35977653631284917 0.2147117296222664 0.1011173184357542 0.2673956262425447
0 0.7902234636871508 0.24428429423459244 0.05307262569832402 0.22117296222664015
0 0.7622905027932961 0.12872763419483102 0.05027932960893855 0.23359840954274355
0 0.5611731843575419 0.15730616302186878 0.05865921787709497 0.2261431411530815
0 0.6301675977653631 0.10387673956262425 0.05139664804469274 0.2077534791252485
0 0.2868715083798883 0.9100397614314115 0.05307262569832402 0.17992047713717693
0 0.2589385474860335 0.8156063618290258 0.05027932960893855 0.23359840954274355
0 0.04944134078212291 0.6006461232604374 0.0446927374301676 0.18141153081510936
0 0.012849162011173185 0.5864811133200796 0.02569832402234637 0.1988071570576541
0 0.09329608938547486 0.44831013916500995 0.04581005586592179 0.05765407554671968
0 0.05698324022346369 0.4423459244532803 0.04357541899441341 0.04572564612326044
0 0.026256983240223464 0.44980119284294234 0.04022346368715084 0.06063618290258449
0 0.5170391061452514 0.8563618290258449 0.025139664804469275 0.2355864811133201
0 0.1409217877094972 0.8156063618290258 0.05446927374301676 0.2634194831013916
0 0.06480446927374302 0.8031809145129225 0.061452513966480445 0.22365805168986083
0 0.3064245810055866 0.47813121272365805 0.04748603351955307 0.1172962226640159
0 0.5164804469273743 0.6267395626242545 0.026256983240223464 0.20377733598409542
0 0.5100558659217878 0.5357852882703777 0.03910614525139665 0.18687872763419483
0 0.4677374301675978 0.5422465208747514 0.046089385474860335 0.17395626242544732
0 0.4230446927374302 0.6404075546719682 0.04888268156424581 0.18141153081510936