0 0.5745833333333333 0.4140316205533597 0.05138888888888889 0.22727272727272727
0 0.5468055555555555 0.5363142292490118 0.05694444444444444 0.24950592885375494
0 0.9763888888888889 0.6393280632411067 0.04722222222222222 0.12055335968379446
0 0.8523611111111111 0.2225790513833992 0.05694444444444444 0.20503952569169961
0 0.8870833333333333 0.19540513833992096 0.043055555555555555 0.2099802371541502
0 0.8819444444444444 0.06225296442687747 0.05277777777777778 0.12450592885375494
0 0.8597222222222223 0.046442687747035576 0.03611111111111111 0.09288537549407115
0 0.8258333333333333 0.05138339920948617 0.04055555555555555 0.10276679841897234
0 0.9370833333333334 0.11388339920948616 0.0375 0.10622529644268774
0 0.7383333333333333 0.054841897233201584 0.05444444444444444 0.10968379446640317
0 0.3358333333333333 0.13932806324110672 0.03166666666666667 0.17786561264822134
0 0.36 0.13488142292490118 0.041666666666666664 0.19268774703557312
0 0.39055555555555554 0.1966403162055336 0.03333333333333333 0.18280632411067194
0 0.4197222222222222 0.19540513833992096 0.04722222222222222 0.20009881422924902
0 0.39055555555555554 0.11017786561264822 0.027777777777777776 0.10869565217391304
0 0.38805555555555554 0.025197628458498024 0.030555555555555555 0.05039525691699605
0 0.41638888888888886 0.02766798418972332 0.04055555555555555 0.05533596837944664
0 0.43 0.06719367588932806 0.043333333333333335 0.13438735177865613
0 0.7329166666666667 0.20405138339920947 0.059722222222222225 0.2075098814229249
0 0.7447222222222222 0.6408102766798419 0.075 0.11758893280632411
0 0.3475 0.39179841897233203 0.044444444444444446 0.24703557312252963
0 0.33166666666666667 0.36561264822134387 0.023333333333333334 0.22924901185770752
0 0.8988888888888888 0.5461956521739131 0.05277777777777778 0.24456521739130435
0 0.075 0.7712450592885376 0.042222222222222223 0.1432806324110672
0 0.5638888888888889 0.7855731225296443 0.056666666666666664 0.17193675889328064
0 0.5986111111111111 0.7732213438735178 0.042777777777777776 0.14723320158102768
0 0.8152777777777778 0.7682806324110671 0.04833333333333333 0.1373517786561265
0 0.4222222222222222 0.7658102766798419 0.04888888888888889 0.1324110671936759
0 0.9758333333333333 0.9194664031620553 0.04722222222222222 0.16106719367588934