0 0.11692650334075724 0.3005952380952381 0.23329621380846324 0.3229166666666667
0 0.19042316258351893 0.2537202380952381 0.20657015590200445 0.15327380952380953
0 0.5111358574610245 0.25967261904761907 0.08240534521158129 0.23363095238095238
0 0.9114699331848553 0.3072916666666667 0.13474387527839643 0.34375
0 0.5985857461024499 0.24636904761904763 0.09306236080178173 0.2775297619047619
0 0.9738307349665924 0.3087797619047619 0.052338530066815145 0.34077380952380953
0 0.678173719376392 0.6629464285714286 0.20489977728285078 0.36755952380952384
0 0.7728285077951003 0.6636904761904762 0.22271714922049 0.36904761904761907
0 0.9053452115812918 0.6748511904761905 0.133630289532294 0.3913690476190476
0 0.544543429844098 0.6971726190476191 0.1492204899777283 0.43601190476190477
0 0.967706013363029 0.6941964285714286 0.0645879732739421 0.43005952380952384
0 0.5005567928730512 0.7358630952380952 0.061247216035634745 0.5104166666666666