0 0.5795580110497237 0.10609037328094302 0.05082872928176796 0.21218074656188604
0 0.5520718232044199 0.22077603143418467 0.05662983425414365 0.2480353634577603
0 0.9779005524861878 0.3565815324165029 0.04419889502762431 0.18664047151277013
0 0.9022099447513812 0.2305992141453831 0.052486187845303865 0.2431237721021611
0 0.8284530386740332 0.40471512770137524 0.06464088397790055 0.09037328094302555
0 0.6287292817679558 0.42779960707269155 0.07734806629834254 0.04420432220039293
0 0.7475138121546961 0.3467583497053045 0.06629834254143646 0.206286836935167
0 0.09903314917127072 0.8720530451866405 0.05386740331491713 0.22838899803536344
0 0.022099447513812154 0.7244597249508841 0.04419889502762431 0.24263261296660119
0 0.3814917127071823 0.5908644400785854 0.04696132596685083 0.2357563850687623
0 0.9522099447513812 0.5653241650294696 0.05580110497237569 0.23084479371316308