0 0.6987847222222222 0.8279320987654321 0.05497685185185185 0.22890946502057613
0 0.7277199074074074 0.7083333333333334 0.052083333333333336 0.2417695473251029
0 0.7907986111111112 0.2654320987654321 0.05381944444444445 0.0720164609053498
0 0.9577546296296297 0.37911522633744854 0.043402777777777776 0.19547325102880658
0 0.9817708333333334 0.37088477366255146 0.036458333333333336 0.19032921810699588
0 0.9129050925925926 0.24228395061728394 0.03761574074074074 0.0257201646090535
0 0.9427083333333334 0.23868312757201646 0.04513888888888889 0.018518518518518517
0 0.9774305555555556 0.2463991769547325 0.04513888888888889 0.033950617283950615
0 0.6634837962962963 0.25771604938271603 0.050347222222222224 0.056584362139917695
0 0.8977141203703703 0.46399176954732513 0.05063657407407408 0.22633744855967078
0 0.9464699074074074 0.9531893004115226 0.07233796296296297 0.09362139917695474
0 0.9250578703703703 0.8760288065843621 0.061921296296296294 0.24794238683127573
0 0.6517650462962963 0.35210905349794236 0.04774305555555555 0.16203703703703703
0 0.5837673611111112 0.31352880658436216 0.04195601851851852 0.16718106995884774
0 0.5353009259259259 0.3726851851851852 0.046296296296296294 0.20318930041152264
0 0.5295138888888888 0.2808641975308642 0.04050925925925926 0.102880658436214
0 0.4955150462962963 0.3559670781893004 0.0390625 0.1800411522633745
0 0.4771412037037037 0.3168724279835391 0.03761574074074074 0.1748971193415638
0 0.49985532407407407 0.6067386831275721 0.04195601851851852 0.22890946502057613
0 0.46064814814814814 0.617798353909465 0.041666666666666664 0.2006172839506173
0 0.4470486111111111 0.5627572016460906 0.014467592592592593 0.21810699588477367
0 0.4586226851851852 0.4675925925925926 0.03761574074074074 0.147119341563786
0 0.9904513888888888 0.9104938271604939 0.019097222222222224 0.17901234567901234
0 0.8051215277777778 0.39197530864197533 0.053530092592592594 0.19032921810699588