0 0.5803571428571429 0.5414937759336099 0.03409090909090909 0.1524896265560166
0 0.5446428571428571 0.4896265560165975 0.032467532467532464 0.1607883817427386
0 0.7532467532467533 0.5871369294605809 0.02922077922077922 0.06224066390041494
0 0.7922077922077922 0.5663900414937759 0.030844155844155844 0.1037344398340249
0 0.8587662337662337 0.5695020746887967 0.027597402597402596 0.0975103734439834
0 0.8685064935064936 0.40145228215767637 0.021103896103896104 0.13796680497925312
0 0.872564935064935 0.2676348547717842 0.025974025974025976 0.10580912863070539
0 0.4642857142857143 0.4460580912863071 0.01948051948051948 0.12863070539419086
0 0.43262987012987014 0.49377593360995853 0.021915584415584416 0.13174273858921162
0 0.4172077922077922 0.5228215767634855 0.025162337662337664 0.13174273858921162
0 0.37662337662337664 0.5819502074688797 0.016233766233766232 0.07261410788381743
0 0.4099025974025974 0.5518672199170125 0.027597402597402596 0.13174273858921162
0 0.4724025974025974 0.39522821576763484 0.017857142857142856 0.09232365145228216