0 0.20454545454545456 0.5803191489361702 0.056818181818181816 0.14361702127659576
0 0.1499700956937799 0.6694148936170212 0.049342105263157895 0.2579787234042553
0 0.14683014354066987 0.5452127659574468 0.049641148325358854 0.11170212765957446
0 0.20828349282296652 0.7452127659574468 0.05233253588516747 0.21808510638297873
0 0.4309210526315789 0.5468085106382978 0.037679425837320576 0.1148936170212766
0 0.041566985645933016 0.6747340425531915 0.04784688995215311 0.19414893617021275
0 0.08791866028708134 0.6601063829787234 0.041866028708133975 0.2127659574468085
0 0.03349282296650718 0.5095744680851064 0.04665071770334928 0.04042553191489362
0 0.06608851674641149 0.5175531914893617 0.04366028708133971 0.05638297872340425
0 0.33433014354066987 0.5558510638297872 0.03588516746411483 0.13297872340425532
0 0.37799043062200954 0.5441489361702128 0.04784688995215311 0.10957446808510639
0 0.3839712918660287 0.652127659574468 0.04784688995215311 0.17553191489361702
0 0.3652811004784689 0.7930851063829787 0.0583133971291866 0.18085106382978725
0 0.3477870813397129 0.9164893617021277 0.05083732057416268 0.16702127659574467
0 0.020035885167464115 0.8643617021276596 0.04007177033492823 0.2393617021276596
0 0.12888755980861244 0.8962765957446809 0.05203349282296651 0.2074468085106383
0 0.44228468899521534 0.5851063829787234 0.04485645933014354 0.19148936170212766
0 0.5177930622009569 0.7265957446808511 0.05532296650717703 0.22872340425531915
0 0.6235047846889952 0.7901595744680852 0.056818181818181816 0.23670212765957446
0 0.6534090909090909 0.6664893617021277 0.05382775119617225 0.25
0 0.9805622009569378 0.524468085106383 0.038875598086124404 0.07021276595744681
0 0.8773923444976076 0.5111702127659574 0.04784688995215311 0.043617021276595745
0 0.7797547846889952 0.6664893617021277 0.0583133971291866 0.28191489361702127
0 0.861244019138756 0.6531914893617021 0.06578947368421052 0.2393617021276596
0 0.962171052631579 0.7143617021276596 0.06429425837320574 0.24468085106382978