0 0.5476775956284153 0.36310679611650487 0.050546448087431695 0.22330097087378642
0 0.5202185792349727 0.43980582524271844 0.05573770491803279 0.15922330097087378
0 0.8209016393442623 0.175 0.056010928961748634 0.20145631067961164
0 0.8550546448087432 0.1483009708737864 0.04234972677595628 0.20631067961165048
0 0.85 0.03932038834951456 0.05191256830601093 0.07864077669902912
0 0.9042349726775957 0.06820388349514563 0.036885245901639344 0.10436893203883495
0 0.8663934426229508 0.44611650485436893 0.05191256830601093 0.14660194174757282
0 0.9907103825136612 0.0383495145631068 0.018579234972677595 0.0766990291262136
0 0.3188524590163934 0.36893203883495146 0.03770491803278689 0.23495145631067962
0 0.3046448087431694 0.3422330097087379 0.009289617486338797 0.24563106796116504
0 0.3823770491803279 0.17985436893203882 0.04234972677595628 0.20145631067961164
0 0.3495901639344262 0.17378640776699028 0.03961748633879782 0.18932038834951456
0 0.3516393442622951 0.0912621359223301 0.030054644808743168 0.10679611650485436
0 0.3215846994535519 0.11553398058252427 0.03278688524590164 0.18932038834951456
0 0.38224043715846995 0.058737864077669906 0.0453551912568306 0.11747572815533981
0 0.7737704918032787 0.048058252427184464 0.04371584699453552 0.09611650485436893
0 0.8084699453551912 0.048058252427184464 0.03989071038251366 0.09611650485436893
0 0.6815573770491803 0.13616504854368933 0.04781420765027322 0.20145631067961164
0 0.7087431693989071 0.06990291262135923 0.048087431693989074 0.13980582524271845
0 0.24453551912568305 0.9597087378640776 0.06393442622950819 0.08058252427184466
0 0.11489071038251367 0.7033980582524272 0.050546448087431695 0.19902912621359223
0 0.2023224043715847 0.6827669902912621 0.056010928961748634 0.20145631067961164
0 0.23647540983606558 0.6560679611650485 0.04234972677595628 0.20631067961165048
0 0.2314207650273224 0.5529126213592233 0.05191256830601093 0.06699029126213592
0 0.20956284153005464 0.5373786407766991 0.03551912568306011 0.035922330097087375
0 0.1762295081967213 0.5422330097087379 0.03989071038251366 0.04563106796116505
0 0.2836065573770492 0.5757281553398058 0.03278688524590164 0.10485436893203884