0 0.0265625 0.3244920993227991 0.0271875 0.0682844243792325
0 0.0434375 0.3194130925507901 0.0240625 0.055869074492099324
0 0.00875 0.3177200902934537 0.0175 0.04232505643340858
0 0.77625 0.1901805869074492 0.1403125 0.16252821670428894
0 0.1203125 0.6139954853273137 0.090625 0.40857787810383744
0 0.215 0.7804740406320542 0.09875 0.43905191873589167
0 0.1925 0.5129796839729119 0.07 0.20654627539503387
0 0.3878125 0.7691873589164786 0.024375 0.4616252821670429
0 0.4678125 0.6585778781038375 0.1353125 0.32054176072234764
0 0.553125 0.6760722347629797 0.0621875 0.09650112866817155
0 0.751875 0.6805869074492099 0.15 0.15406320541760724
0 0.745625 0.662528216704289 0.025625 0.07562076749435666
0 0.923125 0.6196388261851016 0.14625 0.3690744920993228
0 0.8934375 0.8628668171557562 0.2084375 0.12697516930022573