0 0.16096579476861167 0.21450151057401812 0.030181086519114688 0.05740181268882175
0 0.18259557344064387 0.17371601208459214 0.023138832997987926 0.04229607250755287
0 0.14336016096579476 0.16993957703927492 0.023138832997987926 0.0377643504531722
0 0.0920523138832998 0.19788519637462235 0.035211267605633804 0.03625377643504532
0 0.7147887323943662 0.20921450151057402 0.09758551307847083 0.23187311178247735
0 0.08350100603621731 0.9131419939577039 0.13883299798792756 0.17371601208459214
0 0.18158953722334004 0.7824773413897281 0.08350100603621731 0.21450151057401812
0 0.08953722334004025 0.7870090634441088 0.11468812877263582 0.2326283987915408
0 0.24798792756539234 0.8066465256797583 0.0875251509054326 0.21148036253776434
0 0.1720321931589537 0.9358006042296072 0.12072434607645875 0.1283987915407855
0 0.28269617706237427 0.9244712990936556 0.11670020120724346 0.1510574018126888
0 0.33400402414486924 0.8444108761329305 0.0925553319919517 0.311178247734139
0 0.432092555331992 0.7847432024169184 0.035211267605633804 0.243202416918429
0 0.3777665995975855 0.8217522658610272 0.06338028169014084 0.31419939577039274
0 0.22686116700201206 0.9033232628398792 0.07746478873239436 0.1933534743202417
0 0.7917505030181087 0.7182779456193353 0.014587525150905433 0.02416918429003021