0 0.7005649717514124 0.07042253521126761 0.1135593220338983 0.04678068410462777
0 0.5822033898305085 0.0880281690140845 0.16412429378531074 0.11569416498993963
0 0.14463276836158193 0.3717303822937626 0.03305084745762712 0.21680080482897385
0 0.4604519774011299 0.4084507042253521 0.03474576271186441 0.32494969818913483
0 0.7435028248587571 0.8938631790744467 0.05536723163841808 0.21227364185110664
0 0.6137005649717514 0.42479879275653926 0.05790960451977401 0.20875251509054327
0 0.6490112994350282 0.3971327967806841 0.043785310734463276 0.2137826961770624
0 0.6437853107344633 0.25201207243460766 0.05367231638418079 0.14587525150905434
0 0.6998587570621468 0.31413480885311873 0.038135593220338986 0.10814889336016097
0 0.6610169491525424 0.7542756539235412 0.05367231638418079 0.24899396378269617
0 0.8693502824858758 0.392102615694165 0.04943502824858757 0.20372233400402415
0 0.8008474576271186 0.25100603621730383 0.0423728813559322 0.14386317907444668
0 0.846045197740113 0.2776659959758551 0.03954802259887006 0.18611670020120724
0 0.8338983050847457 0.2459758551307847 0.02937853107344633 0.13380281690140844
0 0.9103107344632768 0.2789235412474849 0.038135593220338986 0.1836016096579477
0 0.9398305084745763 0.2595573440643863 0.03220338983050847 0.16096579476861167
0 0.9093220338983051 0.2193158953722334 0.03672316384180791 0.08048289738430583
0 0.8629943502824858 0.23189134808853118 0.03672316384180791 0.1056338028169014
0 0.5649717514124294 0.261317907444668 0.04519774011299435 0.16348088531187122
0 0.6008474576271187 0.26106639839034207 0.04124293785310734 0.16398390342052313
0 0.518361581920904 0.8838028169014085 0.03672316384180791 0.2323943661971831
0 0.5112994350282486 0.2837022132796781 0.022598870056497175 0.20925553319919518
0 0.603954802259887 0.9280684104627767 0.07231638418079096 0.14386317907444668