0 0.985969387755102 0.038629737609329445 0.017857142857142856 0.07725947521865889
0 0.7715136054421768 0.07236151603498542 0.026020408163265327 0.08058309037900875
0 0.2193877551020408 0.7645772594752187 0.0429421768707483 0.07798833819241982
0 0.4655612244897959 0.8104956268221575 0.13435374149659865 0.24708454810495628
0 0.5276360544217688 0.8206997084548106 0.08375850340136054 0.1814868804664723
0 0.8754251700680272 0.880466472303207 0.13010204081632654 0.239067055393586
0 0.9409013605442177 0.7922740524781341 0.11819727891156463 0.41545189504373176
0 0.6938775510204082 0.8797376093294461 0.1054421768707483 0.24052478134110788
0 0.7912414965986394 0.892128279883382 0.12329931972789115 0.21574344023323616
0 0.7385204081632653 0.7295918367346939 0.10459183673469388 0.31341107871720114
0 0.8371598639455783 0.706997084548105 0.1096938775510204 0.34110787172011664
0 0.6641156462585034 0.7230320699708455 0.06972789115646258 0.32653061224489793