0 0.8346560846560847 0.19656308851224105 0.05026455026455026 0.20951035781544255
0 0.807936507936508 0.09887005649717515 0.047619047619047616 0.1977401129943503
0 0.6082010582010582 0.3790018832391714 0.06613756613756613 0.22128060263653485
0 0.6276455026455027 0.253060263653484 0.056878306878306875 0.2518832391713748
0 0.5682539682539682 0.3032015065913371 0.016931216931216932 0.22598870056497175
0 0.43703703703703706 0.9392655367231638 0.047619047619047616 0.12146892655367232
0 0.37962962962962965 0.553201506591337 0.049206349206349205 0.1271186440677966
0 0.38095238095238093 0.5155367231638418 0.05185185185185185 0.051789077212806026
0 0.09470899470899471 0.7019774011299436 0.05026455026455026 0.1271186440677966
0 0.22698412698412698 0.6878531073446328 0.03968253968253968 0.17890772128060264
0 0.19788359788359788 0.6807909604519774 0.047619047619047616 0.17419962335216574
0 0.16216931216931216 0.6619585687382298 0.047619047619047616 0.17419962335216574
0 0.267989417989418 0.532015065913371 0.03439153439153439 0.0847457627118644
0 0.24074074074074073 0.5287193973634652 0.04126984126984127 0.07815442561205273
0 0.20582010582010582 0.5357815442561206 0.047619047619047616 0.09227871939736347
0 0.49603174603174605 0.5461393596986818 0.046031746031746035 0.11299435028248588
0 0.2818783068783069 0.7655367231638418 0.046296296296296294 0.2071563088512241
0 0.14497354497354498 0.7737758945386064 0.05026455026455026 0.2236346516007533
0 0.13703703703703704 0.8396892655367232 0.0582010582010582 0.2236346516007533
0 0.5067460317460317 0.663135593220339 0.04365079365079365 0.1483050847457627
0 0.5547619047619048 0.6275894538606404 0.010052910052910053 0.1534839924670433
0 0.36653439153439155 0.699623352165725 0.04894179894179894 0.17419962335216574