0 0.6359499431171786 0.16295546558704455 0.034129692832764506 0.04807692307692308
0 0.4735494880546075 0.13562753036437247 0.038680318543799774 0.028846153846153848
0 0.8319112627986348 0.1082995951417004 0.030147895335608646 0.023785425101214574
0 0.4260523321956769 0.5035425101214575 0.015927189988623434 0.046052631578947366
0 0.3939135381114903 0.667004048582996 0.017918088737201365 0.06882591093117409
0 0.4843572241183163 0.72165991902834 0.019055745164960183 0.07894736842105263
0 0.6453356086461889 0.6336032388663968 0.03498293515358362 0.07034412955465587
0 0.10949943117178612 0.6649797570850202 0.03213879408418657 0.04908906882591093
0 0.08503981797497157 0.6867408906882592 0.034129692832764506 0.06275303643724696
0 0.3623435722411832 0.42813765182186236 0.004835039817974972 0.03896761133603239
0 0.4473833902161547 0.3228744939271255 0.006257110352673493 0.04200404858299595
0 0.4630261660978385 0.3233805668016194 0.007963594994311717 0.040991902834008095
0 0.4536405005688282 0.3183198380566802 0.009101251422070534 0.03795546558704453
0 0.3464163822525597 0.30364372469635625 0.006825938566552901 0.02834008097165992
0 0.3575085324232082 0.3097165991902834 0.006541524459613196 0.035931174089068825
0 0.36035267349260525 0.305668016194332 0.005119453924914676 0.032388663967611336
0 0.504835039817975 0.4893724696356275 0.012229806598407281 0.025809716599190284
0 0.005119453924914676 0.5880566801619433 0.010238907849829351 0.03289473684210526
0 0.29835039817974973 0.4665991902834008 0.007963594994311717 0.03795546558704453
0 0.6962457337883959 0.3851214574898785 0.03299203640500569 0.13663967611336034
0 0.8279294653014789 0.3775303643724696 0.042662116040955635 0.17611336032388664
0 0.7969283276450512 0.3724696356275304 0.051194539249146756 0.1659919028340081
0 0.7582480091012515 0.3623481781376518 0.051194539249146756 0.145748987854251
0 0.7542662116040956 0.5217611336032388 0.0540386803185438 0.21761133603238866
0 0.736490329920364 0.45723684210526316 0.04692832764505119 0.17965587044534412
0 0.7087599544937428 0.8304655870445344 0.0540386803185438 0.25809716599190285
0 0.7790102389078498 0.9175101214574899 0.06427758816837315 0.16497975708502025
0 0.9675767918088737 0.4104251012145749 0.0540386803185438 0.18724696356275303
0 0.8872298065984073 0.4534412955465587 0.04977246871444824 0.22267206477732793
0 0.8393060295790671 0.944331983805668 0.07110352673492605 0.11133603238866396
0 0.8600682593856656 0.868421052631579 0.06143344709897611 0.2631578947368421