0 0.16477272727272727 0.34308510638297873 0.32954545454545453 0.6734042553191489
0 0.9805622009569378 0.05585106382978723 0.038875598086124404 0.11170212765957446
0 0.9820574162679426 0.023936170212765957 0.03588516746411483 0.047872340425531915
0 0.7528409090909091 0.3449468085106383 0.06130382775119617 0.22074468085106383
0 0.7154605263157895 0.3156914893617021 0.046351674641148324 0.22606382978723405
0 0.7206937799043063 0.149468085106383 0.056818181818181816 0.18085106382978725
0 0.6616327751196173 0.22792553191489362 0.04037081339712919 0.11436170212765957
0 0.7024521531100478 0.6207446808510638 0.056818181818181816 0.11808510638297873
0 0.48220693779904306 0.3103723404255319 0.05233253588516747 0.2154255319148936
0 0.5547248803827751 0.1428191489361702 0.04485645933014354 0.18882978723404256
0 0.506877990430622 0.18936170212765957 0.041866028708133975 0.19680851063829788
0 0.5195873205741627 0.13882978723404255 0.031399521531100476 0.17553191489361702
0 0.4388456937799043 0.19069148936170213 0.04037081339712919 0.19414893617021275
0 0.4074461722488038 0.1574468085106383 0.03438995215311005 0.19680851063829788
0 0.4395933014354067 0.09361702127659574 0.038875598086124404 0.15425531914893617
0 0.4889354066985646 0.10957446808510639 0.038875598086124404 0.17553191489361702
0 0.5373803827751196 0.03723404255319149 0.04366028708133971 0.07446808510638298
0 0.5050837320574163 0.017553191489361703 0.038875598086124404 0.035106382978723406
0 0.4677033492822967 0.02553191489361702 0.04784688995215311 0.05106382978723404
0 0.8044258373205742 0.17207446808510637 0.04784688995215311 0.17287234042553193
0 0.7662978468899522 0.16276595744680852 0.04336124401913875 0.19148936170212766
0 0.8754485645933014 0.1920212765957447 0.05233253588516747 0.22872340425531915
0 0.5768540669856459 0.02553191489361702 0.03289473684210526 0.05106382978723404
0 0.33223684210526316 0.5478723404255319 0.005382775119617225 0.2553191489361702
0 0.9300239234449761 0.28377659574468084 0.05083732057416268 0.22074468085106383
0 0.86872009569378 0.8569148936170212 0.2625598086124402 0.28617021276595744
0 0.583732057416268 0.8526595744680852 0.3229665071770335 0.28085106382978725
0 0.3974282296650718 0.8345744680851064 0.13576555023923445 0.1925531914893617