0 0.6406417112299465 0.18108365019011408 0.11657754010695187 0.33365019011406843
0 0.18342245989304812 0.717680608365019 0.006149732620320855 0.06273764258555133
0 0.1676470588235294 0.7157794676806084 0.008021390374331552 0.06273764258555133
0 0.15828877005347594 0.7167300380228137 0.0066844919786096255 0.060836501901140684
0 0.146524064171123 0.717680608365019 0.0066844919786096255 0.058935361216730035
0 0.08315508021390375 0.6663498098859315 0.012834224598930482 0.01806083650190114
0 0.3165775401069519 0.623574144486692 0.033155080213903745 0.21863117870722434
0 0.6989304812834225 0.8911596958174905 0.052406417112299465 0.217680608365019
0 0.5759358288770053 0.47861216730038025 0.05454545454545454 0.1188212927756654
0 0.6093582887700535 0.4667300380228137 0.041176470588235294 0.09505703422053231
0 0.620855614973262 0.750712927756654 0.05080213903743316 0.2352661596958175
0 0.8179144385026738 0.4619771863117871 0.046524064171122995 0.08555133079847908
0 0.5494652406417112 0.9377376425855514 0.06256684491978609 0.12452471482889733
0 0.45240641711229945 0.9814638783269962 0.0748663101604278 0.0370722433460076
0 0.35614973262032085 0.9600760456273765 0.0748663101604278 0.07984790874524715
0 0.4711229946524064 0.8816539923954373 0.06417112299465241 0.23669201520912547
0 0.439572192513369 0.45960076045627374 0.047058823529411764 0.08079847908745247
0 0.9724598930481283 0.6211977186311787 0.045454545454545456 0.22813688212927757