0 0.39877717391304346 0.6170212765957447 0.050271739130434784 0.22243713733075435
0 0.42595108695652173 0.7367021276595744 0.05570652173913043 0.2441972920696325
0 0.014130434782608696 0.8892649903288201 0.02826086956521739 0.22147001934235977
0 0.12690217391304348 0.5096711798839458 0.05597826086956522 0.04061895551257253
0 0.08152173913043478 0.7463733075435203 0.051630434782608696 0.2393617021276596
0 0.6133152173913043 0.6228239845261122 0.0125 0.23404255319148937
0 0.5630434782608695 0.5120889748549323 0.042391304347826085 0.045454545454545456
0 0.15407608695652175 0.9366537717601547 0.06358695652173912 0.12669245647969052
0 0.25271739130434784 0.9811411992263056 0.07608695652173914 0.037717601547388784
0 0.35054347826086957 0.9593810444874274 0.07608695652173914 0.08123791102514506
0 0.23369565217391305 0.8795938104448743 0.06521739130434782 0.24081237911025144