0 0.655511811023622 0.5699300699300699 0.09317585301837271 0.05944055944055944
0 0.5533989501312336 0.19094405594405595 0.06543307086614175 0.2674125874125874
0 0.13451443569553806 0.7998251748251748 0.2690288713910761 0.40034965034965037
0 0.8261154855643045 0.9388111888111889 0.14041994750656167 0.12237762237762238
0 0.4448818897637795 0.9536713286713286 0.09448818897637795 0.09265734265734266
0 0.5288713910761155 0.9475524475524476 0.09973753280839895 0.1048951048951049
0 0.6141732283464567 0.9449300699300699 0.11023622047244094 0.11013986013986014
0 0.3543307086614173 0.9554195804195804 0.10761154855643044 0.08916083916083917
0 0.6876640419947506 0.9475524475524476 0.09973753280839895 0.1048951048951049
0 0.5780839895013123 0.8758741258741258 0.06955380577427822 0.1993006993006993
0 0.7335958005249343 0.8715034965034965 0.06824146981627296 0.19055944055944055
0 0.765748031496063 0.9466783216783217 0.08267716535433071 0.10664335664335664
0 0.38779527559055116 0.8758741258741258 0.07742782152230972 0.24125874125874125
0 0.4573490813648294 0.8697552447552448 0.09580052493438321 0.22552447552447552
0 0.968503937007874 0.8802447552447552 0.06299212598425197 0.2395104895104895
0 0.3241469816272966 0.8811188811188811 0.08661417322834646 0.2202797202797203
0 0.5216535433070866 0.8767482517482518 0.06167979002624672 0.17307692307692307
0 0.6830708661417323 0.8435314685314685 0.06692913385826772 0.18706293706293706
0 0.634514435695538 0.8601398601398601 0.06430446194225722 0.2097902097902098
0 0.791994750656168 0.8557692307692307 0.06430446194225722 0.18706293706293706
0 0.2847769028871391 0.8767482517482518 0.031496062992125984 0.16258741258741258
0 0.8517060367454068 0.8531468531468531 0.07086614173228346 0.20279720279720279
0 0.9120734908136483 0.8688811188811189 0.07349081364829396 0.1993006993006993