0 0.23229706390328153 0.25 0.18048359240069084 0.45153846153846156
0 0.45034542314335063 0.6946153846153846 0.08937823834196891 0.20153846153846153
0 0.5138169257340242 0.6676923076923077 0.06001727115716753 0.21769230769230768
0 0.6291018998272885 0.6276923076923077 0.05569948186528497 0.16153846153846155
0 0.4356649395509499 0.8461538461538461 0.1187392055267703 0.21461538461538462
0 0.531951640759931 0.8492307692307692 0.11312607944732297 0.24076923076923076
0 0.5569948186528497 0.7153846153846154 0.08765112262521589 0.1276923076923077
0 0.6485319516407599 0.7792307692307693 0.09196891191709844 0.24076923076923076
0 0.7383419689119171 0.7630769230769231 0.10189982728842832 0.23846153846153847
0 0.5768566493955095 0.6223076923076923 0.07124352331606218 0.15384615384615385
0 0.6860967184801382 0.6146153846153846 0.06692573402417962 0.15538461538461537