0 0.8691011235955056 0.655 0.060674157303370786 0.11
0 0.9162921348314607 0.1375 0.05337078651685393 0.135
0 0.9811797752808988 0.0945 0.037640449438202245 0.185
0 0.9783707865168539 0.2725 0.04325842696629213 0.215
0 0.9661516853932585 0.20875 0.046348314606741575 0.1775
0 0.7582865168539326 0.27 0.054775280898876406 0.205
0 0.7456460674157304 0.11875 0.04353932584269663 0.1775
0 0.7862359550561798 0.081 0.03539325842696629 0.162
0 0.6884831460674158 0.0775 0.047752808988764044 0.155
0 0.9387640449438203 0.5775 0.05337078651685393 0.255
0 0.7359550561797753 0.839 0.03314606741573034 0.089
0 0.7615168539325843 0.855 0.056741573033707866 0.1675