0 0.789010989010989 0.146484375 0.20604395604395603 0.20654296875
0 0.29285714285714287 0.9580078125 0.05934065934065934 0.083984375
0 0.33901098901098903 0.46435546875 0.0521978021978022 0.1318359375
0 0.47637362637362635 0.44970703125 0.04120879120879121 0.185546875
0 0.4461538461538462 0.4423828125 0.04945054945054945 0.1806640625
0 0.40906593406593406 0.4228515625 0.04945054945054945 0.1806640625
0 0.518956043956044 0.291015625 0.03571428571428571 0.08203125
0 0.49065934065934064 0.28759765625 0.04285714285714286 0.0751953125
0 0.4543956043956044 0.294921875 0.04945054945054945 0.08984375
0 0.184478021978022 0.59375 0.05357142857142857 0.2001953125
0 0.17211538461538461 0.446044921875 0.042582417582417584 0.17333984375
0 0.21195054945054945 0.3984375 0.034340659340659344 0.1806640625
0 0.11648351648351649 0.39111328125 0.046703296703296704 0.1806640625
0 0.18021978021978022 0.2763671875 0.03736263736263736 0.052734375
0 0.21263736263736263 0.28271484375 0.03296703296703297 0.0654296875
0 0.14917582417582417 0.28759765625 0.04120879120879121 0.0751953125
0 0.3607142857142857 0.884765625 0.0521978021978022 0.23046875
0 0.5333791208791209 0.5302734375 0.04807692307692308 0.21484375
0 0.5071428571428571 0.90185546875 0.05934065934065934 0.1962890625
0 0.3912087912087912 0.538818359375 0.0521978021978022 0.23193359375
0 0.382967032967033 0.607177734375 0.06043956043956044 0.23193359375
0 0.16936813186813188 0.4912109375 0.03983516483516483 0.166015625
0 0.4269230769230769 0.9345703125 0.054945054945054944 0.130859375
0 0.6027472527472527 0.46142578125 0.014285714285714285 0.1806640625