0 0.7775280898876404 0.2555 0.09410112359550561 0.194
0 0.9615168539325842 0.84375 0.05337078651685393 0.2225
0 0.9334269662921348 0.7275 0.05056179775280899 0.235
0 0.6207865168539326 0.5785 0.046067415730337076 0.097
0 0.5660112359550562 0.605 0.04887640449438202 0.15
0 0.575 0.8925 0.042134831460674156 0.215
0 0.7224719101123596 0.566 0.0449438202247191 0.072
0 0.6792134831460674 0.5635 0.03932584269662921 0.067
0 0.6419943820224719 0.81375 0.060393258426966294 0.2375
0 0.7311797752808988 0.75625 0.05898876404494382 0.2275
0 0.8007022471910112 0.6825 0.05196629213483146 0.25
0 0.5960674157303371 0.901 0.056179775280898875 0.198