0 0.10256410256410256 0.2828054298642534 0.20512820512820512 0.3936651583710407
0 0.2297008547008547 0.2398190045248869 0.4252136752136752 0.4796380090497738
0 0.38354700854700857 0.252262443438914 0.16880341880341881 0.45475113122171945
0 0.6805555555555556 0.2398190045248869 0.21153846153846154 0.4796380090497738
0 0.6378205128205128 0.22850678733031674 0.1517094017094017 0.45701357466063347
0 0.7649572649572649 0.10407239819004525 0.07692307692307693 0.19909502262443438
0 0.9476495726495726 0.2398190045248869 0.1047008547008547 0.4796380090497738
0 0.22756410256410256 0.7126696832579186 0.21153846153846154 0.4660633484162896
0 0.18482905982905984 0.670814479638009 0.1517094017094017 0.38235294117647056
0 0.31196581196581197 0.5441176470588235 0.07692307692307693 0.12895927601809956
0 0.8279914529914529 0.8201357466063348 0.344017094017094 0.3597285067873303
0 0.7339743589743589 0.7398190045248869 0.532051282051282 0.5203619909502263