0 0.255 0.20454545454545456 0.51 0.4090909090909091
0 0.5827777777777777 0.2692687747035573 0.14555555555555555 0.2791501976284585
0 0.6077777777777778 0.3107707509881423 0.1622222222222222 0.19614624505928854
0 0.8397222222222223 0.2149209486166008 0.11944444444444445 0.16106719367588934
0 0.9466666666666667 0.23517786561264822 0.10666666666666667 0.21047430830039526
0 0.07402777777777778 0.883399209486166 0.059722222222222225 0.22727272727272727
0 0.49583333333333335 0.7287549407114624 0.028333333333333332 0.22035573122529645
0 0.4802777777777778 0.6141304347826086 0.05 0.23221343873517786
0 0.1711111111111111 0.46195652173913043 0.04555555555555556 0.10573122529644269
0 0.11694444444444445 0.4881422924901186 0.04833333333333333 0.15810276679841898
0 0.12611111111111112 0.7845849802371542 0.041666666666666664 0.22727272727272727
0 0.27166666666666667 0.44960474308300397 0.044444444444444446 0.08102766798418973
0 0.2288888888888889 0.4471343873517787 0.03888888888888889 0.07608695652173914
0 0.36291666666666667 0.6141304347826086 0.05416666666666667 0.2618577075098814
0 0.005277777777777778 0.6610671936758893 0.010555555555555556 0.22727272727272727
0 0.29833333333333334 0.5770750988142292 0.05 0.22233201581027667
0 0.19069444444444444 0.6215415019762845 0.04861111111111111 0.22233201581027667