0 0.5082446808510638 0.305765595463138 0.1377659574468085 0.23487712665406427
0 0.6164893617021276 0.2882797731568998 0.13537234042553192 0.20652173913043478
0 0.7098404255319148 0.29158790170132326 0.09601063829787235 0.17344045368620037
0 0.9132978723404256 0.3397920604914934 0.12659574468085105 0.29300567107750475
0 0.7970744680851064 0.30812854442344045 0.12287234042553191 0.21644612476370512
0 0.30531914893617024 0.7164461247637051 0.05319148936170213 0.21361058601134217
0 0.3819148936170213 0.8355387523629489 0.036170212765957444 0.21739130434782608
0 0.013563829787234043 0.6493383742911153 0.027127659574468086 0.07939508506616257
0 0.02898936170212766 0.9636105860113422 0.05797872340425532 0.07277882797731569
0 0.2678191489361702 0.8879962192816635 0.05585106382978723 0.22400756143667297
0 0.16781914893617023 0.9210775047258979 0.07287234042553191 0.15784499054820417
0 0.1696808510638298 0.7882797731568998 0.06382978723404255 0.23629489603024575
0 0.6978723404255319 0.9853497164461248 0.01702127659574468 0.02930056710775047
0 0.711968085106383 0.9896030245746692 0.019680851063829788 0.020793950850661626
0 0.986436170212766 0.9929111531190926 0.017553191489361703 0.014177693761814745