0 0.21694915254237288 0.22885196374622357 0.2559322033898305 0.4569486404833837
0 0.48955084745762706 0.2880211480362537 0.07627118644067797 0.4743202416918429
0 0.964686440677966 0.2688821752265861 0.061584745762711925 0.4360574018126889
0 0.6211864406779661 0.26182779456193356 0.06497457627118641 0.43403323262839877
0 0.629093220338983 0.2326283987915408 0.07853389830508471 0.4118882175226587
0 0.9596016949152542 0.24370090634441088 0.07514406779661023 0.41188821752265864
0 0.2080508474576271 0.5641993957703928 0.044915254237288135 0.04984894259818731
0 0.25254237288135595 0.5785498489425982 0.04745762711864407 0.07854984894259819
0 0.2889830508474576 0.5981873111782477 0.04576271186440678 0.11782477341389729
0 0.3292372881355932 0.5989425981873112 0.044915254237288135 0.11933534743202417
0 0.3614406779661017 0.6200906344410876 0.051694915254237285 0.16163141993957703
0 0.8266949152542373 0.8421450151057401 0.10254237288135593 0.3157099697885196
0 0.6745762711864407 0.8277945619335347 0.08813559322033898 0.34441087613293053
0 0.5991525423728814 0.8111782477341389 0.0923728813559322 0.3776435045317221