0 0.8327868852459016 0.10436893203883495 0.05191256830601093 0.13106796116504854
0 0.8826502732240438 0.18567961165048544 0.045081967213114756 0.2354368932038835
0 0.8852459016393442 0.06165048543689321 0.04480874316939891 0.12330097087378641
0 0.6775956284153005 0.030097087378640777 0.03715846994535519 0.06019417475728155
0 0.8293715846994536 0.25485436893203883 0.04781420765027322 0.19902912621359223
0 0.6256830601092896 0.06310679611650485 0.033879781420765025 0.1262135922330097
0 0.6572404371584699 0.1262135922330097 0.036885245901639344 0.17475728155339806
0 0.6852459016393443 0.19902912621359223 0.040983606557377046 0.18446601941747573
0 0.9797814207650273 0.19029126213592232 0.040437158469945354 0.1766990291262136
0 0.9393442622950819 0.17718446601941748 0.03825136612021858 0.1941747572815534
0 0.983879781420765 0.02912621359223301 0.03224043715846994 0.05825242718446602
0 0.9590163934426229 0.03640776699029126 0.03934426229508197 0.07281553398058252
0 0.7062841530054644 0.032524271844660196 0.0366120218579235 0.06504854368932039
0 0.6926229508196722 0.3533980582524272 0.053005464480874315 0.17281553398058253
0 0.907103825136612 0.020388349514563107 0.04262295081967213 0.040776699029126215
0 0.9833333333333333 0.3592233009708738 0.03333333333333333 0.16116504854368932
0 0.9043715846994536 0.3859223300970874 0.05901639344262295 0.10776699029126213
0 0.5657103825136612 0.20145631067961164 0.04781420765027322 0.1941747572815534
0 0.5800546448087431 0.1262135922330097 0.04918032786885246 0.16990291262135923
0 0.19972677595628416 0.8087378640776699 0.17540983606557378 0.3825242718446602
0 0.3628415300546448 0.8077669902912621 0.1431693989071038 0.3844660194174757
0 0.48415300546448087 0.7223300970873786 0.05136612021857923 0.19805825242718447
0 0.7841530054644809 0.7529126213592233 0.21721311475409835 0.4878640776699029