0 0.7932584269662921 0.18 0.16348314606741574 0.1705
0 0.5497191011235955 0.9365 0.05337078651685393 0.127
0 0.577808988764045 0.8685 0.05056179775280899 0.235
0 0.6390449438202247 0.4165 0.052247191011235955 0.113
0 0.6376404494382022 0.3765 0.0550561797752809 0.033
0 0.9415730337078652 0.5635 0.05337078651685393 0.135
0 0.682443820224719 0.6135 0.054775280898876406 0.2
0 0.7470505617977528 0.57725 0.054775280898876406 0.2175
0 0.801123595505618 0.5485 0.042134831460674156 0.19
0 0.8320224719101124 0.541 0.05056179775280899 0.185
0 0.869943820224719 0.521 0.05056179775280899 0.185
0 0.8741573033707866 0.6985 0.05337078651685393 0.215
0 0.8917134831460675 0.63475 0.046348314606741575 0.1775
0 0.7575842696629214 0.394 0.03651685393258427 0.068
0 0.7865168539325843 0.3905 0.043820224719101124 0.061
0 0.8235955056179776 0.398 0.05056179775280899 0.076
0 0.5096910112359551 0.4735 0.046348314606741575 0.15
0 0.5154494382022472 0.409 0.04887640449438202 0.098
0 0.4556179775280899 0.4415 0.011235955056179775 0.163
0 0.7615168539325843 0.9705 0.06460674157303371 0.059
0 0.9188202247191011 0.938 0.05337078651685393 0.124