0 0.7026315789473684 0.17275280898876405 0.27210526315789474 0.1891385767790262
0 0.5397368421052632 0.37219101123595505 0.042105263157894736 0.11235955056179775
0 0.5378947368421053 0.3258426966292135 0.04105263157894737 0.09176029962546817
0 0.48118421052631577 0.8146067415730337 0.04868421052631579 0.2153558052434457
0 0.45473684210526316 0.9058988764044944 0.05368421052631579 0.18820224719101122
0 0.7443421052631579 0.6331928838951311 0.05394736842105263 0.19428838951310862
0 0.7772368421052631 0.6074438202247191 0.04078947368421053 0.1989700374531835
0 0.7726315789473684 0.46114232209737827 0.05 0.15917602996254682
0 0.8246052631578947 0.5301966292134831 0.035526315789473684 0.10065543071161048
0 0.6364473684210527 0.4342228464419476 0.05131578947368421 0.1849250936329588
0 0.6311842105263158 0.6156367041198502 0.056578947368421055 0.19662921348314608
0 0.7881578947368421 0.9119850187265918 0.05 0.1760299625468165
0 0.9797368421052631 0.6025280898876404 0.04052631578947368 0.1900749063670412
0 0.9186842105263158 0.45529026217228463 0.039473684210526314 0.16619850187265917
0 0.9607894736842105 0.49625468164794007 0.03684210526315789 0.17322097378277154
0 0.9496052631578947 0.4517790262172285 0.02763157894736842 0.1544943820224719
0 0.9765789473684211 0.42602996254681647 0.034210526315789476 0.1544943820224719
0 0.9338157894736843 0.3441011235955056 0.038157894736842106 0.10299625468164794
0 0.9623684210526315 0.3202247191011236 0.034210526315789476 0.08052434456928839
0 0.9871052631578947 0.32724719101123595 0.025789473684210525 0.0945692883895131
0 0.4413157894736842 0.323501872659176 0.02894736842105263 0.08707865168539326
0 0.43776315789473685 0.40262172284644193 0.035526315789473684 0.1451310861423221
0 0.6989473684210527 0.48103932584269665 0.042105263157894736 0.15215355805243447
0 0.7325 0.47284644194756553 0.038157894736842106 0.16853932584269662