0 0.5088622069754145 0.2749237029501526 0.06575185820468839 0.30976602238046796
0 0.5498856489422527 0.3021363173957274 0.07289879931389365 0.25534079348931843
0 0.5689193825042882 0.28327568667344866 0.051492281303602026 0.28789420142421157
0 0.6269296740994854 0.3031536113936928 0.08576329331046312 0.2533062054933876
0 0.6380789022298456 0.27695829094608343 0.05889079473985134 0.3056968463886063
0 0.6825328759291024 0.29374364191251273 0.06146369353916524 0.27212614445574773
0 0.7645797598627787 0.29196337741607326 0.09005145797598628 0.27568667344862663
0 0.14493996569468268 0.7515259409969481 0.17895940537449972 0.4969481180061038
0 0.6360777587192682 0.8072227873855544 0.03687821612349914 0.17878942014242116
0 0.8141795311606632 0.8222278738555443 0.039594053744997144 0.2072736520854527
0 0.8733562035448827 0.796795523906409 0.031446540880503145 0.16709053916581892
0 0.7688679245283019 0.8092573753814852 0.03273299028016009 0.18489318413021363
0 0.7216981132075472 0.789674465920651 0.020726129216695255 0.11266531027466938
0 0.7072612921669525 0.7624618514750763 0.012006861063464836 0.06510681586978637