0 0.22612197928653624 0.33452868852459017 0.45195627157652474 0.5886270491803278
0 0.5405638665132336 0.4672131147540984 0.10184119677790564 0.3155737704918033
0 0.29602991944764095 0.6890368852459017 0.05466052934407365 0.11987704918032786
0 0.439873417721519 0.6951844262295082 0.043153049482163405 0.13217213114754098
0 0.4085155350978136 0.6900614754098361 0.05178365937859609 0.12192622950819672
0 0.3693901035673188 0.6798155737704918 0.05178365937859609 0.1014344262295082
0 0.36536248561565016 0.8181352459016393 0.05466052934407365 0.22028688524590165
0 0.3473820483314154 0.7528176229508197 0.04746835443037975 0.18186475409836064
0 0.13449367088607594 0.8155737704918032 0.056098964326812426 0.21004098360655737
0 0.12140391254315305 0.6900614754098361 0.04487917146144994 0.12192622950819672
0 0.16311852704257768 0.6670081967213115 0.03624856156501726 0.07581967213114754
0 0.06300345224395858 0.663422131147541 0.048906789413118525 0.06864754098360656
0 0.48216340621403914 0.7489754098360656 0.014959723820483314 0.22540983606557377
0 0.9424626006904487 0.8575819672131147 0.11478711162255466 0.2848360655737705
0 0.7200805523590333 0.8790983606557377 0.0949367088607595 0.24180327868852458
0 0.571921749136939 0.882172131147541 0.09062140391254316 0.23565573770491804
0 0.6832566168009206 0.8724385245901639 0.06501726121979287 0.2551229508196721
0 0.7951668584579977 0.8739754098360656 0.07882623705408516 0.2515368852459016
0 0.8575949367088608 0.8657786885245902 0.08947065592635213 0.26844262295081966
0 0.6288837744533947 0.8924180327868853 0.056098964326812426 0.2151639344262295