0 0.7262470308788599 0.6839323467230444 0.09857482185273159 0.19133192389006343
0 0.8352137767220903 0.6236786469344608 0.019299287410926364 0.029069767441860465
0 0.9961401425178147 0.6331923890063424 0.007422802850356294 0.030126849894291756
0 0.5878859857482185 0.6094080338266384 0.022268408551068885 0.045454545454545456
0 0.5593824228028503 0.6088794926004228 0.02345605700712589 0.0459830866807611
0 0.5495843230403801 0.5930232558139535 0.012767220902612826 0.01638477801268499
0 0.5359263657957245 0.6120507399577167 0.016033254156769598 0.035940803382663845
0 0.5225653206650831 0.596723044397463 0.009204275534441805 0.0153276955602537
0 0.5190023752969121 0.6067653276955602 0.01811163895486936 0.03382663847780127
0 0.6101543942992874 0.6109936575052854 0.016923990498812352 0.02959830866807611
0 0.6327197149643705 0.6183932346723044 0.024049881235154395 0.034355179704016914
0 0.6555819477434679 0.6162790697674418 0.019596199524940617 0.03858350951374207
0 0.6736935866983373 0.614693446088795 0.019002375296912115 0.03805496828752643
0 0.6915083135391924 0.6141649048625792 0.015142517814726841 0.03224101479915433
0 0.7621733966745843 0.6109936575052854 0.010391923990498812 0.021141649048625793
0 0.9135985748218527 0.6247357293868921 0.014548693586698337 0.016913319238900635
0 0.9795130641330166 0.6268498942917548 0.012767220902612826 0.019027484143763214
0 0.9723871733966746 0.6199788583509513 0.008016627078384799 0.012156448202959831
0 0.8607482185273159 0.6194503171247357 0.011282660332541567 0.016913319238900635
0 0.8105700712589073 0.622093023255814 0.017814726840855107 0.028012684989429177
0 0.7871140142517815 0.61892177589852 0.019299287410926364 0.025898520084566595