0 0.09907834101382489 0.2463768115942029 0.19815668202764977 0.4927536231884058
0 0.31451612903225806 0.27294685990338163 0.49539170506912444 0.5120772946859904
0 0.5276497695852534 0.2644927536231884 0.16129032258064516 0.5289855072463768
0 0.20161290322580644 0.20169082125603865 0.1497695852534562 0.27294685990338163
0 0.826036866359447 0.36231884057971014 0.347926267281106 0.3333333333333333
0 0.6751152073732719 0.2644927536231884 0.1336405529953917 0.5289855072463768
0 0.7154377880184332 0.2644927536231884 0.21428571428571427 0.5289855072463768
0 0.8387096774193549 0.15338164251207728 0.3225806451612903 0.30676328502415456
0 0.934331797235023 0.2644927536231884 0.1313364055299539 0.5289855072463768
0 0.19009216589861752 0.7644927536231884 0.1728110599078341 0.47101449275362317
0 0.34101382488479265 0.7644927536231884 0.1382488479262673 0.47101449275362317
0 0.5023041474654378 0.8103864734299517 0.12903225806451613 0.37922705314009664
0 0.4470046082949309 0.7644927536231884 0.12903225806451613 0.47101449275362317
0 0.7453917050691244 0.8128019323671497 0.27419354838709675 0.3743961352657005
0 0.8433179723502304 0.7644927536231884 0.31336405529953915 0.47101449275362317