0 0.5483425414364641 0.16110019646365423 0.042265193370165745 0.0481335952848723
0 0.8977900552486188 0.05795677799607073 0.05082872928176796 0.11591355599214145
0 0.8966850828729281 0.018664047151277015 0.05414364640883978 0.03732809430255403
0 0.7447513812154696 0.03585461689587426 0.032044198895027624 0.07170923379174853
0 0.7908839779005525 0.13727897838899802 0.04696132596685083 0.18418467583497053
0 0.9831491712707182 0.14931237721021612 0.03370165745856354 0.17485265225933203
0 0.9765193370165746 0.05795677799607073 0.037016574585635356 0.11591355599214145
0 0.6179558011049724 0.21463654223968565 0.03591160220994475 0.10903732809430255
0 0.6743093922651934 0.03732809430255403 0.03149171270718232 0.07465618860510806
0 0.6616022099447514 0.07269155206286837 0.03149171270718232 0.14538310412573674
0 0.2795580110497238 0.5771119842829077 0.045303867403314914 0.2318271119842829
0 0.3138121546961326 0.449901768172888 0.02154696132596685 0.11493123772102161
0 0.8654696132596685 0.8172888015717092 0.269060773480663 0.3654223968565815