0 0.65 0.2099627560521415 0.31413612565445026 0.3165735567970205
0 0.8701570680628272 0.20204841713221602 0.25968586387434556 0.39432029795158285
0 0.18403141361256545 0.9543761638733705 0.049738219895287955 0.09124767225325885
0 0.15759162303664923 0.8975791433891993 0.04712041884816754 0.2048417132216015
0 0.10091623036649215 0.4716014897579143 0.04842931937172775 0.1303538175046555
0 0.10209424083769633 0.430633147113594 0.05130890052356021 0.06238361266294227
0 0.24607329842931938 0.44692737430167595 0.030366492146596858 0.09497206703910614
0 0.3031413612565445 0.45996275605214154 0.031413612565445025 0.12104283054003724
0 0.33848167539267016 0.46461824953445063 0.03926701570680628 0.1303538175046555
0 0.04712041884816754 0.8905959031657356 0.05130890052356021 0.21880819366852886
0 0.20235602094240837 0.5565642458100558 0.04450261780104712 0.17458100558659218
0 0.3507853403141361 0.6485102420856611 0.03769633507853403 0.16294227188081936
0 0.31164921465968587 0.7404562383612663 0.04581151832460733 0.16992551210428306
0 0.018455497382198954 0.5682029795158287 0.03534031413612566 0.16527001862197394
0 0.02630890052356021 0.4681098696461825 0.03534031413612566 0.1373370577281192
0 0.0049738219895287955 0.8691806331471136 0.009947643979057591 0.20949720670391062