0 0.15425531914893617 0.2898936170212766 0.30851063829787234 0.49822695035460995
0 0.46897163120567376 0.2695035460992908 0.5797872340425532 0.5390070921985816
0 0.8927304964539007 0.33599290780141844 0.18262411347517732 0.40602836879432624
0 0.9645390070921985 0.824468085106383 0.023936170212765957 0.35106382978723405
0 0.9157801418439716 0.8093971631205674 0.028368794326241134 0.38120567375886527
0 0.9281914893617021 0.8120567375886525 0.025709219858156027 0.3625886524822695
0 0.8652482269503546 0.7650709219858156 0.03368794326241135 0.35106382978723405
0 0.8014184397163121 0.7429078014184397 0.028368794326241134 0.40425531914893614
0 0.7783687943262412 0.7092198581560284 0.02925531914893617 0.3404255319148936
0 0.9840425531914894 0.851063829787234 0.028368794326241134 0.2978723404255319
0 0.9858156028368794 0.6037234042553191 0.01773049645390071 0.12943262411347517