0 0.4739583333333333 0.097265625 0.0421875 0.028515625
0 0.20026041666666666 0.1859375 0.08046875 0.133984375
0 0.7770833333333333 0.2046875 0.2708333333333333 0.409375
0 0.9416666666666667 0.208203125 0.11666666666666667 0.40234375
0 0.9291666666666667 0.250390625 0.14166666666666666 0.31796875
0 0.89296875 0.724609375 0.04348958333333333 0.537109375
0 0.9356770833333333 0.709375 0.04609375 0.56015625
0 0.9755208333333333 0.721484375 0.04348958333333333 0.53828125
0 0.6619791666666667 0.751953125 0.038802083333333334 0.482421875
0 0.796875 0.76015625 0.0375 0.475390625
0 0.8520833333333333 0.758203125 0.0453125 0.471875
0 0.6919270833333333 0.76875 0.038802083333333334 0.44609375
0 0.8252604166666667 0.723828125 0.041666666666666664 0.53359375
0 0.7200520833333334 0.76484375 0.027083333333333334 0.456640625
0 0.76875 0.78203125 0.027604166666666666 0.42421875
0 0.7432291666666667 0.7828125 0.0390625 0.423046875