0 0.012557077625570776 0.1326219512195122 0.02511415525114155 0.2652439024390244
0 0.0639269406392694 0.08689024390243902 0.0958904109589041 0.17378048780487804
0 0.10730593607305935 0.0701219512195122 0.0502283105022831 0.1402439024390244
0 0.1358447488584475 0.0899390243902439 0.03881278538812785 0.1798780487804878
0 0.24771689497716895 0.10975609756097561 0.03424657534246575 0.21951219512195122
0 0.18378995433789955 0.10365853658536585 0.03424657534246575 0.2073170731707317
0 0.1997716894977169 0.13719512195121952 0.10273972602739725 0.27439024390243905
0 0.2922374429223744 0.14939024390243902 0.0502283105022831 0.16463414634146342
0 0.341324200913242 0.1600609756097561 0.03881278538812785 0.15548780487804878
0 0.3675799086757991 0.11280487804878049 0.0319634703196347 0.054878048780487805
0 0.273972602739726 0.10365853658536585 0.0228310502283105 0.0975609756097561
0 0.386986301369863 0.1402439024390244 0.02968036529680365 0.07317073170731707
0 0.795662100456621 0.8048780487804879 0.23515981735159816 0.3902439024390244