0 0.388986013986014 0.26573426573426573 0.22202797202797203 0.40559440559440557
0 0.19318181818181818 0.3513986013986014 0.38636363636363635 0.23426573426573427
0 0.0979020979020979 0.32867132867132864 0.17832167832167833 0.27972027972027974
0 0.10751748251748251 0.7342657342657343 0.1381118881118881 0.5314685314685315
0 0.14685314685314685 0.6057692307692307 0.0979020979020979 0.2744755244755245
0 0.2701048951048951 0.7342657342657343 0.16958041958041958 0.5314685314685315
0 0.4143356643356643 0.7342657342657343 0.13986013986013987 0.5314685314685315
0 0.4624125874125874 0.7176573426573427 0.07517482517482517 0.4982517482517482
0 0.6284965034965035 0.7578671328671329 0.15996503496503497 0.3951048951048951
0 0.7867132867132867 0.763986013986014 0.18181818181818182 0.368006993006993
0 0.8496503496503497 0.6582167832167832 0.04632867132867133 0.06643356643356643
0 0.8933566433566433 0.6713286713286714 0.04283216783216783 0.09003496503496504
0 0.923951048951049 0.701048951048951 0.09178321678321678 0.1853146853146853
0 0.798951048951049 0.6503496503496503 0.022727272727272728 0.04108391608391608
0 0.8208041958041958 0.6381118881118881 0.022727272727272728 0.05244755244755245
0 0.6984265734265734 0.6459790209790209 0.027097902097902096 0.07517482517482517