0 0.026822916666666665 0.3375 0.026432291666666666 0.18888888888888888
0 0.0171875 0.30810185185185185 0.021614583333333333 0.15833333333333333
0 0.04283854166666667 0.29768518518518516 0.03125 0.1439814814814815
0 0.12916666666666668 0.30648148148148147 0.03763020833333333 0.2064814814814815
0 0.15638020833333333 0.33032407407407405 0.03919270833333333 0.16157407407407406
0 0.149609375 0.24166666666666667 0.019140625 0.07685185185185185
0 0.37356770833333336 0.21597222222222223 0.03203125 0.07037037037037037
0 0.37161458333333336 0.2847222222222222 0.050390625 0.07037037037037037
0 0.280859375 0.2800925925925926 0.007942708333333333 0.17592592592592593
0 0.20286458333333332 0.2520833333333333 0.010416666666666666 0.16157407407407406
0 0.6932291666666667 0.5377314814814815 0.059895833333333336 0.12453703703703704
0 0.655859375 0.5625 0.06640625 0.075
0 0.6385416666666667 0.5462962962962963 0.046875 0.10740740740740741
0 0.5856770833333333 0.5634259259259259 0.078125 0.07314814814814814
0 0.5755208333333334 0.5395833333333333 0.05364583333333333 0.12083333333333333
0 0.5350260416666667 0.5548611111111111 0.055989583333333336 0.09027777777777778
0 0.4602864583333333 0.5532407407407407 0.08203125 0.09351851851851851
0 0.11184895833333333 0.7851851851851852 0.020572916666666666 0.10601851851851851
0 0.15234375 0.6893518518518519 0.012239583333333333 0.059953703703703703
0 0.06536458333333334 0.642824074074074 0.0069010416666666664 0.03564814814814815
0 0.16666666666666666 0.6939814814814815 0.011588541666666667 0.03657407407407407
0 0.08268229166666667 0.6414351851851852 0.008463541666666666 0.02175925925925926
0 0.03997395833333333 0.6296296296296297 0.005598958333333333 0.030555555555555555
0 0.04388020833333333 0.6166666666666667 0.005989583333333334 0.02662037037037037
0 0.034895833333333334 0.6314814814814815 0.005338541666666667 0.03287037037037037
0 0.03515625 0.6252314814814814 0.0078125 0.04490740740740741
0 0.468359375 0.7953703703703704 0.03125 0.0775462962962963
0 0.7227864583333333 0.7976851851851852 0.0359375 0.07291666666666667
0 0.8614583333333333 0.7805555555555556 0.08515625 0.12106481481481482
0 0.7372395833333333 0.8152777777777778 0.08880208333333334 0.21875
0 0.80078125 0.8210648148148149 0.09114583333333333 0.21412037037037038
0 0.7846354166666667 0.7900462962962963 0.066015625 0.15416666666666667