0 0.2655440414507772 0.4269230769230769 0.18739205526770294 0.5861538461538461
0 0.15630397236614854 0.4346153846153846 0.13730569948186527 0.5707692307692308
0 0.06735751295336788 0.4207692307692308 0.13471502590673576 0.5984615384615385
0 0.5487910189982729 0.5553846153846154 0.1614853195164076 0.3292307692307692
0 0.04909326424870468 0.852423076923077 0.007167530224525004 0.027923076923076887
0 0.05927029360967184 0.8525692307692307 0.007538860103626959 0.03436923076923073
0 0.07623056994818651 0.8518000000000001 0.015069084628670161 0.05129230769230774
0 0.13789291882556132 0.8562846153846154 0.014369602763385135 0.060261538461538484
0 0.10505181347150257 0.8619384615384615 0.024784110535405912 0.0777230769230769
0 0.21598445595854923 0.883553846153846 0.036079447322970616 0.08710769230769232
0 0.15025906735751296 0.9084615384615384 0.046632124352331605 0.18307692307692308