0 0.3924914675767918 0.3648785425101215 0.09072810011376564 0.1958502024291498
0 0.15642775881683732 0.3441295546558704 0.0474971558589306 0.16093117408906882
0 0.18742889647326508 0.30313765182186236 0.03754266211604096 0.08502024291497975
0 0.21814562002275312 0.30516194331983804 0.03896473265073948 0.07388663967611336
0 0.23919226393629123 0.3076923076923077 0.020193401592719 0.06578947368421052
0 0.313424345847554 0.30364372469635625 0.033276450511945395 0.07388663967611336
0 0.3464163822525597 0.2965587044534413 0.041808873720136516 0.07236842105263158
0 0.27588168373151306 0.3350202429149798 0.0474971558589306 0.14625506072874495
0 0.9399886234357224 0.3770242914979757 0.12002275312855518 0.3451417004048583
0 0.9857792946530148 0.08350202429149797 0.02844141069397042 0.16700404858299595
0 0.5389647326507395 0.9271255060728745 0.0540386803185438 0.145748987854251
0 0.5105233219567691 0.8496963562753036 0.051194539249146756 0.23785425101214575
0 0.1419226393629124 0.5794534412955465 0.0540386803185438 0.0597165991902834
0 0.19397042093287828 0.6487854251012146 0.04664391353811149 0.19838056680161945
0 0.1386518771331058 0.6978744939271255 0.04977246871444824 0.2074898785425101
0 0.1476109215017065 0.9539473684210527 0.042662116040955635 0.09210526315789473
0 0.004835039817974972 0.6427125506072875 0.009670079635949944 0.1862348178137652
0 0.29692832764505117 0.6361336032388664 0.04550625711035267 0.17307692307692307
0 0.25312855517633676 0.6336032388663968 0.03981797497155859 0.1680161943319838
0 0.21530147895335608 0.9084008097165992 0.0608646188850967 0.18319838056680163
0 0.305745164960182 0.8787955465587044 0.059726962457337884 0.23026315789473684
0 0.3761376564277588 0.8041497975708503 0.05261660978384528 0.25303643724696356
0 0.6419226393629124 0.6275303643724697 0.03583617747440273 0.15587044534412955
0 0.011945392491467578 0.8294534412955465 0.023890784982935155 0.23785425101214575
0 0.1689419795221843 0.9625506072874493 0.05688282138794084 0.07489878542510121
0 0.8751422070534699 0.7378542510121457 0.062002275312855515 0.16700404858299595
0 0.7235494880546075 0.8279352226720648 0.05489192263936291 0.21761133603238866