0 0.3769021739130435 0.1997098646034816 0.28858695652173916 0.38007736943907156
0 0.7948369565217391 0.2441972920696325 0.06902173913043479 0.2911025145067698
0 0.8793478260869565 0.29206963249516443 0.043478260869565216 0.195357833655706
0 0.9434782608695652 0.3065764023210832 0.04565217391304348 0.16634429400386846
0 0.9558423913043478 0.6259671179883946 0.05570652173913043 0.20067698259187622
0 0.921875 0.5993713733075435 0.042119565217391304 0.20551257253384914
0 0.9263586956521739 0.4598646034816248 0.051630434782608696 0.1402321083172147
0 0.9480978260869565 0.4443907156673114 0.035326086956521736 0.109284332688588
0 0.9809782608695652 0.44922630560928434 0.03804347826086957 0.11895551257253385
0 0.8729619565217391 0.5195841392649904 0.036684782608695655 0.1039651837524178
0 0.7248641304347826 0.5365087040618955 0.03940217391304348 0.1764990328820116
0 0.735733695652174 0.48694390715667313 0.03940217391304348 0.17408123791102514
0 0.6880434782608695 0.5541586073500967 0.03695652173913044 0.18375241779497098
0 0.7714673913043478 0.4260154738878143 0.04076086956521739 0.0725338491295938
0 0.7301630434782609 0.42021276595744683 0.03641304347826087 0.0609284332688588
0 0.6980978260869565 0.4284332688588008 0.035326086956521736 0.07736943907156674
0 0.6763586956521739 0.4381044487427466 0.01358695652173913 0.09671179883945841
0 0.9244565217391304 0.9211798839458414 0.05326086956521739 0.1576402321083172
0 0.7817934782608695 0.4661508704061896 0.034239130434782605 0.1528046421663443
0 0.6744565217391304 0.4927466150870406 0.009782608695652175 0.16731141199226304