0 0.8698716577540107 0.19192965779467677 0.039096256684491924 0.19197718631178712
0 0.9169679144385027 0.16605513307984796 0.028689839572192562 0.15500950570342198
0 0.7147754010695188 0.2410456273764259 0.028438502673796766 0.2141444866920152
0 0.6791229946524064 0.14651140684410646 0.024882352941176456 0.11804182509505709
0 0.7629090909090909 0.13014258555133076 0.021299465240641673 0.09375475285171092
0 0.8960213903743315 0.11640684410646392 0.02245454545454546 0.05784220532319383
0 0.3991978609625668 0.7661596958174905 0.4751336898395722 0.467680608365019
0 0.8593582887700535 0.8065589353612167 0.05320855614973262 0.35551330798479086
0 0.9288770053475935 0.8255703422053232 0.047058823529411764 0.3203422053231939
0 0.7764705882352941 0.8227186311787072 0.05588235294117647 0.3436311787072243
0 0.8914438502673797 0.8046577946768061 0.03449197860962567 0.3203422053231939
0 0.8149732620320855 0.8013307984790875 0.04625668449197861 0.33745247148288976