0 0.4220833333333333 0.2922848664688427 0.25583333333333336 0.27299703264094954
0 0.8595833333333334 0.2841246290801187 0.1425 0.2893175074183976
0 0.1225 0.7856083086053413 0.06041666666666667 0.2433234421364985
0 0.2758333333333333 0.7818991097922848 0.05375 0.20400593471810088
0 0.33916666666666667 0.7826409495548962 0.06041666666666667 0.20548961424332343
0 0.40458333333333335 0.7789317507418397 0.055 0.21068249258160238
0 0.5095833333333334 0.7277448071216617 0.06291666666666666 0.1172106824925816
0 0.020416666666666666 0.8063798219584569 0.04083333333333333 0.2596439169139466
0 0.225 0.7900593471810089 0.0475 0.22032640949554896
0 0.06666666666666667 0.7848664688427299 0.06666666666666667 0.20919881305637983
0 0.43916666666666665 0.9629080118694362 0.11166666666666666 0.07418397626112759