0 0.43911917098445596 0.3216743119266055 0.12003454231433507 0.3956422018348624
0 0.40025906735751293 0.31020642201834864 0.09283246977547496 0.4180045871559633
0 0.3432642487046632 0.25974770642201833 0.08981001727115717 0.3474770642201835
0 0.31649395509499134 0.19839449541284404 0.1459412780656304 0.2826834862385321
0 0.07253886010362694 0.3319954128440367 0.14507772020725387 0.375
0 0.09887737478411053 0.2436926605504587 0.0807426597582038 0.2505733944954128
0 0.1303972366148532 0.2006880733944954 0.05958549222797927 0.21961009174311927
0 0.5086355785837651 0.2855504587155963 0.017271157167530225 0.1811926605504587
0 0.5215889464594128 0.24770642201834864 0.04317789291882556 0.1381880733944954
0 0.6411917098445595 0.25573394495412843 0.05181347150259067 0.19839449541284404
0 0.6787564766839378 0.27924311926605505 0.054404145077720206 0.15538990825688073
0 0.6692573402417962 0.1938073394495413 0.026338514680483593 0.07396788990825688
0 0.9784110535405872 0.169151376146789 0.04317789291882556 0.0676605504587156
0 0.9706390328151986 0.23509174311926606 0.05872193436960276 0.0676605504587156
0 0.8506044905008635 0.2305045871559633 0.011226252158894647 0.169151376146789
0 0.7426597582037997 0.20355504587155962 0.014248704663212436 0.15538990825688073
0 0.3765112262521589 0.7540137614678899 0.10492227979274611 0.20240825688073394
0 0.9482037996545768 0.8069610091743119 0.04256476683937821 0.10372706422018353
0 0.9706131260794474 0.816158256880734 0.03722797927461151 0.12846330275229356