0 0.8146399055489965 0.23056722689075632 0.06877213695395513 0.15966386554621848
0 0.09533648170011806 0.9065126050420168 0.08057851239669421 0.18644957983193278
0 0.29988193624557263 0.904936974789916 0.07349468713105077 0.16176470588235295
0 0.36481700118063753 0.9070378151260504 0.06463990554899646 0.15073529411764705
0 0.2012987012987013 0.9096638655462185 0.06139315230224321 0.13655462184873948
0 0.01564344746162928 0.8960084033613446 0.030991735537190084 0.20798319327731093
0 0.42414403778040144 0.9059873949579832 0.051357733175914994 0.12920168067226892
0 0.8317591499409681 0.9480042016806722 0.06375442739079103 0.10399159663865547
0 0.7281582054309327 0.5519957983193278 0.048996458087367176 0.14600840336134455
0 0.7857142857142857 0.5798319327731093 0.05194805194805195 0.20168067226890757
0 0.775974025974026 0.895483193277311 0.04427390791027155 0.20903361344537816
0 0.9716646989374262 0.5036764705882353 0.04014167650531287 0.04936974789915966
0 0.9412632821723731 0.5456932773109243 0.04427390791027155 0.1334033613445378
0 0.6210153482880756 0.5388655462184874 0.047225501770956316 0.11974789915966387
0 0.667060212514758 0.5362394957983193 0.04132231404958678 0.11449579831932773
0 0.9334415584415584 0.7095588235294118 0.05755608028335301 0.24684873949579833
0 0.5246458087367178 0.7305672268907563 0.05755608028335301 0.27836134453781514
0 0.6050767414403778 0.717436974789916 0.06493506493506493 0.23634453781512604
0 0.7046930342384888 0.7778361344537815 0.06345926800472255 0.2415966386554622