0 0.07408466819221968 0.2545824847250509 0.13815789473684212 0.21945010183299388
0 0.18249427917620137 0.23828920570264767 0.13558352402745996 0.1929735234215886
0 0.2760297482837529 0.24134419551934827 0.09610983981693363 0.16191446028513237
0 0.4799771167048055 0.28665987780040736 0.12700228832951946 0.2739307535641548
0 0.363558352402746 0.25712830957230143 0.1232837528604119 0.20264765784114053
0 0.8421052631578947 0.1878818737270876 0.05434782608695652 0.13747454175152748
0 0.5826659038901602 0.23828920570264767 0.04633867276887872 0.20366598778004075
0 0.6440217391304348 0.20188391038696538 0.05577803203661327 0.2214867617107943
0 0.6990846681922197 0.17260692464358451 0.04290617848970252 0.1934826883910387
0 0.7305491990846682 0.164969450101833 0.05148741418764302 0.18839103869653767
0 0.7691647597254004 0.1446028513238289 0.05148741418764302 0.18839103869653767
0 0.7734553775743707 0.32535641547861505 0.05434782608695652 0.2189409368635438
0 0.7913329519450801 0.2604378818737271 0.04719679633867277 0.18075356415478616
0 0.6547482837528604 0.02494908350305499 0.03718535469107551 0.04989816700610998
0 0.6842105263157895 0.021384928716904276 0.04462242562929062 0.04276985743380855
0 0.7219679633867276 0.029022403258655804 0.05148741418764302 0.05804480651731161
0 0.9874141876430206 0.32230142566191444 0.02517162471395881 0.20875763747454176
0 0.9743993135011442 0.11914460285132383 0.03575514874141877 0.18839103869653767
0 0.9736842105263158 0.016293279022403257 0.034324942791762014 0.032586558044806514
0 0.7889016018306636 0.630346232179226 0.09496567505720824 0.20162932790224034