0 0.4656756756756757 0.9225961538461539 0.05783783783783784 0.1548076923076923
0 0.04351351351351351 0.8055288461538461 0.051351351351351354 0.21394230769230768
0 0.07054054054054054 0.69375 0.04864864864864865 0.22596153846153846
0 0.37108108108108107 0.5634615384615385 0.044864864864864865 0.0673076923076923
0 0.4237837837837838 0.5889423076923077 0.04756756756756757 0.11826923076923077
0 0.4151351351351351 0.8596153846153847 0.04054054054054054 0.22115384615384615
0 0.27297297297297296 0.5514423076923077 0.043243243243243246 0.04326923076923077
0 0.31513513513513514 0.5490384615384616 0.03783783783783784 0.038461538461538464
0 0.18472972972972973 0.69375 0.052702702702702706 0.2548076923076923
0 0.5335135135135135 0.739423076923077 0.012972972972972972 0.22115384615384615
0 0.24756756756756756 0.6576923076923077 0.04864864864864865 0.21634615384615385
0 0.3522972972972973 0.7009615384615384 0.0472972972972973 0.21634615384615385
0 0.6064864864864865 0.8067307692307693 0.06675675675675675 0.2932692307692308
0 0.6583783783783784 0.7975961538461539 0.03432432432432433 0.22596153846153846
0 0.8727027027027027 0.7942307692307692 0.026216216216216216 0.2653846153846154
0 0.89 0.8038461538461539 0.04837837837837838 0.2519230769230769
0 0.9186486486486487 0.7995192307692308 0.0827027027027027 0.33413461538461536