0 0.8673954372623575 0.22972972972972974 0.20817490494296578 0.4594594594594595
0 0.7024714828897338 0.22972972972972974 0.14638783269961977 0.4594594594594595
0 0.5988593155893536 0.22972972972972974 0.13878326996197718 0.4594594594594595
0 0.9572243346007605 0.22972972972972974 0.08555133079847908 0.4594594594594595
0 0.04420152091254753 0.9662162162162162 0.022813688212927757 0.06756756756756757
0 0.9743346007604563 0.7072072072072072 0.051330798479087454 0.22147147147147148
0 0.7989543726235742 0.7537537537537538 0.08460076045627377 0.3663663663663664
0 0.7371673003802282 0.7417417417417418 0.04752851711026616 0.31981981981981983
0 0.6962927756653993 0.753003003003003 0.08650190114068441 0.36261261261261263
0 0.6335551330798479 0.7364864864864865 0.06891634980988594 0.32957957957957956
0 0.5893536121673004 0.7522522522522522 0.05846007604562738 0.35435435435435436
0 0.5527566539923955 0.7252252252252253 0.04657794676806084 0.23723723723723725