0 0.7540737564322469 0.42507309941520466 0.01672384219554031 0.09576023391812866
0 0.6061320754716981 0.29276315789473684 0.00986277873070326 0.06652046783625731
0 0.5222984562607204 0.2277046783625731 0.011149228130360206 0.07090643274853801
0 0.6496569468267581 0.28326023391812866 0.010291595197255575 0.06944444444444445
0 0.9498284734133791 0.4619883040935672 0.017152658662092625 0.07602339181286549
0 0.7069039451114922 0.41885964912280704 0.01672384219554031 0.1023391812865497
0 0.7765866209262435 0.33223684210526316 0.014579759862778732 0.09137426900584796
0 0.8278301886792453 0.31140350877192985 0.011578044596912522 0.04532163742690058
0 0.8799313893653516 0.10599415204678363 0.0137221269296741 0.059941520467836254
0 0.8827186963979416 0.4466374269005848 0.02358490566037736 0.0891812865497076
0 0.7958833619210978 0.38121345029239767 0.018010291595197257 0.08260233918128655
0 0.9279588336192109 0.47953216374269003 0.016295025728987993 0.04093567251461988
0 0.46676672384219553 0.20796783625730994 0.011578044596912522 0.05043859649122807
0 0.7465694682675815 0.36878654970760233 0.011149228130360206 0.07236842105263158
0 0.5801886792452831 0.2152777777777778 0.008576329331046312 0.05921052631578947
0 0.6758147512864494 0.18896198830409358 0.007718696397941681 0.0577485380116959
0 0.6374356775300172 0.2733918128654971 0.01072041166380789 0.07894736842105263
0 0.7137650085763293 0.3516081871345029 0.012435677530017153 0.07748538011695906
0 0.7322041166380789 0.37609649122807015 0.011578044596912522 0.09137426900584796
0 0.8048885077186964 0.06432748538011696 0.010291595197255575 0.05701754385964912
0 0.8664236706689536 0.3673245614035088 0.015008576329331046 0.041666666666666664
0 0.6503001715265866 0.019371345029239765 0.00986277873070326 0.03874269005847953
0 0.9762006861063465 0.1703216374269006 0.011578044596912522 0.08333333333333333
0 0.9678387650085764 0.16264619883040934 0.010291595197255575 0.07383040935672515
0 0.5844768439108061 0.010964912280701754 0.007718696397941681 0.021929824561403508
0 0.6976843910806175 0.027412280701754384 0.009433962264150943 0.0489766081871345
0 0.5934819897084048 0.29239766081871343 0.009433962264150943 0.06871345029239766
0 0.5649656946826758 0.01206140350877193 0.007289879931389366 0.02412280701754386
0 0.9671955403087479 0.4908625730994152 0.019296740994854202 0.01827485380116959
0 0.9153087478559176 0.4692982456140351 0.015866209262435677 0.06140350877192982
0 0.7890222984562607 0.05847953216374269 0.008576329331046312 0.05263157894736842
0 0.5017152658662093 0.18457602339181287 0.008576329331046312 0.05921052631578947
0 0.774442538593482 0.05263157894736842 0.008576329331046312 0.05116959064327485
0 0.49485420240137223 0.179093567251462 0.007718696397941681 0.05555555555555555
0 0.9120926243567753 0.4108187134502924 0.0137221269296741 0.04239766081871345
0 0.99721269296741 0.17543859649122806 0.005574614065180103 0.07309941520467836
0 0.4822041166380789 0.17616959064327486 0.00986277873070326 0.043859649122807015
0 0.6704545454545454 0.18676900584795322 0.009005145797598629 0.05921052631578947
0 0.6477272727272727 0.19078947368421054 0.007289879931389366 0.059941520467836254
0 0.6794596912521441 0.023391812865497075 0.01072041166380789 0.04532163742690058
0 0.7416380789022299 0.03764619883040936 0.01072041166380789 0.05482456140350877
0 0.7266295025728988 0.03545321637426901 0.00986277873070326 0.051900584795321635
0 0.6640222984562607 0.18603801169590642 0.007289879931389366 0.05482456140350877
0 0.6419382504288165 0.1878654970760234 0.008576329331046312 0.05263157894736842
0 0.9361063464837049 0.14144736842105263 0.011149228130360206 0.07236842105263158
0 0.8364065180102916 0.08114035087719298 0.009005145797598629 0.05555555555555555
0 0.6854631217838765 0.3841374269005848 0.01672384219554031 0.07383040935672515
0 0.5675385934819898 0.15752923976608188 0.008147512864493996 0.05482456140350877
0 0.5795454545454546 0.011695906432748537 0.006432246998284734 0.023391812865497075
0 0.5891938250428816 0.2134502923976608 0.009433962264150943 0.05555555555555555
0 0.6286449399656947 0.29203216374269003 0.010291595197255575 0.07821637426900585
0 0.5285162950257289 0.15752923976608188 0.007289879931389366 0.0489766081871345
0 0.6987564322469982 0.16630116959064328 0.007289879931389366 0.05482456140350877
0 0.5724699828473413 0.75 0.26500857632933106 0.5