0 0.7879679144385027 0.11596958174904944 0.08609625668449197 0.23193916349809887
0 0.8136363636363636 0.9429657794676806 0.051871657754010696 0.11406844106463879
0 0.9367647058823529 0.5430133079847909 0.05481283422459893 0.19724334600760457
0 0.9033422459893048 0.5168726235741445 0.04144385026737968 0.20199619771863117
0 0.9077540106951871 0.39401140684410646 0.05080213903743316 0.10931558935361217
0 0.929144385026738 0.37880228136882127 0.034759358288770054 0.07889733840304182
0 0.9620320855614973 0.3835551330798479 0.038502673796791446 0.08840304182509506
0 0.8552139037433155 0.4384505703422053 0.03609625668449198 0.10218631178707224
0 0.7094919786096257 0.4550855513307985 0.03877005347593583 0.17347908745247148
0 0.7200534759358289 0.41539923954372626 0.039037433155080216 0.1520912547528517
0 0.6700534759358289 0.47290874524714827 0.0427807486631016 0.1806083650190114
0 0.7553475935828877 0.36074144486692017 0.040106951871657755 0.04277566539923954
0 0.7147058823529412 0.35503802281368824 0.03582887700534759 0.03136882129277566
0 0.6831550802139037 0.36311787072243346 0.034759358288770054 0.04752851711026616
0 0.6510695187165776 0.3726235741444867 0.034759358288770054 0.06653992395437262
0 0.7655080213903743 0.40019011406844107 0.033689839572192515 0.12167300380228137
0 0.6473262032085562 0.41682509505703425 0.034759358288770054 0.15494296577946767
0 0.8919786096256684 0.8543250950570342 0.05080213903743316 0.2352661596958175