0 0.3999599037690457 0.963903743315508 0.033279871692060946 0.07219251336898395
0 0.09843624699278268 0.9590909090909091 0.057337610264635124 0.08181818181818182
0 0.49223736968724935 0.8696577540106952 0.03810745789895748 0.20739037433155078
0 0.8926984763432239 0.8128074866310161 0.015016038492381643 0.09603208556149728
0 0.8379430633520448 0.7926631016042781 0.01977546110665604 0.06642780748663103
0 0.70528067361668 0.770855614973262 0.010982357658380152 0.0440267379679144
0 0.6822293504410586 0.7726844919786097 0.012979149959903725 0.037700534759358285
0 0.5926583801122695 0.7865080213903743 0.026138732959101865 0.07017112299465242
0 0.4755412991178829 0.8205882352941176 0.011226944667201283 0.13101604278074866
0 0.6658580593424218 0.7887272727272727 0.017654370489174006 0.0697860962566845
0 0.8562510024057738 0.8160641711229947 0.016295108259823526 0.1052139037433155