0 0.1569634703196347 0.815677966101695 0.10616438356164383 0.3686440677966102
0 0.015410958904109588 0.8146186440677966 0.030821917808219176 0.3707627118644068
0 0.15011415525114155 0.6069915254237288 0.09018264840182648 0.2563559322033898
0 0.03139269406392694 0.600635593220339 0.06278538812785388 0.24364406779661016
0 0.06678082191780822 0.8167372881355932 0.08789954337899543 0.3665254237288136
0 0.0884703196347032 0.5985169491525424 0.08333333333333333 0.23940677966101695
0 0.2876712328767123 0.6705508474576272 0.08904109589041095 0.3834745762711864
0 0.2146118721461187 0.6694915254237288 0.0776255707762557 0.3813559322033898
0 0.3675799086757991 0.6694915254237288 0.0821917808219178 0.3813559322033898
0 0.3801369863013699 0.8125 0.07990867579908675 0.375
0 0.259703196347032 0.8209745762711864 0.12214611872146118 0.3580508474576271
0 0.1329908675799087 0.4957627118644068 0.05821917808219178 0.03389830508474576
0 0.4052511415525114 0.6038135593220338 0.04794520547945205 0.25
0 0.2545662100456621 0.4957627118644068 0.04794520547945205 0.03389830508474576
0 0.3230593607305936 0.5116525423728814 0.0502283105022831 0.06567796610169492
0 0.449189497716895 0.7241949152542373 0.017020547945205442 0.10858050847457627
0 0.432648401826484 0.7213983050847458 0.00684931506849315 0.10805084745762712
0 0.583013698630137 0.7436016949152543 0.01571917808219176 0.09800847457627117
0 0.6418493150684932 0.7359533898305085 0.01412100456621005 0.04974576271186445
0 0.6198059360730594 0.741228813559322 0.012191780821917752 0.08086864406779652
0 0.9413812785388127 0.7780296610169491 0.018173515981735243 0.08919491525423734
0 0.8659018264840183 0.7486016949152542 0.013116438356164394 0.05622881355932196