0 0.2878787878787879 0.24025974025974026 0.23376623376623376 0.2987012987012987
0 0.9015151515151515 0.10064935064935066 0.19696969696969696 0.2012987012987013
0 0.17857142857142858 0.7023809523809523 0.27164502164502163 0.4805194805194805
0 0.45454545454545453 0.6774891774891775 0.19047619047619047 0.48917748917748916
0 0.07251082251082251 0.538961038961039 0.06385281385281386 0.2987012987012987
0 0.3939393939393939 0.5324675324675324 0.07575757575757576 0.23917748917748918
0 0.24675324675324675 0.4512987012987013 0.06060606060606061 0.12337662337662338
0 0.21536796536796537 0.45346320346320346 0.0735930735930736 0.1277056277056277
0 0.45346320346320346 0.4556277056277056 0.06060606060606061 0.10930735930735931
0 0.020562770562770564 0.551948051948052 0.04112554112554113 0.25757575757575757
0 0.14393939393939395 0.461038961038961 0.05411255411255411 0.14285714285714285
0 0.10606060606060606 0.43614718614718617 0.03354978354978355 0.09307359307359307
0 0.354978354978355 0.4653679653679654 0.047619047619047616 0.15151515151515152
0 0.4036796536796537 0.41233766233766234 0.047619047619047616 0.045454545454545456
0 0.4383116883116883 0.43506493506493504 0.03896103896103896 0.09090909090909091
0 0.487012987012987 0.44264069264069267 0.05194805194805195 0.10606060606060606