0 0.13182897862232779 0.19978858350951373 0.26365795724465557 0.39957716701902746
0 0.4323040380047506 0.21300211416490486 0.022268408551068885 0.056025369978858354
0 0.40914489311163893 0.21723044397463 0.023752969121140142 0.04756871035940803
0 0.6828978622327792 0.16807610993657504 0.010391923990498812 0.026955602536997886
0 0.7030878859857482 0.17230443974630022 0.008907363420427554 0.023255813953488372
0 0.7105106888361045 0.17124735729386892 0.008907363420427554 0.023255813953488372
0 0.10688836104513064 0.6585623678646935 0.16775534441805226 0.4154334038054968
0 0.22001187648456058 0.7621564482029598 0.23248218527315914 0.47568710359408034
0 0.9723871733966746 0.9513742071881607 0.05522565320665083 0.09725158562367865
0 0.5127672209026128 0.8591437632135307 0.05641330166270784 0.23520084566596194
0 0.542458432304038 0.7362579281183932 0.05344418052256532 0.24841437632135308
0 0.9266627078384798 0.44238900634249473 0.05641330166270784 0.08562367864693446
0 0.7782066508313539 0.4487315010570824 0.04453681710213777 0.09830866807610994
0 0.8111638954869359 0.44344608879492603 0.05344418052256532 0.08773784355179703
0 0.8509501187648456 0.4328752642706131 0.05344418052256532 0.06659619450317125
0 0.9029097387173397 0.872093023255814 0.05641330166270784 0.2558139534883721
0 0.7167458432304038 0.5005285412262156 0.052256532066508314 0.20190274841437633
0 0.870249406175772 0.5095137420718816 0.05641330166270784 0.21987315010570824
0 0.8794536817102138 0.568446088794926 0.06532066508313539 0.2510570824524313
0 0.4643705463182898 0.42653276955602537 0.048693586698337295 0.05391120507399577
0 0.6217339667458432 0.4540169133192389 0.05463182897862233 0.10887949260042283
0 0.7514845605700713 0.8747357293868921 0.06828978622327792 0.25052854122621565
0 0.7957244655581948 0.9566596194503171 0.07007125890736342 0.08668076109936575
0 0.8251187648456056 0.9101479915433404 0.06116389548693587 0.17970401691331925