0 0.835081585081585 0.1862033195020747 0.05536130536130536 0.1400414937759336
0 0.6893939393939394 0.17064315352697096 0.043706293706293704 0.1970954356846473
0 0.7214452214452215 0.1628630705394191 0.05244755244755245 0.19190871369294607
0 0.7607808857808858 0.1421161825726141 0.05244755244755245 0.19190871369294607
0 0.6442307692307693 0.022821576763485476 0.03787878787878788 0.04564315352697095
0 0.6742424242424242 0.019190871369294607 0.045454545454545456 0.038381742738589214
0 0.7127039627039627 0.026970954356846474 0.05244755244755245 0.05394190871369295
0 0.9947552447552448 0.16649377593360995 0.01048951048951049 0.18360995850622408
0 0.9698426573426573 0.11618257261410789 0.036421911421911424 0.19190871369294607
0 0.9691142191142191 0.014004149377593362 0.03496503496503497 0.028008298755186723
0 0.8114801864801865 0.5549792531120332 0.05536130536130536 0.08921161825726141
0 0.6369463869463869 0.25622406639004147 0.03496503496503497 0.22821576763485477
0 0.7797202797202797 0.2653008298755187 0.05536130536130536 0.24636929460580914
0 0.7884615384615384 0.3379149377593361 0.0641025641025641 0.24636929460580914
0 0.6628787878787878 0.5575726141078838 0.06701631701631702 0.08402489626556017
0 0.9895104895104895 0.39367219917012447 0.02097902097902098 0.22302904564315354
0 0.02564102564102564 0.8184647302904564 0.04487179487179487 0.14315352697095435
0 0.043706293706293704 0.7650414937759336 0.011363636363636364 0.024896265560165973
0 0.07109557109557109 0.8568464730290456 0.050699300699300696 0.18464730290456433
0 0.12995337995337997 0.858402489626556 0.04924242424242424 0.22510373443983403
0 0.18502331002331002 0.8340248962655602 0.045454545454545456 0.21524896265560167
0 0.2677738927738928 0.8189834024896265 0.043997668997669 0.13848547717842324
0 0.24592074592074592 0.8029045643153527 0.024766899766899768 0.14159751037344398
0 0.34673659673659674 0.8122406639004149 0.030303030303030304 0.12136929460580913
0 0.3732517482517482 0.7946058091286307 0.033216783216783216 0.10529045643153527
0 0.32634032634032634 0.7354771784232366 0.027389277389277388 0.042012448132780086
0 0.2875874125874126 0.7339211618257261 0.017773892773892772 0.023858921161825725
0 0.22727272727272727 0.7339211618257261 0.017191142191142192 0.028008298755186723
0 0.8581002331002331 0.928941908713693 0.03875291375291375 0.07935684647302904