0 0.47674418604651164 0.3064784053156146 0.1669435215946844 0.40863787375415284
0 0.38205980066445183 0.3995016611295681 0.1362126245847176 0.44019933554817275
0 0.29983388704318936 0.420265780730897 0.09800664451827243 0.39867109634551495
0 0.1852159468438538 0.3106312292358804 0.0872093023255814 0.276578073089701
0 0.2084717607973422 0.3637873754152824 0.15033222591362128 0.45930232558139533
0 0.8064784053156147 0.32475083056478404 0.10465116279069768 0.40282392026578073
0 0.329734219269103 0.8255813953488372 0.659468438538206 0.3488372093023256
0 0.670265780730897 0.6744186046511628 0.02159468438538206 0.10963455149501661
0 0.7367109634551495 0.6719269102990033 0.04817275747508306 0.10465116279069768
0 0.7840531561461794 0.670265780730897 0.029900332225913623 0.10132890365448505
0 0.9858803986710963 0.654485049833887 0.02823920265780731 0.06976744186046512
0 0.920265780730897 0.7566445182724253 0.14950166112956811 0.27408637873754155
0 0.6893687707641196 0.6735880398671097 0.036544850498338874 0.1079734219269103