0 0.19194444444444445 0.13537549407114624 0.04138888888888889 0.15760869565217392
0 0.31027777777777776 0.22529644268774704 0.11694444444444445 0.18181818181818182
0 0.29944444444444446 0.2628458498023715 0.16111111111111112 0.233201581027668
0 0.22694444444444445 0.24654150197628458 0.07722222222222222 0.22332015810276679
0 0.16194444444444445 0.24950592885375494 0.06888888888888889 0.26531620553359686
0 0.07722222222222222 0.28606719367588934 0.15416666666666667 0.26778656126482214
0 0.3597222222222222 0.18626482213438736 0.04055555555555555 0.06571146245059288
0 0.3333333333333333 0.1615612648221344 0.025277777777777777 0.053853754940711464
0 0.01611111111111111 0.20306324110671936 0.014722222222222222 0.04841897233201581
0 0.07027777777777777 0.23023715415019763 0.14055555555555554 0.3231225296442688
0 0.7338888888888889 0.06966403162055336 0.05277777777777778 0.13339920948616601
0 0.7845833333333333 0.1524209486166008 0.04583333333333333 0.23962450592885376
0 0.7872222222222223 0.044466403162055336 0.04555555555555556 0.08893280632411067
0 0.7304166666666667 0.22282608695652173 0.04861111111111111 0.2025691699604743
0 0.5233333333333333 0.04594861660079051 0.034444444444444444 0.09189723320158102
0 0.5554166666666667 0.09189723320158102 0.0375 0.17786561264822134
0 0.5838888888888889 0.16600790513833993 0.041666666666666664 0.18774703557312253
0 0.8852777777777778 0.1573616600790514 0.044444444444444446 0.18033596837944665
0 0.8422222222222222 0.14377470355731226 0.03888888888888889 0.1976284584980237
0 0.8622222222222222 0.018774703557312252 0.04 0.037549407114624504
0 0.5913888888888889 0.3275691699604743 0.05388888888888889 0.18478260869565216
0 0.9744444444444444 0.3300395256916996 0.051111111111111114 0.17984189723320157
0 0.9005555555555556 0.33349802371541504 0.06111111111111111 0.17292490118577075
0 0.8066666666666666 0.3606719367588933 0.06 0.11857707509881422
0 0.4623611111111111 0.16847826086956522 0.04861111111111111 0.1976284584980237
0 0.47694444444444445 0.09189723320158102 0.05 0.17292490118577075
0 0.0475 0.7989130434782609 0.095 0.40217391304347827
0 0.7475 0.8384387351778656 0.18666666666666668 0.3231225296442688
0 0.6833333333333333 0.6511857707509882 0.08472222222222223 0.25