0 0.17317708333333334 0.24151234567901234 0.22352430555555555 0.4367283950617284
0 0.2942708333333333 0.017746913580246913 0.028211805555555556 0.035493827160493825
0 0.727439236111111 0.19787037037037036 0.052621527777777684 0.13574074074074072
0 0.7726736111111111 0.20266975308641977 0.04489583333333336 0.12375
0 0.025607638888888888 0.7824074074074074 0.051215277777777776 0.21296296296296297
0 0.2170138888888889 0.8695987654320988 0.11631944444444445 0.23842592592592593
0 0.4249131944444444 0.6458333333333334 0.04123263888888889 0.2993827160493827
0 0.4227430555555556 0.6983024691358025 0.08680555555555555 0.1396604938271605
0 0.4583333333333333 0.6165123456790124 0.027777777777777776 0.1550925925925926
0 0.2465277777777778 0.7716049382716049 0.04861111111111111 0.11959876543209877
0 0.24479166666666666 0.6049382716049383 0.013020833333333334 0.0787037037037037
0 0.2829861111111111 0.6026234567901234 0.016059027777777776 0.08796296296296297
0 0.2682291666666667 0.6026234567901234 0.013020833333333334 0.08333333333333333
0 0.2565104166666667 0.6018518518518519 0.013020833333333334 0.09027777777777778
0 0.8776041666666666 0.7422839506172839 0.04383680555555555 0.2021604938271605
0 0.8116319444444444 0.7847222222222222 0.0920138888888889 0.14969135802469136
0 0.83203125 0.6720679012345679 0.026041666666666668 0.2199074074074074
0 0.9049479166666666 0.6813271604938271 0.035590277777777776 0.24305555555555555
0 0.875 0.6242283950617284 0.03428819444444445 0.1427469135802469
0 0.8029513888888888 0.7160493827160493 0.038628472222222224 0.16358024691358025
0 0.80078125 0.6265432098765432 0.028211805555555556 0.1427469135802469
0 0.7543402777777778 0.7322530864197531 0.023003472222222224 0.13580246913580246
0 0.7356770833333334 0.7245370370370371 0.018663194444444444 0.14737654320987653
0 0.7630208333333334 0.6867283950617284 0.023871527777777776 0.2361111111111111
0 0.5542534722222222 0.7469135802469136 0.04904513888888889 0.22453703703703703
0 0.64453125 0.7847222222222222 0.08984375 0.16820987654320987
0 0.6475694444444444 0.7322530864197531 0.05859375 0.19058641975308643
0 0.6723090277777778 0.6905864197530864 0.028211805555555556 0.2152777777777778
0 0.7039930555555556 0.6820987654320988 0.037760416666666664 0.2222222222222222
0 0.7335069444444444 0.6905864197530864 0.037760416666666664 0.2152777777777778
0 0.6019965277777778 0.6936728395061729 0.04296875 0.24537037037037038
0 0.5755208333333334 0.6859567901234568 0.03125 0.24768518518518517