0 0.10609243697478991 0.2890625 0.20798319327731093 0.1796875
0 0.5210084033613446 0.1630859375 0.1134453781512605 0.150390625
0 0.7142857142857143 0.162109375 0.09243697478991597 0.08203125
0 0.10609243697478991 0.7841796875 0.011554621848739496 0.0625
0 0.944327731092437 0.732421875 0.11134453781512606 0.53515625
0 0.8109243697478992 0.72265625 0.15966386554621848 0.5546875
0 0.5409663865546218 0.720703125 0.1869747899159664 0.55859375
0 0.6397058823529411 0.65673828125 0.15056722689075622 0.4541015625
0 0.45413865546218485 0.6062890625 0.13655462184873948 0.3564453125
0 0.3639705882352941 0.5769921875 0.07878151260504201 0.2620507812499999
0 0.31512605042016806 0.5869140625 0.07142857142857142 0.287109375
0 0.9747899159663865 0.6416015625 0.05042016806722689 0.435546875