0 0.5683572567783094 0.3158262711864407 0.09141945773524719 0.2782627118644068
0 0.26435406698564595 0.8580508474576272 0.06778309409888357 0.2838983050847458
0 0.07814992025518341 0.864406779661017 0.08133971291866028 0.2711864406779661
0 0.19736842105263158 0.8003177966101694 0.013157894736842105 0.12870762711864406
0 0.1507177033492823 0.7902542372881356 0.02073365231259968 0.1308262711864407
0 0.335725677830941 0.7717161016949152 0.011562998405103669 0.06938559322033898
0 0.3588516746411483 0.7658898305084746 0.013556618819776715 0.0736228813559322
0 0.025917065390749602 0.840572033898305 0.0215311004784689 0.16790254237288135
0 0.005980861244019139 0.8347457627118644 0.011562998405103669 0.17796610169491525
0 0.05303030303030303 0.8734110169491526 0.039473684210526314 0.2531779661016949
0 0.11642743221690591 0.8119703389830508 0.027910685805422646 0.1472457627118644
0 0.13556618819776714 0.7955508474576272 0.0171451355661882 0.09798728813559322
0 0.1646730462519936 0.777542372881356 0.01036682615629984 0.05508474576271186
0 0.1762360446570973 0.778072033898305 0.014752791068580542 0.0815677966101695
0 0.18779904306220097 0.7764830508474576 0.011961722488038277 0.0836864406779661
0 0.20733652312599682 0.8029661016949152 0.017942583732057416 0.1430084745762712
0 0.21770334928229665 0.7907838983050848 0.012759170653907496 0.12129237288135593
0 0.2420255183413078 0.7833686440677966 0.01674641148325359 0.10222457627118645
0 0.22807017543859648 0.7828389830508474 0.014752791068580542 0.09798728813559322
0 0.3839712918660287 0.7616525423728814 0.01036682615629984 0.04608050847457627
0 0.28588516746411485 0.763771186440678 0.01076555023923445 0.038135593220338986
0 0.40231259968102073 0.7574152542372882 0.009968102073365232 0.05614406779661017
0 0.3759968102073365 0.7595338983050848 0.007974481658692184 0.038135593220338986
0 0.39433811802232854 0.7611228813559322 0.007177033492822967 0.038135593220338986