0 0.2593167701863354 0.19453125 0.30124223602484473 0.3890625
0 0.16097308488612835 0.52421875 0.11697722567287784 0.2703125
0 0.37008281573498963 0.54609375 0.07971014492753623 0.3140625
0 0.034161490683229816 0.54296875 0.06832298136645963 0.3078125
0 0.07815734989648034 0.5375 0.09006211180124224 0.296875
0 0.2458592132505176 0.565625 0.10041407867494824 0.353125
0 0.37681159420289856 0.74375 0.06625258799171843 0.5125
0 0.30175983436853004 0.734375 0.14596273291925466 0.53125
0 0.17339544513457558 0.79921875 0.13768115942028986 0.4015625
0 0.07039337474120083 0.81328125 0.14078674948240166 0.3734375
0 0.6537267080745341 0.74765625 0.3136645962732919 0.5046875