0 0.7482057416267942 0.2590425531914894 0.10107655502392345 0.39148936170212767
0 0.8229665071770335 0.700531914893617 0.056818181818181816 0.14361702127659576
0 0.8775418660287081 0.7896276595744681 0.049342105263157895 0.2579787234042553
0 0.8803827751196173 0.6654255319148936 0.04904306220095694 0.11170212765957446
0 0.65311004784689 0.6308510638297873 0.04066985645933014 0.0425531914893617
0 0.8192284688995215 0.8654255319148936 0.05233253588516747 0.21808510638297873
0 0.5962918660287081 0.6670212765957447 0.03708133971291866 0.1148936170212766
0 0.6308313397129187 0.7244680851063829 0.04037081339712919 0.19148936170212766
0 0.6614832535885168 0.8042553191489362 0.04485645933014354 0.20212765957446807
0 0.9808612440191388 0.7946808510638298 0.03827751196172249 0.19361702127659575
0 0.9395933014354066 0.7803191489361702 0.041866028708133975 0.2127659574468085
0 0.9611244019138756 0.6377659574468085 0.0430622009569378 0.05638297872340425
0 0.6845095693779905 0.6335106382978724 0.04007177033492823 0.047872340425531915
0 0.5783492822966507 0.7563829787234042 0.01674641148325359 0.2127659574468085
0 0.6695574162679426 0.9393617021276596 0.05801435406698564 0.12127659574468085