0 0.23626373626373626 0.2591575091575092 0.35096153846153844 0.5183150183150184
0 0.12980769230769232 0.5961538461538461 0.14148351648351648 0.15567765567765568
0 0.4182692307692308 0.7591575091575091 0.18269230769230768 0.4816849816849817
0 0.06936813186813187 0.7591575091575091 0.13873626373626374 0.4816849816849817
0 0.23763736263736263 0.7591575091575091 0.25274725274725274 0.4816849816849817
0 0.7664835164835165 0.8855311355311355 0.03159340659340659 0.09798534798534798
0 0.8186813186813187 0.8882783882783882 0.03021978021978022 0.09981684981684982
0 0.8413461538461539 0.8928571428571429 0.027472527472527472 0.1163003663003663
0 0.9038461538461539 0.8965201465201466 0.048763736263736264 0.14285714285714285
0 0.9347527472527473 0.8983516483516484 0.04739010989010989 0.13553113553113552
0 0.9766483516483516 0.8946886446886447 0.03571428571428571 0.1282051282051282