0 0.5085089141004863 0.041875000000000016 0.008241491085899572 0.034956896551724195
0 0.5264100486223663 0.04210129310344827 0.008614262560778047 0.03723060344827581
0 0.13897893030794164 0.6918103448275862 0.2260940032414911 0.5237068965517241
0 0.8358995137763371 0.7645474137931034 0.10089141004862237 0.23114224137931033
0 0.7621555915721232 0.7214439655172413 0.05956239870340357 0.21551724137931033
0 0.8055105348460292 0.6023706896551724 0.038492706645056725 0.1427801724137931
0 0.45786061588330634 0.7699353448275862 0.044165316045380876 0.14224137931034483
0 0.48500810372771475 0.7645474137931034 0.040113452188006486 0.12931034482758622
0 0.4558346839546191 0.6767241379310345 0.048217179902755265 0.08782327586206896
0 0.8525121555915721 0.525323275862069 0.02106969205834684 0.07866379310344827
0 0.8363047001620746 0.5118534482758621 0.023095623987034037 0.07219827586206896