0 0.11243822075782538 0.30425219941348974 0.2244645799011532 0.3453079178885631
0 0.2759472817133443 0.31744868035190615 0.34637561779242176 0.32404692082111436
0 0.2298187808896211 0.2939882697947214 0.2042833607907743 0.31158357771260997
0 0.8756177924217463 0.1840175953079179 0.04942339373970346 0.23900293255131966
0 0.2771828665568369 0.6524926686217009 0.08484349258649095 0.3460410557184751
0 0.05313014827018122 0.717008797653959 0.048187808896210875 0.16055718475073313
0 0.5065897858319605 0.7976539589442815 0.0457166392092257 0.07991202346041056
0 0.5234761120263591 0.7888563049853372 0.012355848434925865 0.09457478005865103
0 0.9913509060955519 0.7258064516129032 0.01729818780889621 0.2375366568914956
0 0.8793245469522241 0.7859237536656891 0.17051070840197693 0.4281524926686217
0 0.7677100494233937 0.7199413489736071 0.09308072487644152 0.25513196480938416
0 0.7681219110378913 0.7859237536656891 0.06836902800658978 0.15029325513196481