0 0.9071428571428571 0.2900390625 0.18571428571428572 0.39794921875
0 0.7428571428571429 0.31591796875 0.15054945054945054 0.3466796875
0 0.6074175824175824 0.29833984375 0.17527472527472526 0.38134765625
0 0.4725274725274725 0.30126953125 0.18571428571428572 0.3759765625
0 0.11263736263736264 0.890625 0.0543956043956044 0.1015625
0 0.2598901098901099 0.61181640625 0.033516483516483515 0.1240234375
0 0.814010989010989 0.92529296875 0.0521978021978022 0.1494140625
0 0.7865384615384615 0.84619140625 0.04945054945054945 0.2294921875
0 0.4304945054945055 0.5517578125 0.0521978021978022 0.125
0 0.4809065934065934 0.630126953125 0.04532967032967033 0.23681640625
0 0.4835164835164835 0.5283203125 0.045054945054945054 0.078125
0 0.4273351648351648 0.69970703125 0.04807692307692308 0.2001953125
0 0.5804945054945055 0.635009765625 0.04395604395604396 0.17822265625
0 0.5379120879120879 0.62158203125 0.038461538461538464 0.1953125
0 0.8332417582417583 0.53076171875 0.046703296703296704 0.0830078125
0 0.9479395604395604 0.674072265625 0.04807692307692308 0.17822265625
0 0.6401098901098901 0.53466796875 0.03736263736263736 0.0908203125
0 0.6065934065934065 0.8095703125 0.04945054945054945 0.2197265625
0 0.5001373626373626 0.853515625 0.04807692307692308 0.2197265625
0 0.6914835164835165 0.90087890625 0.057692307692307696 0.1982421875
0 0.45467032967032966 0.9521484375 0.053296703296703295 0.095703125
0 0.9934065934065934 0.595703125 0.013186813186813187 0.18359375