0 0.11048387096774194 0.37392550143266473 0.03467741935483871 0.18839541547277938
0 0.7189516129032258 0.29441260744985676 0.5274193548387097 0.5888252148997135
0 0.26975806451612905 0.7392550143266475 0.02661290322580645 0.12320916905444126
0 0.29758064516129035 0.7363896848137536 0.027419354838709678 0.12607449856733524
0 0.8 0.7958452722063037 0.03669354838709677 0.06375358166189111
0 0.6229838709677419 0.7987106017191977 0.046370967741935484 0.0673352435530086
0 0.9467741935483871 0.7922636103151862 0.04516129032258064 0.07234957020057306
0 0.9036290322580646 0.7965616045845272 0.034274193548387094 0.07951289398280802
0 0.6463709677419355 0.7872492836676218 0.03185483870967742 0.04871060171919771
0 0.6987903225806451 0.7965616045845272 0.039112903225806454 0.10673352435530085
0 0.880241935483871 0.7872492836676218 0.02217741935483871 0.06160458452722063
0 0.8375 0.7671919770773639 0.027419354838709678 0.0659025787965616
0 0.8274193548387097 0.7729226361031518 0.04153225806451613 0.05945558739255014
0 0.7435483870967742 0.7800859598853869 0.020967741935483872 0.03796561604584527
0 0.7221774193548387 0.7808022922636103 0.016129032258064516 0.03510028653295129
0 0.6963709677419355 0.8001432664756447 0.04838709677419355 0.06948424068767908
0 0.5415322580645161 0.7843839541547278 0.022983870967741935 0.050143266475644696
0 0.5064516129032258 0.7872492836676218 0.020161290322580645 0.044412607449856735
0 0.4625 0.7915472779369628 0.022983870967741935 0.042263610315186245