0 0.30778301886792453 0.31354748603351956 0.30306603773584906 0.32053072625698326
0 0.5204402515723271 0.7821229050279329 0.0220125786163522 0.22346368715083798
0 0.5693396226415095 0.791159217877095 0.029740566037735835 0.23794692737430168
0 0.5542138364779875 0.7916620111731845 0.030927672955974823 0.20914804469273743
0 0.6414465408805032 0.8083659217877095 0.0397798742138365 0.261159217877095
0 0.7105738993710692 0.7934078212290503 0.03232704402515724 0.1977234636871508
0 0.7415251572327044 0.7935195530726257 0.02735062893081758 0.20541899441340775
0 0.8040880503144654 0.7965642458100559 0.05632861635220124 0.27481843575418996
0 0.8477908805031446 0.7972206703910614 0.029716981132075437 0.22585195530726263
0 0.8901808176100628 0.808268156424581 0.034025157232704384 0.255391061452514
0 0.970125786163522 0.8198324022346368 0.059748427672955975 0.36033519553072624
0 0.6049606918238993 0.7682960893854749 0.02445754716981133 0.19034916201117316
0 0.6696619496855345 0.7800558659217877 0.0222327044025157 0.17476256983240224