0 0.9690721649484536 0.2557471264367816 0.03178694158075601 0.16954022988505746
0 0.9355670103092784 0.27155172413793105 0.030927835051546393 0.1810344827586207
0 0.8969072164948454 0.28735632183908044 0.037800687285223365 0.21695402298850575
0 0.884020618556701 0.22844827586206898 0.041237113402061855 0.16954022988505746
0 0.8084192439862543 0.3505747126436782 0.037800687285223365 0.1867816091954023
0 0.7242268041237113 0.36063218390804597 0.04725085910652921 0.17385057471264367
0 0.6314432989690721 0.36637931034482757 0.04639175257731959 0.16379310344827586
0 0.6108247422680413 0.28448275862068967 0.04209621993127148 0.22270114942528735
0 0.7585910652920962 0.2916666666666667 0.03951890034364261 0.1824712643678161
0 0.7912371134020618 0.28448275862068967 0.03608247422680412 0.15086206896551724
0 0.5781786941580757 0.2557471264367816 0.015463917525773196 0.10344827586206896
0 0.5919243986254296 0.23706896551724138 0.01288659793814433 0.08764367816091954