0 0.9850543478260869 0.6977756286266924 0.029891304347826088 0.12282398452611218
0 0.5747282608695652 0.5964700193423598 0.051630434782608696 0.21518375241779497
0 0.6019021739130435 0.48404255319148937 0.04891304347826087 0.22727272727272727
0 0.6608695652173913 0.05077369439071567 0.05 0.10154738878143134
0 0.6597826086956522 0.012088974854932301 0.05326086956521739 0.024177949709864602
0 0.9538043478260869 0.1890715667311412 0.051630434782608696 0.13056092843326886
0 0.8179347826086957 0.17456479690522245 0.04076086956521739 0.18375241779497098
0 0.8478260869565217 0.16731141199226304 0.04891304347826087 0.17891682785299806
0 0.8845108695652174 0.14796905222437137 0.04891304347826087 0.17891682785299806
0 0.7758152173913043 0.029013539651837523 0.035326086956521736 0.058027079303675046
0 0.803804347826087 0.02562862669245648 0.042391304347826085 0.05125725338491296
0 0.8396739130434783 0.03288201160541586 0.04891304347826087 0.06576402321083172
0 0.5415760869565217 0.043520309477756286 0.04728260869565217 0.08704061895551257
0 0.9320652173913043 0.6146034816247582 0.051630434782608696 0.24661508704061896
0 0.7615489130434783 0.25435203094777564 0.04755434782608696 0.2127659574468085
0 0.9021739130434783 0.26281431334622823 0.051630434782608696 0.22969052224371372
0 0.9103260869565217 0.33051257253384914 0.059782608695652176 0.22969052224371372
0 0.53125 0.14893617021276595 0.042934782608695654 0.1528046421663443
0 0.6745923913043478 0.18665377176015474 0.050271739130434784 0.17891682785299806
0 0.7934782608695652 0.6170212765957447 0.0625 0.24177949709864605
0 0.8334239130434783 0.7026112185686654 0.06358695652173912 0.11315280464216634
0 0.8605978260869566 0.6600580270793037 0.05597826086956522 0.19825918762088976
0 0.7809782608695652 0.8554158607350096 0.051630434782608696 0.13056092843326886
0 0.6448369565217391 0.8457446808510638 0.04076086956521739 0.17311411992263057
0 0.675 0.8409090909090909 0.04891304347826087 0.16344294003868473
0 0.7114130434782608 0.8312379110251451 0.04891304347826087 0.14410058027079303
0 0.7154891304347826 0.9410058027079303 0.051630434782608696 0.11798839458413926
0 0.7326086956521739 0.9192456479690522 0.04456521739130435 0.16150870406189555
0 0.933695652173913 0.941972920696325 0.05326086956521739 0.11605415860735009
0 0.9459239130434782 0.8409090909090909 0.04184782608695652 0.16344294003868473
0 0.9065217391304348 0.8191489361702128 0.03369565217391304 0.11992263056092843
0 0.9888586956521739 0.8157640232108317 0.022282608695652174 0.11315280464216634
0 0.5236413043478261 0.8795938104448743 0.027717391304347826 0.17891682785299806
0 0.5885869565217391 0.90715667311412 0.04782608695652174 0.18568665377176016