0 0.2599826388888889 0.1597222222222222 0.5199652777777778 0.3194444444444444
0 0.3489583333333333 0.16203703703703703 0.3420138888888889 0.3148148148148148
0 0.4110243055555556 0.36419753086419754 0.016493055555555556 0.08950617283950617
0 0.4314236111111111 0.49691358024691357 0.04513888888888889 0.12345679012345678
0 0.4153645833333333 0.7878086419753086 0.059895833333333336 0.39351851851851855
0 0.4548611111111111 0.8279320987654321 0.08333333333333333 0.3441358024691358
0 0.8454861111111112 0.6898148148148148 0.24305555555555555 0.5524691358024691
0 0.6015625 0.6612654320987654 0.16319444444444445 0.5625
0 0.9401041666666666 0.49614197530864196 0.05772569444444445 0.3533950617283951
0 0.65234375 0.49382716049382713 0.0681423611111111 0.27469135802469136
0 0.7838541666666666 0.40046296296296297 0.054253472222222224 0.1412037037037037
0 0.8120659722222222 0.39814814814814814 0.06597222222222222 0.1574074074074074
0 0.5985243055555556 0.4058641975308642 0.054253472222222224 0.1257716049382716
0 0.9839409722222222 0.5169753086419753 0.03211805555555555 0.29552469135802467
0 0.875 0.4074074074074074 0.04904513888888889 0.17515432098765432
0 0.91015625 0.37808641975308643 0.030381944444444444 0.11728395061728394
0 0.6853298611111112 0.41203703703703703 0.044270833333333336 0.18518518518518517
0 0.6436631944444444 0.35108024691358025 0.042534722222222224 0.0625
0 0.6124131944444444 0.3773148148148148 0.03515625 0.11496913580246913
0 0.5690104166666666 0.38657407407407407 0.046875 0.13348765432098766