0 0.18317972350230416 0.3490783410138249 0.2511520737327189 0.6981566820276498
0 0.6728110599078341 0.4930875576036866 0.4976958525345622 0.41013824884792627
0 0.3513824884792627 0.5472350230414746 0.08525345622119816 0.14516129032258066
0 0.38940092165898615 0.5253456221198156 0.03686635944700461 0.07373271889400922
0 0.3813364055299539 0.8490783410138248 0.14516129032258066 0.30184331797235026
0 0.532258064516129 0.8490783410138248 0.271889400921659 0.30184331797235026
0 0.6244239631336406 0.8490783410138248 0.18433179723502305 0.30184331797235026
0 0.7580645161290323 0.8490783410138248 0.29493087557603687 0.30184331797235026
0 0.8271889400921659 0.8490783410138248 0.16589861751152074 0.30184331797235026
0 0.9205069124423964 0.7868663594470046 0.1497695852534562 0.1774193548387097
0 0.9493087557603687 0.8490783410138248 0.10138248847926268 0.30184331797235026