0 0.64721875 0.29991666666666666 0.03807812499999995 0.18700000000000003
0 0.6930885416666667 0.274712962962963 0.027942708333333382 0.15099074074074068
0 0.4961614583333333 0.3477592592592593 0.02769791666666664 0.20859259259259258
0 0.4614375 0.2556759259259259 0.024234374999999985 0.11498148148148155
0 0.5430416666666666 0.23973148148148146 0.02074479166666663 0.09132407407407396
0 0.6726875 0.2263518518518519 0.021869791666666673 0.05634259259259251
0 0.8946458333333334 0.32975925925925925 0.03628645833333337 0.16435185185185186
0 0.8761302083333333 0.2667592592592593 0.023901041666666602 0.12014814814814814
0 0.8869791666666667 0.24024074074074078 0.018635416666666772 0.08412037037037029
0 0.11692708333333333 0.6675925925925926 0.14088541666666668 0.2759259259259259
0 0.04192708333333333 0.8439814814814814 0.08385416666666666 0.2212962962962963
0 0.18932291666666667 0.7921296296296296 0.14791666666666667 0.375
0 0.28411458333333334 0.7731481481481481 0.20963541666666666 0.4162037037037037
0 0.6953125 0.8143518518518519 0.3 0.36898148148148147