0 0.15051457975986277 0.4541284403669725 0.09048027444253859 0.290519877675841
0 0.5038593481989708 0.38149847094801226 0.2285591766723842 0.43577981651376146
0 0.6796740994854202 0.39755351681957185 0.41680960548885077 0.4036697247706422
0 0.6239279588336192 0.3753822629969419 0.24614065180102915 0.40519877675840976
0 0.2028301886792453 0.7775229357798165 0.04373927958833619 0.09174311926605505
0 0.1680960548885077 0.7935779816513762 0.058319039451114926 0.13990825688073394
0 0.13636363636363635 0.8027522935779816 0.09777015437392796 0.18960244648318042
0 0.050171526586620926 0.8440366972477065 0.10034305317324185 0.26758409785932724
0 0.3481989708404803 0.8646788990825688 0.0823327615780446 0.2706422018348624
0 0.3194682675814751 0.8363914373088684 0.13979416809605488 0.29434250764525993
0 0.30445969125214406 0.8944954128440367 0.032590051457975985 0.04128440366972477
0 0.5394511149228131 0.9648318042813455 0.09777015437392796 0.07033639143730887