0 0.27088100686498856 0.1695519348268839 0.036899313501144164 0.08910386965376782
0 0.02345537757437071 0.2530549898167006 0.017448512585812356 0.08095723014256619
0 0.038901601830663615 0.2479633401221996 0.016590389016018305 0.06466395112016293
0 0.13043478260869565 0.20366598778004075 0.02030892448512586 0.04378818737270876
0 0.9836956521739131 0.4332993890020367 0.03260869565217391 0.11303462321792261
0 0.9310640732265446 0.04684317718940937 0.05320366132723112 0.09368635437881874
0 0.9324942791762014 0.006109979633401222 0.05606407322654462 0.012219959266802444
0 0.6229977116704806 0.18584521384928718 0.05434782608695652 0.13747454175152748
0 0.9169050343249427 0.18329938900203666 0.052917620137299774 0.18839103869653767
0 0.4505148741418764 0.384928716904277 0.06121281464530892 0.20977596741344195
0 0.8418192219679634 0.3169551934826884 0.06292906178489703 0.23676171079429736
0 0.6415903890160183 0.34241344195519346 0.04290617848970252 0.21130346232179226
0 0.6752002288329519 0.27113034623217924 0.04719679633867277 0.2469450101832994
0 0.6780606407322655 0.13620162932790225 0.04719679633867277 0.140020366598778
0 0.7788901601830663 0.24185336048879838 0.04290617848970252 0.17820773930753564
0 0.7381292906178489 0.22912423625254583 0.041475972540045765 0.1985743380855397
0 0.8223684210526315 0.0560081466395112 0.041762013729977114 0.1120162932790224
0 0.7831807780320366 0.05091649694501019 0.034324942791762014 0.10183299389002037
0 0.7514302059496567 0.05855397148676171 0.03718535469107551 0.11710794297352342
0 0.46066933638443935 0.24185336048879838 0.03575514874141877 0.1934826883910387
0 0.4406464530892448 0.1820264765784114 0.041475972540045765 0.1705702647657841
0 0.4247711670480549 0.15631364562118127 0.009725400457665904 0.19653767820773932
0 0.4290617848970252 0.03818737270875764 0.018306636155606407 0.07637474541751528
0 0.4605263157894737 0.06975560081466395 0.038901601830663615 0.1395112016293279
0 0.4977116704805492 0.0824847250509165 0.03546910755148741 0.164969450101833
0 0.43135011441647597 0.01374745417515275 0.02288329519450801 0.0274949083503055
0 0.07751716247139588 0.5106924643584522 0.03718535469107551 0.04175152749490835
0 0.1513157894736842 0.5076374745417516 0.02231121281464531 0.035641547861507125