0 0.7231289808917197 0.15387228260869565 0.055931528662420384 0.05570652173913043
0 0.9705414012738853 0.2156929347826087 0.025278662420382167 0.07744565217391304
0 0.9878582802547771 0.2105978260869565 0.02428343949044586 0.07982336956521739
0 0.9936305732484076 0.2105978260869565 0.012738853503184714 0.08220108695652174
0 0.5507563694267515 0.19667119565217392 0.023288216560509552 0.07370923913043478
0 0.5302547770700637 0.19870923913043478 0.022093949044585986 0.07506793478260869
0 0.5043789808917197 0.2027853260869565 0.025278662420382167 0.07642663043478261
0 0.4964171974522293 0.19599184782608695 0.013535031847133758 0.07269021739130435
0 0.36962579617834396 0.9796195652173914 0.02587579617834395 0.04076086956521739
0 0.3586783439490446 0.8488451086956522 0.01592356687898089 0.08899456521739131
0 0.16281847133757962 0.9853940217391305 0.020700636942675158 0.029211956521739132
0 0.39311305732484075 0.9741847826086957 0.020302547770700636 0.051630434782608696
0 0.2680414012738853 0.7175203804347826 0.008499203821656014 0.059137228260869534
0 0.3708200636942675 0.7374320652173914 0.011544585987261146 0.06725543478260869
0 0.397890127388535 0.7116168478260869 0.013136942675159236 0.06861413043478261
0 0.48347929936305734 0.5441576086956522 0.010748407643312101 0.059782608695652176
0 0.1859076433121019 0.681046195652174 0.013535031847133758 0.06997282608695653
0 0.4864649681528662 0.8824728260869565 0.006369426751592357 0.07336956521739131
0 0.25662818471337584 0.71921875 0.011146496815286623 0.05669836956521741
0 0.4349124203821656 0.735733695652174 0.012340764331210192 0.042119565217391304
0 0.20063694267515925 0.9806385869565217 0.020700636942675158 0.03872282608695652
0 0.4560111464968153 0.7975543478260869 0.016321656050955414 0.06929347826086957
0 0.48447452229299365 0.9772418478260869 0.010350318471337579 0.04551630434782609
0 0.47432324840764334 0.9881114130434783 0.02587579617834395 0.02377717391304348
0 0.3867436305732484 0.49422554347826086 0.009156050955414012 0.050951086956521736
0 0.3192675159235669 0.8716032608695652 0.01592356687898089 0.10733695652173914
0 0.23069267515923567 0.7204483695652174 0.009156050955414012 0.06182065217391304
0 0.18610668789808918 0.9874320652173914 0.02587579617834395 0.025135869565217392
0 0.41421178343949044 0.5057744565217391 0.009952229299363057 0.05366847826086957
0 0.33379777070063693 0.850203804347826 0.012340764331210192 0.078125
0 0.20362261146496816 0.6440217391304348 0.008359872611464968 0.05570652173913043
0 0.019904458598726114 0.6786684782608695 0.011146496815286623 0.050271739130434784
0 0.16878980891719744 0.650366847826087 0.012738853503184714 0.052866847826086916
0 0.20919585987261147 0.6447010869565217 0.010748407643312101 0.05570652173913043
0 0.29258359872611467 0.6071195652173913 0.009482484076433186 0.021854619565217365
0 0.21894904458598727 0.7245244565217391 0.009554140127388535 0.06182065217391304
0 0.2863176751592357 0.6642595108695651 0.010350318471337579 0.057744565217391304
0 0.46865047770700635 0.8183763586956523 0.014132165605095542 0.03921195652173915
0 0.254578025477707 0.657608695652174 0.009156050955414012 0.05434782608695652
0 0.17877388535031843 0.6442255434782609 0.008029458598726143 0.047146739130434843
0 0.24363057324840764 0.65625 0.00875796178343949 0.050271739130434784
0 0.32101512738853505 0.7169701086956523 0.010748407643312101 0.06861413043478261
0 0.3222531847133758 0.8121603260869565 0.013136942675159236 0.06725543478260869
0 0.11033837579617838 0.650516304347826 0.008626592356687926 0.0472486413043478
0 0.10250796178343949 0.6402853260869565 0.009952229299363057 0.059103260869565216
0 0.3539012738853503 0.7272418478260869 0.010350318471337579 0.059103260869565216
0 0.011544585987261146 0.6875 0.012738853503184714 0.04891304347826087
0 0.22845143312101907 0.6329008152173913 0.011046974522292993 0.05213994565217391
0 0.2695063694267516 0.4622961956521739 0.007961783439490446 0.041440217391304345
0 0.3986863057324841 0.4969429347826087 0.008359872611464968 0.05366847826086957
0 0.25736464968152867 0.6297554347826086 0.007563694267515924 0.05434782608695652
0 0.2844347133757962 0.4656929347826087 0.009156050955414012 0.044157608695652176
0 0.34136146496815284 0.47927989130434784 0.009952229299363057 0.046875
0 0.3361863057324841 0.7829483695652174 0.014729299363057325 0.06317934782608696
0 0.30851910828025475 0.7897418478260869 0.012738853503184714 0.06453804347826086
0 0.30453821656050956 0.47146739130434784 0.007165605095541401 0.042119565217391304
0 0.1813296178343949 0.4500679347826087 0.008359872611464968 0.03736413043478261
0 0.31807324840764334 0.47452445652173914 0.007165605095541401 0.042798913043478264
0 0.3125 0.47282608695652173 0.007165605095541401 0.04483695652173913
0 0.2554299363057325 0.7122282608695653 0.007245222929936233 0.05099184782608692
0 0.2780652866242038 0.6110733695652174 0.007563694267515924 0.042798913043478264
0 0.21318073248407643 0.4507472826086957 0.009156050955414012 0.042798913043478264
0 0.2955812101910828 0.46875 0.007563694267515924 0.042119565217391304
0 0.1561823248407643 0.5932133152173913 0.008491242038216532 0.046474184782608674
0 0.3556926751592357 0.48097826086956524 0.008359872611464968 0.051630434782608696
0 0.31389331210191085 0.8169157608695652 0.013136942675159236 0.06997282608695653
0 0.3073248407643312 0.8247282608695652 0.014331210191082803 0.07608695652173914
0 0.025402070063694247 0.8550339673913044 0.01837181528662424 0.055169836956521764
0 0.016373407643312146 0.8388654891304348 0.014645700636942661 0.04457880434782601
0 0.06999999999999997 0.609116847826087 0.009438694267515937 0.028702445652173912
0 0.14391719745222928 0.8701358695652175 0.02610270700636949 0.058206521739130476
0 0.156859076433121 0.8565421195652173 0.01648487261146491 0.055475543478260926
0 0.008941082802547785 0.45088315217391306 0.006150477707006297 0.0403532608695652
0 0.01491242038216562 0.45324048913043485 0.010569267515923639 0.033729619565217375
0 0.22340764331210192 0.46317934782608694 0.013109076433120955 0.02689538043478263
0 0.3255175159235669 0.4807880434782609 0.00745621019108281 0.037187500000000005
0 0.44421576433121013 0.5274116847826087 0.009183917197452113 0.04494565217391302
0 0.45335191082802556 0.5167459239130434 0.005835987261146439 0.02732336956521741
0 0.09096337579617834 0.664633152173913 0.011397292993630617 0.0276426630434783
0 0.07837977707006373 0.6693070652173914 0.012500000000000035 0.02475543478260873
0 0.2512062101910828 0.621569293478261 0.00505175159235671 0.0400135869565218
0 0.2714012738853503 0.6272418478260869 0.003917197452229357 0.0457948369565218
0 0.26523487261146494 0.6233288043478261 0.006301751592356659 0.04477581521739136
0 0.26981289808917197 0.6084850543478261 0.006699840764331181 0.04441576086956522
0 0.3930692675159236 0.6555298913043479 0.008124999999999941 0.02980298913043471
0 0.38531050955414015 0.649578804347826 0.00892914012738847 0.03965353260869558
0 0.48746019108280253 0.8665081521739131 0.004378980891719745 0.06046195652173913
0 0.4691679936305733 0.7863790760869565 0.01324442675159253 0.03403532608695646
0 0.17004378980891724 0.4519904891304347 0.007121815286624153 0.03985733695652171
0 0.11515525477707006 0.6131453804347826 0.011246019108280254 0.023614130434782603
0 0.18903264331210187 0.6762703804347826 0.011508757961783382 0.05959239130434785
0 0.264406847133758 0.7066779891304348 0.01032643312101913 0.0576902173913044
0 0.2921457006369426 0.6327989130434782 0.010111464968152902 0.05009510869565218
0 0.326046974522293 0.7146671195652174 0.010218949044586017 0.056093749999999956
0 0.20839968152866242 0.9870923913043478 0.01950636942675159 0.025815217391304348
0 0.9398885350318471 0.6409646739130435 0.12022292993630573 0.33695652173913043
0 0.8644506369426752 0.6596467391304348 0.05374203821656051 0.10122282608695653
0 0.6926751592356688 0.6647418478260869 0.12977707006369427 0.16168478260869565
0 0.6978503184713376 0.6453804347826086 0.022093949044585986 0.07914402173913043
0 0.548765923566879 0.6005434782608695 0.11803343949044585 0.3875679347826087
0 0.5750398089171974 0.8559782608695652 0.17078025477707007 0.1331521739130435