0 0.06243243243243243 0.4341346153846154 0.12486486486486487 0.4913461538461538
0 0.33675675675675676 0.3004807692307692 0.16594594594594594 0.3889423076923077
0 0.8651351351351352 0.3855769230769231 0.1227027027027027 0.2326923076923077
0 0.08108108108108109 0.8399038461538462 0.07243243243243243 0.32019230769230766
0 0.17324324324324325 0.6908653846153846 0.015675675675675675 0.022115384615384617
0 0.7613513513513513 0.8798076923076923 0.0681081081081081 0.14759615384615385
0 0.9867567567567568 0.8884615384615384 0.026486486486486487 0.08990384615384615
0 0.9913513513513513 0.8427884615384615 0.01108108108108108 0.025
0 0.9124324324324324 0.8447115384615385 0.012162162162162163 0.02403846153846154
0 0.8991891891891892 0.8480769230769231 0.008108108108108109 0.021153846153846155
0 0.9797297297297297 0.8596153846153847 0.016216216216216217 0.05144230769230769
0 0.5764864864864865 0.9620192307692308 0.015135135135135135 0.029326923076923077