0 0.3255667506297229 0.18540268456375839 0.2884130982367758 0.3196308724832215
0 0.13287153652392947 0.2332214765100671 0.26574307304785894 0.33221476510067116
0 0.97544080604534 0.2407718120805369 0.0491183879093199 0.31711409395973156
0 0.6523929471032746 0.2550335570469799 0.0906801007556675 0.28859060402684567
0 0.7329974811083123 0.24916107382550334 0.09571788413098237 0.30033557046979864
0 0.8148614609571788 0.24664429530201343 0.10579345088161209 0.3053691275167785
0 0.5050377833753149 0.2625838926174497 0.07052896725440806 0.27348993288590606
0 0.5654911838790933 0.25671140939597314 0.10327455919395466 0.28523489932885904
0 0.8853904282115869 0.24916107382550334 0.09571788413098237 0.30033557046979864
0 0.7802267002518891 0.08808724832214765 0.06675062972292191 0.1761744966442953
0 0.929471032745592 0.08389261744966443 0.0654911838790932 0.16778523489932887
0 0.9603274559193955 0.2483221476510067 0.07934508816120907 0.30201342281879195
0 0.5976070528967254 0.09815436241610738 0.0743073047858942 0.19630872483221476
0 0.6643576826196473 0.09144295302013423 0.09193954659949623 0.18288590604026847
0 0.5365239294710328 0.09563758389261745 0.08312342569269521 0.1912751677852349
0 0.7260705289672544 0.08221476510067115 0.05919395465994962 0.1644295302013423
0 0.8809823677581864 0.06963087248322147 0.06423173803526448 0.13926174496644295
0 0.8343828715365239 0.08305369127516779 0.061712846347607056 0.16610738255033558
0 0.9773299748110831 0.07550335570469799 0.04534005037783375 0.15100671140939598
0 0.49181360201511337 0.08137583892617449 0.04408060453400504 0.15604026845637584
0 0.1681360201511335 0.7516778523489933 0.22795969773299748 0.4966442953020134
0 0.3677581863979849 0.7701342281879194 0.20340050377833754 0.4597315436241611
0 0.7285894206549118 0.6996644295302014 0.4521410579345088 0.6006711409395973