0 0.2628588516746411 0.2574468085106383 0.06698564593301436 0.30425531914893617
0 0.18241626794258373 0.17446808510638298 0.11572966507177034 0.26861702127659576
0 0.7347488038277512 0.2047872340425532 0.5305023923444976 0.4095744680851064
0 0.2479066985645933 0.9159574468085107 0.0583133971291866 0.16808510638297872
0 0.8950358851674641 0.9377659574468085 0.06399521531100479 0.12446808510638298
0 0.4769736842105263 0.7079787234042553 0.014952153110047847 0.25
0 0.8447966507177034 0.4324468085106383 0.056818181818181816 0.045744680851063826
0 0.7903708133971292 0.5053191489361702 0.049641148325358854 0.19148936170212766
0 0.8488337320574163 0.5484042553191489 0.05233253588516747 0.21808510638297873
0 0.8388157894736842 0.8845744680851064 0.04485645933014354 0.23085106382978723
0 0.9919258373205742 0.498936170212766 0.016148325358851676 0.17872340425531916
0 0.6818181818181818 0.4920212765957447 0.04784688995215311 0.16489361702127658
0 0.7284688995215312 0.48936170212765956 0.041866028708133975 0.1595744680851064
0 0.9844497607655502 0.6867021276595745 0.03110047846889952 0.25
0 0.5841806220095693 0.7079787234042553 0.0583133971291866 0.28191489361702127
0 0.6656698564593302 0.6946808510638298 0.06578947368421052 0.2393617021276596
0 0.7665968899521531 0.7558510638297873 0.06429425837320574 0.24468085106382978