0 0.1660427807486631 0.1953422053231939 0.25828877005347595 0.1991444866920152
0 0.08422459893048129 0.1150190114068441 0.16844919786096257 0.2300380228136882
0 0.9096256684491979 0.11359315589353612 0.05080213903743316 0.12832699619771862
0 0.9949197860962566 0.09173003802281368 0.010160427807486631 0.1758555133079848
0 0.9767379679144385 0.08032319391634982 0.046524064171122995 0.16064638783269963
0 0.747192513368984 0.09576996197718632 0.04144385026737968 0.16872623574144488
0 0.7858288770053476 0.06844106463878327 0.033689839572192515 0.13688212927756654
0 0.6927807486631016 0.06511406844106464 0.045454545454545456 0.13022813688212928
0 0.9307486631016043 0.44011406844106465 0.05080213903743316 0.058935361216730035
0 0.960427807486631 0.18607414448669202 0.05080213903743316 0.22576045627376426
0 0.9524064171122995 0.25261406844106465 0.058823529411764705 0.22576045627376426
0 0.7445187165775401 0.1397338403041825 0.03877005347593583 0.16159695817490494
0 0.7451871657754011 0.30370722433460073 0.06417112299465241 0.20437262357414449
0 0.456951871657754 0.6715779467680608 0.1125668449197861 0.05655893536121673
0 0.3058823529411765 0.7385931558935361 0.07513368983957219 0.10361216730038023
0 0.6954545454545454 0.8631178707224335 0.11176470588235295 0.2737642585551331
0 0.7625668449197861 0.8631178707224335 0.09037433155080214 0.2737642585551331
0 0.8526737967914438 0.8564638783269962 0.10909090909090909 0.2870722433460076
0 0.9053475935828877 0.94106463878327 0.10160427807486631 0.11787072243346007