0 0.13765642775881684 0.1548582995951417 0.2753128555176337 0.3097165991902834
0 0.6302616609783845 0.06376518218623482 0.05233219567690557 0.12753036437246965
0 0.6291240045506257 0.02327935222672065 0.055745164960182024 0.0465587044534413
0 0.9368600682593856 0.21912955465587045 0.0540386803185438 0.13663967611336034
0 0.8848122866894198 0.24544534412955465 0.047212741751990896 0.12854251012145748
0 0.8821103526734926 0.16978744939271256 0.04692832764505119 0.13917004048582995
0 0.7221274175199089 0.2682186234817814 0.0540386803185438 0.08299595141700405
0 0.7781569965870307 0.23633603238866396 0.04436860068259386 0.14676113360323886
0 0.8174061433447098 0.23380566801619435 0.051194539249146756 0.15182186234817813
0 0.7397610921501706 0.07135627530364372 0.047212741751990896 0.14271255060728744
0 0.7753128555176336 0.06376518218623482 0.040955631399317405 0.12753036437246965
0 0.8094425483503982 0.07388663967611336 0.040955631399317405 0.14777327935222673
0 0.48321956769055746 0.19129554655870445 0.042662116040955635 0.16194331983805668
0 0.49573378839590443 0.06629554655870445 0.0540386803185438 0.1325910931174089
0 0.5096700796359499 0.035931174089068825 0.03526734926052332 0.07186234817813765
0 0.4883390216154721 0.020748987854251014 0.030147895335608646 0.04149797570850203
0 0.6416382252559727 0.2236842105263158 0.040955631399317405 0.1720647773279352
0 0.909556313993174 0.2859311740890688 0.03981797497155859 0.04757085020242915
0 0.1558589306029579 0.6427125506072875 0.029294653014789535 0.1417004048582996
0 0.20591581342434584 0.652834008097166 0.0335608646188851 0.1887651821862348
0 0.3569397042093288 0.7697368421052632 0.06484641638225255 0.4600202429149798
0 0.2986348122866894 0.7763157894736842 0.05773606370875996 0.44686234817813764
0 0.2579635949943117 0.7839068825910931 0.03896473265073948 0.4316801619433198
0 0.12514220705346984 0.7773279352226721 0.062002275312855515 0.44534412955465585
0 0.048919226393629126 0.7803643724696356 0.08219567690557451 0.4392712550607287
0 0.09328782707622298 0.7874493927125507 0.038680318543799774 0.4251012145748988
0 0.1760523321956769 0.8001012145748988 0.0674061433447099 0.39979757085020245
0 0.24004550625711035 0.8092105263157895 0.06598407281001138 0.3815789473684211
0 0.7774459613196815 0.8491902834008097 0.0611490329920364 0.23279352226720648
0 0.6777588168373151 0.39068825910931176 0.047212741751990896 0.16194331983805668
0 0.7333617747440273 0.4215587044534413 0.04977246871444824 0.2074898785425101
0 0.7241183162684869 0.7479757085020243 0.042662116040955635 0.23279352226720648
0 0.6707906712172924 0.8099696356275303 0.0611490329920364 0.2808704453441296
0 0.6508816837315131 0.6961032388663968 0.05546075085324232 0.25050607287449395
0 0.5655574516496018 0.631578947368421 0.058304891922639365 0.23785425101214575
0 0.5044084186575654 0.46710526315789475 0.05546075085324232 0.242914979757085
0 0.9598976109215017 0.3451417004048583 0.04835039817974972 0.0708502024291498
0 0.9124004550625711 0.3441295546558704 0.038680318543799774 0.06882591093117409
0 0.8831058020477816 0.38461538461538464 0.042662116040955635 0.14979757085020243
0 0.8897895335608647 0.5290991902834008 0.04977246871444824 0.2353238866396761
0 0.5745164960182025 0.37803643724696356 0.04550625711035267 0.13663967611336034
0 0.6188850967007964 0.37550607287449395 0.03981797497155859 0.13157894736842105