0 0.7924641148325359 0.5468085106382978 0.046052631578947366 0.22287234042553192
0 0.10900119617224881 0.8585106382978723 0.06429425837320574 0.24468085106382978
0 0.576255980861244 0.7601063829787233 0.056818181818181816 0.10106382978723404
0 0.16477272727272727 0.7920212765957447 0.04485645933014354 0.16489361702127658
0 0.7380263157894736 0.9043297872340424 0.01995813397129187 0.12294680851063836
0 0.7561662679425837 0.9054893617021278 0.01632177033492821 0.12668085106382984
0 0.782517942583732 0.894 0.022822966507177016 0.09519148936170214
0 0.8601255980861244 0.8893191489361703 0.012171052631578961 0.10001063829787234
0 0.8769138755980862 0.8876170212765958 0.018851674641148314 0.10795744680851066
0 0.9793181818181819 0.8750425531914893 0.015305023923444927 0.07712765957446809
0 0.8947308612440191 0.8712659574468086 0.01439593301435403 0.06956382978723402
0 0.8327870813397129 0.8736914893617022 0.01411483253588518 0.06167021276595747
0 0.8109569377990431 0.8747553191489361 0.012715311004784683 0.05954255319148939
0 0.7988337320574164 0.8762234042553191 0.01399521531100477 0.059638297872340366
0 0.9350478468899522 0.867095744680851 0.013696172248803882 0.06124468085106388