0 0.30359116022099447 0.25 0.5450276243093922 0.43909626719056977
0 0.4185082872928177 0.28094302554027506 0.26850828729281767 0.37475442043222
0 0.7232044198895028 0.1674852652259332 0.052486187845303865 0.13261296660117877
0 0.8930939226519337 0.36394891944990176 0.06629834254143646 0.2111984282907662
0 0.7052486187845304 0.31851669941060906 0.04143646408839779 0.2038310412573674
0 0.6727900552486188 0.24975442043222004 0.04558011049723757 0.2382121807465619
0 0.6700276243093922 0.11959724950884086 0.04558011049723757 0.13506876227897838
0 0.6209944751381216 0.2087426326129666 0.022099447513812154 0.19155206286836934
0 0.8799723756906077 0.22151277013752455 0.034530386740331494 0.18664047151277013
0 0.8993093922651934 0.1638015717092338 0.04005524861878453 0.16453831041257366
0 0.9262430939226519 0.1392436149312377 0.03314917127071823 0.18909626719056974
0 0.9483425414364641 0.09995088408644401 0.03038674033149171 0.17927308447937132
0 0.9157458563535912 0.03094302554027505 0.029281767955801105 0.0618860510805501
0 0.8798342541436464 0.061394891944990176 0.037016574585635356 0.12278978388998035
0 0.8439226519337016 0.07367387033398821 0.034806629834254144 0.14734774066797643
0 0.6701657458563536 0.022102161100196464 0.039779005524861875 0.04420432220039293
0 0.7046961325966851 0.02111984282907662 0.04033149171270718 0.04223968565815324
0 0.31408839779005526 0.924852652259332 0.04861878453038674 0.15029469548133595
0 0.2662983425414365 0.9641453831041258 0.057734806629834254 0.07170923379174853
0 0.2165745856353591 0.9022593320235757 0.02845303867403315 0.12721021611001965
0 0.27679558011049726 0.8939096267190569 0.039502762430939226 0.09577603143418467
0 0.01685082872928177 0.912573673870334 0.03342541436464089 0.17485265225933203
0 0.10828729281767956 0.9017681728880157 0.04337016574585635 0.13506876227897838
0 0.04861878453038674 0.8727897838899804 0.032044198895027624 0.0962671905697446