0 0.9568202764976959 0.11516129032258066 0.038387096774193476 0.11476958525345622
0 0.9230184331797235 0.13403225806451613 0.03739631336405534 0.1303225806451613
0 0.8640552995391705 0.14285714285714285 0.07834101382488479 0.1336405529953917
0 0.8659216589861751 0.07214285714285715 0.02050691244239626 0.021912442396313375
0 0.8556912442396314 0.0714516129032258 0.020460829493087546 0.02737327188940091
0 0.8170967741935484 0.07094470046082949 0.03889400921658985 0.036589861751152065
0 0.8179723502304147 0.14746543778801843 0.05069124423963134 0.12442396313364056
0 0.7430875576036866 0.14170506912442396 0.03917050691244239 0.1359447004608295
0 0.6926497695852535 0.05626728110599079 0.03235023041474659 0.03453917050691243
0 0.708963133640553 0.10493087557603686 0.028917050691244266 0.08746543778801842
0 0.671405529953917 0.10619815668202766 0.04753456221198156 0.07124423963133644
0 0.6647465437788018 0.16244239631336405 0.07142857142857142 0.0944700460829493
0 0.8482488479262672 0.04108294930875576 0.013456221198156624 0.034861751152073725
0 0.7676036866359447 0.04585253456221198 0.014976958525345621 0.03760368663594472
0 0.7861290322580645 0.04158986175115207 0.01207373271889403 0.03930875576036867
0 0.8151382488479262 0.04013824884792627 0.015506912442396355 0.02444700460829493
0 0.7994239631336405 0.04108294930875576 0.008663594470046061 0.028041474654377885
0 0.5126728110599078 0.35944700460829493 0.05184331797235023 0.22350230414746544
0 0.9861751152073732 0.7799539170506913 0.027649769585253458 0.3225806451612903
0 0.7085253456221198 0.7523041474654378 0.07603686635944701 0.49539170506912444
0 0.7626728110599078 0.8006912442396313 0.038018433179723504 0.39746543778801846
0 0.7868663594470046 0.7649769585253456 0.021889400921658985 0.2269585253456221
0 0.8248847926267281 0.8052995391705069 0.029953917050691243 0.3248847926267281
0 0.8582949308755761 0.7695852534562212 0.041474654377880185 0.4596774193548387
0 0.9251152073732719 0.6428571428571429 0.10138248847926268 0.7142857142857143