0 0.9090200708382528 0.3094327731092437 0.016646989374261994 0.15961134453781517
0 0.9236127508854781 0.3164705882352941 0.019102715466351904 0.18359243697478989
0 0.8339079102715465 0.3359873949579832 0.02778040141676502 0.13800420168067215
0 0.11304604486422669 0.9595588235294118 0.05608028335301062 0.08088235294117647
0 0.1422668240850059 0.895483193277311 0.053128689492325853 0.20903361344537816
0 0.5079693034238488 0.5940126050420168 0.023022432113341203 0.14180672268907563
0 0.470926800472255 0.6819852941176471 0.048701298701298704 0.2547268907563025
0 0.467827626918536 0.5619747899159664 0.048996458087367176 0.10504201680672269
0 0.5109208972845336 0.756827731092437 0.017119244391971666 0.21533613445378152
0 0.3639315230224321 0.6872373949579832 0.047225501770956316 0.19170168067226892
0 0.40968122786304606 0.6727941176470589 0.04132231404958678 0.21008403361344538
0 0.31729634002361273 0.5330882352941176 0.048996458087367176 0.04726890756302521
0 0.38813459268004724 0.5346638655462185 0.04309327036599764 0.05042016806722689
0 0.26711924439197166 0.8876050420168067 0.05726092089728453 0.22478991596638656
0 0.3476977567886659 0.8912815126050421 0.06493506493506493 0.21743697478991597
0 0.44716646989374265 0.9201680672268907 0.06316410861865407 0.15966386554621848
0 0.0923848878394333 0.5646008403361344 0.050177095631641085 0.11029411764705882
0 0.7051357733175915 0.8119747899159664 0.2139905548996458 0.3760504201680672