0 0.44061757719714967 0.06342494714587738 0.021377672209026127 0.12684989429175475
0 0.744061757719715 0.22251585623678646 0.05641330166270784 0.1427061310782241
0 0.5956057007125891 0.20665961945031713 0.04453681710213777 0.20084566596194503
0 0.6282660332541568 0.19873150105708245 0.05344418052256532 0.19556025369978858
0 0.6683491686460807 0.17758985200845667 0.05344418052256532 0.19556025369978858
0 0.6725059382422803 0.31553911205074 0.05641330166270784 0.12790697674418605
0 0.6912114014251781 0.2917547568710359 0.048693586698337295 0.17547568710359407
0 0.5495843230403801 0.03964059196617336 0.03859857482185273 0.07928118393234672
0 0.580166270783848 0.035940803382663845 0.04631828978622328 0.07188160676532769
0 0.6193586698337292 0.04386892177589852 0.05344418052256532 0.08773784355179703
0 0.9109263657957245 0.3165961945031712 0.05819477434679335 0.12579281183932348
0 0.9244358669833729 0.20269556025369978 0.04602137767220903 0.1876321353065539
0 0.8813836104513064 0.1511627906976744 0.03711401425178147 0.19556025369978858
0 0.9795130641330166 0.14323467230443976 0.040973871733966744 0.19556025369978858
0 0.9153800475059383 0.023784355179704016 0.03978622327790974 0.04756871035940803
0 0.8806413301662708 0.0306553911205074 0.035629453681710214 0.0613107822410148
0 0.9486342042755345 0.035940803382663845 0.04453681710213777 0.07188160676532769
0 0.45397862232779096 0.2489429175475687 0.04809976247030879 0.19556025369978858
0 0.5338479809976246 0.2785412262156448 0.052256532066508314 0.20190274841437633
0 0.39073634204275537 0.6834038054968288 0.07838479809976247 0.38266384778012685
0 0.31175771971496435 0.6960887949260042 0.09709026128266034 0.4973572938689218
0 0.15261282660332542 0.7161733615221987 0.1502375296912114 0.5671247357293869
0 0.03681710213776722 0.6929175475687104 0.07363420427553444 0.4439746300211416
0 0.5994655581947743 0.7256871035940803 0.33907363420427555 0.5480972515856237
0 0.661520190023753 0.7156448202959831 0.23960807600950118 0.5274841437632135
0 0.9839667458432304 0.5428118393234672 0.032066508313539195 0.1284355179704017