0 0.4232142857142857 0.31398809523809523 0.09285714285714286 0.6279761904761905
0 0.2955357142857143 0.31398809523809523 0.1982142857142857 0.6279761904761905
0 0.12767857142857142 0.41517857142857145 0.10892857142857143 0.4255952380952381
0 0.04107142857142857 0.4166666666666667 0.08214285714285714 0.4226190476190476
0 0.7089285714285715 0.49404761904761907 0.15357142857142858 0.26785714285714285
0 0.22053571428571428 0.8139880952380952 0.44107142857142856 0.37202380952380953
0 0.37857142857142856 0.8139880952380952 0.18214285714285713 0.37202380952380953
0 0.9258928571428572 0.8139880952380952 0.10892857142857143 0.37202380952380953
0 0.8419642857142857 0.7931547619047619 0.08035714285714286 0.33035714285714285
0 0.6660714285714285 0.8139880952380952 0.11071428571428571 0.37202380952380953
0 0.7223214285714286 0.8139880952380952 0.07678571428571429 0.37202380952380953