0 0.2894965277777778 0.2337962962962963 0.03428819444444445 0.12808641975308643
0 0.21571180555555555 0.3387345679012346 0.1332465277777778 0.27237654320987653
0 0.3381076388888889 0.31790123456790126 0.0998263888888889 0.36419753086419754
0 0.7061631944444444 0.30864197530864196 0.041666666666666664 0.19212962962962962
0 0.7625868055555556 0.2924382716049383 0.06770833333333333 0.2808641975308642
0 0.6115451388888888 0.7824074074074074 0.2647569444444444 0.43209876543209874
0 0.859375 0.6620370370370371 0.047309027777777776 0.18981481481481483
0 0.8346354166666666 0.654320987654321 0.041666666666666664 0.1743827160493827
0 0.9079861111111112 0.6381172839506173 0.026475694444444444 0.18287037037037038
0 0.8919270833333334 0.6381172839506173 0.024305555555555556 0.12885802469135801
0 0.4934895833333333 0.628858024691358 0.024305555555555556 0.06712962962962964