0 0.1423444976076555 0.33238636363636365 0.09728867623604466 0.6526988636363636
0 0.17862838915470494 0.4083806818181818 0.06539074960127592 0.5014204545454546
0 0.3157894736842105 0.2869318181818182 0.11961722488038277 0.33735795454545453
0 0.06818181818181818 0.32954545454545453 0.13636363636363635 0.6590909090909091
0 0.28548644338118023 0.9041193181818182 0.14433811802232854 0.19105113636363635
0 0.32854864433811803 0.9232954545454546 0.18181818181818182 0.1534090909090909
0 0.2930622009569378 0.7954545454545454 0.14433811802232854 0.2634943181818182
0 0.16028708133971292 0.8828125 0.11961722488038277 0.234375
0 0.06259968102073366 0.8678977272727273 0.1251993620414673 0.1875
0 0.7252791068580542 0.8721590909090909 0.06339712918660287 0.12642045454545456
0 0.956140350877193 0.8451704545454546 0.03269537480063796 0.08451704545454546
0 0.9792663476874003 0.8096590909090909 0.013955342902711323 0.026988636363636364
0 0.777511961722488 0.8053977272727273 0.017543859649122806 0.03125
0 0.9346092503987241 0.7954545454545454 0.013556618819776715 0.014204545454545454
0 0.8895534290271132 0.8018465909090909 0.017942583732057416 0.01775568181818182