0 0.7566011235955056 0.2774725274725275 0.011938202247191011 0.039460539460539464
0 0.298314606741573 0.8893606393606394 0.15056179775280898 0.22127872127872128
0 0.09213483146067415 0.8928571428571429 0.10786516853932585 0.21428571428571427
0 0.16109550561797753 0.8886113886113887 0.07331460674157303 0.22277722277722278
0 0.03300561797752809 0.8778721278721279 0.06601123595505617 0.24425574425574426
0 0.083123595505618 0.7846753246753247 0.03453370786516855 0.10161838161838165
0 0.011657303370786517 0.8231768231768232 0.023314606741573034 0.17482517482517482
0 0.041946629213483126 0.7562187812187813 0.01829494382022475 0.05673826173826181
0 0.003932584269662922 0.756993006993007 0.007865168539325843 0.08841158841158842
0 0.02659831460674159 0.7697652347652347 0.018634831460674198 0.07814685314685306
0 0.914185393258427 0.6663336663336663 0.007584269662921348 0.07167832167832168
0 0.9455056179775281 0.6658341658341659 0.010955056179775281 0.0979020979020979
0 0.9266853932584269 0.6308691308691309 0.009550561797752809 0.08691308691308691
0 0.913623595505618 0.47677322677322675 0.0023876404494382023 0.014235764235764236