0 0.20733788395904437 0.34058704453441296 0.15443686006825938 0.3350202429149798
0 0.643344709897611 0.4686234817813765 0.37656427758816835 0.42054655870445345
0 0.012514220705346985 0.7950404858299596 0.02502844141069397 0.2257085020242915
0 0.026166097838452786 0.7378542510121457 0.051194539249146756 0.11740890688259109
0 0.3623435722411832 0.8142712550607287 0.03526734926052332 0.25809716599190285
0 0.24146757679180889 0.9362348178137652 0.07110352673492605 0.12753036437246965
0 0.22056313993174062 0.8560222672064778 0.0611490329920364 0.270748987854251
0 0.3037542662116041 0.8942307692307693 0.05688282138794084 0.21153846153846154
0 0.6109215017064846 0.8714574898785425 0.017064846416382253 0.07236842105263158
0 0.5998293515358362 0.8699392712550608 0.017349260523321957 0.0673076923076923
0 0.5762229806598407 0.8734817813765182 0.015927189988623434 0.0860323886639676
0 0.5565984072810012 0.8734817813765182 0.01763367463026166 0.0840080971659919