0 0.1447089947089947 0.3549905838041431 0.16984126984126985 0.4689265536723164
0 0.6309523809523809 0.4510357815442561 0.12222222222222222 0.2768361581920904
0 0.36428571428571427 0.454331450094162 0.13994708994708996 0.2702448210922787
0 0.8521164021164022 0.4670433145009416 0.12275132275132275 0.2443502824858757
0 0.4515873015873016 0.3258003766478343 0.0835978835978836 0.4444444444444444
0 0.5169312169312169 0.4595103578154426 0.09312169312169312 0.2598870056497175
0 0.9193121693121693 0.2994350282485876 0.16005291005291006 0.4453860640301318
0 0.3648148148148148 0.243879472693032 0.10423280423280423 0.2867231638418079
0 0.5314814814814814 0.3121468926553672 0.09867724867724868 0.454331450094162
0 0.6693121693121693 0.3215630885122411 0.19153439153439153 0.449623352165725
0 0.6145502645502645 0.2645951035781544 0.10793650793650794 0.32015065913371
0 0.7957671957671958 0.3173258003766478 0.1201058201058201 0.449623352165725
0 0.14576719576719577 0.8114406779661016 0.05026455026455026 0.20951035781544255
0 0.11931216931216931 0.7019774011299436 0.047619047619047616 0.22128060263653485
0 0.016666666666666666 0.7080979284369114 0.03333333333333333 0.23728813559322035
0 0.7978835978835979 0.7966101694915254 0.27195767195767195 0.4067796610169492