0 0.6989374262101535 0.09191176470588236 0.05608028335301062 0.14180672268907563
0 0.8801652892561983 0.29936974789915966 0.07083825265643448 0.22058823529411764
0 0.48760330578512395 0.226890756302521 0.03541912632821724 0.24369747899159663
0 0.6797520661157025 0.2534138655462185 0.04427390791027155 0.21796218487394958
0 0.6450708382526564 0.1798844537815126 0.048701298701298704 0.2547268907563025
0 0.6419716646989374 0.05619747899159664 0.048996458087367176 0.11239495798319328
0 0.5380755608028335 0.14968487394957983 0.04427390791027155 0.18382352941176472
0 0.5801357733175915 0.13655462184873948 0.04279811097992916 0.20483193277310924
0 0.5664108618654073 0.01050420168067227 0.03837072018890201 0.02100840336134454
0 0.8664403778040142 0.14968487394957983 0.03689492325855962 0.19957983193277312
0 0.8871015348288076 0.08797268907563026 0.04279811097992916 0.17594537815126052
0 0.9155844155844156 0.08140756302521009 0.03541912632821724 0.16281512605042017
0 0.9394923258559622 0.05777310924369748 0.032467532467532464 0.11554621848739496
0 0.8665879574970484 0.022058823529411766 0.04014167650531287 0.04411764705882353
0 0.8282172373081464 0.0351890756302521 0.03659976387249114 0.0703781512605042
0 0.2039551357733176 0.6129201680672269 0.07703659976387249 0.23056722689075632