0 0.007679180887372013 0.3758526603001364 0.015358361774744027 0.06821282401091405
0 0.07792946530147896 0.371418826739427 0.011660978384527872 0.05081855388813097
0 0.06427758816837315 0.3669849931787176 0.013083048919226393 0.05525238744884038
0 0.5898748577929466 0.03274215552523874 0.03981797497155859 0.06548431105047749
0 0.6550056882821388 0.041950886766712145 0.04550625711035267 0.08185538881309687
0 0.6530147895335608 0.020804911323328786 0.04436860068259386 0.04160982264665757
0 0.5917235494880546 0.36425648021828105 0.05261660978384528 0.15688949522510232
0 0.5659840728100114 0.4484993178717599 0.05233219567690557 0.17257844474761255
0 0.9894766780432309 0.5576398362892224 0.02104664391353811 0.15893587994542974
0 0.8761376564277589 0.23209413369713505 0.058304891922639365 0.14154160982264666
0 0.9116894197952219 0.21333560709413368 0.044084186575654154 0.14495225102319237
0 0.906712172923777 0.10675306957708049 0.0540386803185438 0.11596180081855388
0 0.8839590443686007 0.08117326057298772 0.036973833902161544 0.12278308321964529
0 0.8491183162684869 0.0939631650750341 0.04124004550625711 0.11084583901773533
0 0.9628839590443686 0.1570600272851296 0.03839590443686007 0.0733287858117326
0 0.7595278725824801 0.0871418826739427 0.05546075085324232 0.13472032742155526
0 0.5548919226393629 0.04740791268758526 0.030147895335608646 0.09481582537517053
0 0.6666666666666666 0.6012960436562074 0.07394766780432309 0.13710777626193724
0 0.753839590443686 0.21930422919508868 0.0611490329920364 0.1432469304229195
0 0.8171217292377702 0.6217598908594816 0.059726962457337884 0.09618008185538882
0 0.7659271899886234 0.5748635743519782 0.07679180887372014 0.1892905866302865
0 0.7161547212741752 0.6466575716234653 0.06257110352673492 0.04638472032742155
0 0.9237770193401593 0.4554911323328786 0.0540386803185438 0.1688267394270123
0 0.6865756541524459 0.852319236016371 0.29323094425483504 0.24113233287858118