0 0.6788194444444444 0.5751028806584362 0.11805555555555555 0.22839506172839505
0 0.8359375 0.3297325102880658 0.12413194444444445 0.5339506172839507
0 0.9317129629629629 0.5082304526748971 0.12384259259259259 0.36213991769547327
0 0.5257523148148148 0.9434156378600823 0.05497685185185185 0.11316872427983539
0 0.4965277777777778 0.8806584362139918 0.052083333333333336 0.23868312757201646
0 0.17476851851851852 0.7340534979423868 0.047453703703703706 0.08950617283950617
0 0.11834490740740741 0.7613168724279835 0.050347222222222224 0.1440329218106996
0 0.2795138888888889 0.7211934156378601 0.046296296296296294 0.06378600823045268
0 0.2349537037037037 0.7186213991769548 0.04050925925925926 0.05864197530864197
0 0.3072916666666667 0.8436213991769548 0.052083333333333336 0.23148148148148148
0 0.19502314814814814 0.8868312757201646 0.05092592592592592 0.22633744855967078
0 0.3967013888888889 0.9176954732510288 0.06076388888888889 0.1646090534979424
0 0.1472800925925926 0.9717078189300411 0.05613425925925926 0.056584362139917695
0 0.8142361111111112 0.8436213991769548 0.044270833333333336 0.13271604938271606