0 0.3473871733966746 0.3165961945031712 0.14311163895486936 0.15169133192389006
0 0.2597980997624703 0.3276955602536998 0.19566508313539194 0.2584566596194503
0 0.25771971496437057 0.29651162790697677 0.10362232779097387 0.21141649048625794
0 0.8467933491686461 0.24841437632135308 0.049584323040380046 0.07135306553911205
0 0.047505938242280284 0.5618393234672304 0.047505938242280284 0.06448202959830866
0 0.18364014251781471 0.8483086680761099 0.05492874109263658 0.2167019027484144
0 0.2786520190023753 0.8258456659619451 0.06086698337292162 0.21934460887949261
0 0.31576603325415675 0.7967758985200846 0.04602137767220903 0.22463002114164904
0 0.31057007125890734 0.6316067653276956 0.05641330166270784 0.17970401691331925
0 0.28652019002375295 0.6083509513742071 0.03859857482185273 0.15750528541226216
0 0.2502969121140142 0.6136363636363636 0.04334916864608076 0.16807610993657504
0 0.171021377672209 0.604122621564482 0.047505938242280284 0.14904862579281183
0 0.3692102137767221 0.7095665961945031 0.04008313539192399 0.11363636363636363
0 0.4605106888361045 0.6686046511627907 0.047505938242280284 0.17970401691331925
0 0.5310273159144893 0.7280655391120507 0.043052256532066506 0.19291754756871035
0 0.5191508313539193 0.6738900634249472 0.043052256532066506 0.19027484143763213
0 0.5748218527315915 0.7478858350951374 0.047505938242280284 0.20084566596194503
0 0.6211401425178147 0.7135306553911205 0.03681710213776722 0.21141649048625794
0 0.47951306413301664 0.5882663847780126 0.04453681710213777 0.11733615221987315
0 0.5249406175771971 0.5819238900634249 0.040380047505938245 0.10465116279069768
0 0.5596793349168646 0.5909090909090909 0.03859857482185273 0.1226215644820296
0 0.5953087885985748 0.6014799154334038 0.03859857482185273 0.14376321353065538
0 0.6241092636579573 0.6083509513742071 0.030878859857482184 0.15750528541226216
0 0.5347387173396675 0.556553911205074 0.03859857482185273 0.05391120507399577
0 0.8453087885985748 0.7283298097251586 0.07244655581947744 0.22568710359408034