0 0.03583916083916084 0.11988304093567251 0.07167832167832168 0.23976608187134502
0 0.08391608391608392 0.1871345029239766 0.0944055944055944 0.3508771929824561
0 0.15996503496503497 0.2134502923976608 0.07517482517482517 0.3684210526315789
0 0.23251748251748253 0.1608187134502924 0.08741258741258741 0.3216374269005848
0 0.29545454545454547 0.195906432748538 0.06993006993006994 0.34502923976608185
0 0.34965034965034963 0.18859649122807018 0.06293706293706294 0.28362573099415206
0 0.4256993006993007 0.2149122807017544 0.09615384615384616 0.13157894736842105
0 0.4379370629370629 0.2777777777777778 0.07517482517482517 0.15789473684210525
0 0.3173076923076923 0.3567251461988304 0.07867132867132867 0.24561403508771928
0 0.21416083916083917 0.37719298245614036 0.1346153846153846 0.2046783625730994
0 0.1215034965034965 0.39473684210526316 0.11713286713286714 0.1695906432748538
0 0.14248251748251747 0.4327485380116959 0.1555944055944056 0.0935672514619883
0 0.23776223776223776 0.3815789473684211 0.16783216783216784 0.195906432748538
0 0.3776223776223776 0.3786549707602339 0.13986013986013987 0.20175438596491227
0 0.4807692307692308 0.33187134502923976 0.0979020979020979 0.2953216374269006
0 0.47027972027972026 0.3406432748538012 0.11888111888111888 0.2777777777777778
0 0.7648601398601399 0.23976608187134502 0.47027972027972026 0.47953216374269003
0 0.29982517482517484 0.8187134502923976 0.39335664335664333 0.36257309941520466