0 0.9260249554367201 0.21746031746031746 0.035650623885918005 0.18095238095238095
0 0.8832442067736186 0.21428571428571427 0.03208556149732621 0.15555555555555556
0 0.8230837789661319 0.22063492063492063 0.03832442067736185 0.1746031746031746
0 0.8435828877005348 0.0373015873015873 0.01693404634581105 0.07142857142857142
0 0.2967914438502674 0.8682539682539683 0.06372549019607843 0.07857142857142857
0 0.5481283422459893 0.9 0.11987522281639929 0.07142857142857142
0 0.4055258467023173 0.8722222222222222 0.06417112299465241 0.07063492063492063
0 0.321301247771836 0.8285714285714286 0.04857397504456328 0.04365079365079365
0 0.4434046345811052 0.9373015873015873 0.14349376114081996 0.08015873015873017
0 0.3092691622103387 0.8103174603174603 0.03208556149732621 0.020634920634920634
0 0.4959893048128342 0.873015873015873 0.07709447415329768 0.05396825396825397
0 0.3979500891265597 0.8484126984126984 0.05659536541889483 0.05238095238095238
0 0.7807486631016043 0.9 0.2816399286987522 0.2