0 0.4489291598023064 0.3870967741935484 0.1387973640856672 0.2844574780058651
0 0.35502471169686983 0.3951612903225806 0.09266886326194398 0.26759530791788855
0 0.41721581548599673 0.2991202346041056 0.05271828665568369 0.08651026392961877
0 0.3929159802306425 0.21334310850439883 0.09637561779242175 0.09750733137829912
0 0.3117792421746293 0.21994134897360704 0.09390444810543658 0.2126099706744868
0 0.2804777594728171 0.3343108504398827 0.08484349258649095 0.22287390029325513
0 0.21869851729818782 0.3497067448680352 0.10296540362438221 0.2001466275659824
0 0.09596375617792421 0.3387096774193548 0.10172981878088962 0.22287390029325513
0 0.13838550247116968 0.32404692082111436 0.06548599670510709 0.21114369501466276
0 0.17751235584843492 0.2873900293255132 0.05930807248764415 0.11950146627565983
0 0.030065897858319604 0.3658357771260997 0.06013179571663921 0.28885630498533726
0 0.005766062602965404 0.36363636363636365 0.011532125205930808 0.2844574780058651
0 0.07084019769357495 0.20967741935483872 0.018121911037891267 0.02126099706744868
0 0.17504118616144976 0.21334310850439883 0.04612850082372323 0.04032258064516129
0 0.8261943986820428 0.2529325513196481 0.11532125205930807 0.49193548387096775
0 0.10502471169686985 0.6730205278592375 0.12273476112026359 0.2873900293255132
0 0.9110378912685337 0.8064516129032258 0.07413509060955518 0.3790322580645161