0 0.7201426024955436 0.3388888888888889 0.04634581105169341 0.24603174603174602
0 0.6292335115864528 0.3492063492063492 0.049910873440285206 0.26031746031746034
0 0.7544563279857398 0.034126984126984124 0.02406417112299465 0.06825396825396825
0 0.6809269162210339 0.353968253968254 0.049910873440285206 0.23492063492063492
0 0.7295008912655971 0.034126984126984124 0.022281639928698752 0.06825396825396825
0 0.2749554367201426 0.7587301587301587 0.026737967914438502 0.08888888888888889
0 0.14572192513368984 0.7626984126984127 0.0338680926916221 0.09365079365079365
0 0.37745098039215685 0.753968253968254 0.02406417112299465 0.10158730158730159
0 0.3502673796791444 0.7603174603174603 0.024955436720142603 0.1111111111111111
0 0.1626559714795009 0.7468253968253968 0.023172905525846704 0.06825396825396825
0 0.20098039215686275 0.7603174603174603 0.0285204991087344 0.1492063492063492
0 0.3333333333333333 0.7476190476190476 0.016042780748663103 0.08571428571428572
0 0.30213903743315507 0.719047619047619 0.020053475935828877 0.09206349206349207
0 0.29500891265597146 0.726984126984127 0.030303030303030304 0.08253968253968254
0 0.23351158645276293 0.7373015873015873 0.015151515151515152 0.05238095238095238
0 0.2179144385026738 0.7388888888888889 0.012032085561497326 0.048412698412698414
0 0.19919786096256684 0.765079365079365 0.035204991087344026 0.09682539682539683
0 0.08645276292335116 0.7428571428571429 0.01693404634581105 0.06984126984126984
0 0.06060606060606061 0.7476190476190476 0.014705882352941176 0.06190476190476191
0 0.028966131907308377 0.7523809523809524 0.01693404634581105 0.05873015873015873