0 0.19886363636363635 0.10124610591900311 0.055944055944055944 0.04750778816199377
0 0.34134615384615385 0.11448598130841121 0.10402097902097902 0.14563862928348908
0 0.4130244755244755 0.14018691588785046 0.06949300699300699 0.16433021806853582
0 0.479020979020979 0.13395638629283488 0.06687062937062938 0.1378504672897196
0 0.6022727272727273 0.1526479750778816 0.013548951048951048 0.15965732087227413
0 0.10183566433566434 0.13317757009345793 0.02054195804195804 0.04750778816199377
0 0.11800699300699301 0.1308411214953271 0.01791958041958042 0.0514018691588785
0 0.9554195804195804 0.2819314641744548 0.08916083916083917 0.27414330218068533
0 0.8817657342657342 0.15954828660436138 0.03065559440559435 0.17204049844236768
0 0.44667832167832167 0.9010903426791277 0.07342657342657342 0.19781931464174454
0 0.375 0.9322429906542056 0.05244755244755245 0.13551401869158877
0 0.3269230769230769 0.45950155763239875 0.012237762237762238 0.0529595015576324
0 0.3369755244755245 0.45950155763239875 0.013111888111888112 0.0529595015576324
0 0.42744755244755245 0.5233644859813084 0.012237762237762238 0.07165109034267912
0 0.6960839160839162 0.6690498442367601 0.0825874125874126 0.3258722741433022