0 0.7277472527472527 0.24169921875 0.07802197802197802 0.3681640625
0 0.17994505494505494 0.8349609375 0.13763736263736265 0.22021484375
0 0.39615384615384613 0.77685546875 0.13351648351648351 0.33349609375
0 0.31236263736263736 0.86474609375 0.15137362637362636 0.25537109375
0 0.2826923076923077 0.73828125 0.1239010989010989 0.212890625
0 0.5986263736263736 0.65625 0.03791208791208791 0.212890625
0 0.5862637362637363 0.77099609375 0.013186813186813187 0.2470703125
0 0.6760989010989011 0.9287109375 0.06758241758241758 0.142578125
0 0.9832417582417582 0.90673828125 0.033516483516483515 0.1865234375
0 0.8987637362637363 0.8017578125 0.05357142857142857 0.244140625
0 0.7815934065934066 0.9814453125 0.06318681318681318 0.037109375
0 0.7565934065934066 0.93115234375 0.07142857142857142 0.1376953125