0 0.9178571428571428 0.2998046875 0.16428571428571428 0.537109375
0 0.32994505494505494 0.40185546875 0.20054945054945056 0.3349609375
0 0.5049450549450549 0.396484375 0.18928571428571428 0.34521484375
0 0.6659340659340659 0.4091796875 0.16923076923076924 0.3203125
0 0.7846153846153846 0.39501953125 0.15879120879120878 0.3486328125
0 0.5925824175824176 0.2119140625 0.13351648351648351 0.2880859375
0 0.4634615384615385 0.19677734375 0.1447802197802198 0.33056640625
0 0.32884615384615384 0.2109375 0.15 0.2880859375
0 0.7013736263736263 0.20361328125 0.11950549450549451 0.2763671875
0 0.8074175824175824 0.1767578125 0.12087912087912088 0.2568359375
0 0.20357142857142857 0.72265625 0.0521978021978022 0.1953125
0 0.14134615384615384 0.687744140625 0.05357142857142857 0.21240234375
0 0.08818681318681319 0.66064453125 0.04120879120879121 0.1826171875
0 0.05824175824175824 0.65576171875 0.04945054945054945 0.1728515625
0 0.0228021978021978 0.64599609375 0.0456043956043956 0.1533203125
0 0.02142857142857143 0.80615234375 0.04285714285714286 0.2099609375
0 0.011263736263736264 0.74365234375 0.022527472527472527 0.1728515625