0 0.3564245810055866 0.38629592850049654 0.1670391061452514 0.4468718967229394
0 0.22932960893854748 0.4019364448857994 0.2927374301675978 0.4155908639523337
0 0.2685754189944134 0.3731380337636544 0.1727653631284916 0.4029294935451837
0 0.8773743016759776 0.5119165839126117 0.04888268156424581 0.19563058589870905
0 0.7289106145251396 0.48311817279046676 0.0526536312849162 0.2529791459781529
0 0.6865921787709497 0.2544687189672294 0.024441340782122904 0.1266137040714995
0 0.6069832402234637 0.1343098311817279 0.010754189944134079 0.05908639523336644
0 0.18966480446927375 0.9565541211519365 0.03240223463687151 0.08689175769612711
0 0.293854748603352 0.9558093346573983 0.045251396648044694 0.08838133068520357
0 0.4202569832402235 0.9404965243296922 0.030340782122905 0.0998460774577955
0 0.37094972067039106 0.9496027805362462 0.042458100558659215 0.10079443892750745
0 0.330340782122905 0.9123932472691162 0.02809776536312853 0.10066037735849058
0 0.35612849162011173 0.9356752730883814 0.02131564245810067 0.0567527308838134
0 0.37836033519553064 0.904304865938431 0.02313407821229042 0.09716484607745782
0 0.9537709497206703 0.8570009930486594 0.03240223463687151 0.08416087388282026