0 0.28164556962025317 0.24493927125506074 0.08544303797468354 0.20647773279352227
0 0.3852848101265823 0.3785425101214575 0.014240506329113924 0.020242914979757085
0 0.16930379746835442 0.798582995951417 0.33860759493670883 0.402834008097166
0 0.12420886075949367 0.6578947368421053 0.11867088607594936 0.17813765182186234
0 0.9322626582278482 0.6934008097165991 0.10568037974683557 0.3792307692307692
0 0.8916139240506329 0.4706477732793522 0.07120253164556962 0.16396761133603238
0 0.8240189873417721 0.5623684210526316 0.13944620253164555 0.22455465587044535
0 0.9786392405063291 0.4767206477732793 0.04272151898734177 0.17611336032388664
0 0.9382911392405063 0.4200404858299595 0.056962025316455694 0.06275303643724696
0 0.37895569620253167 0.8532388663967612 0.08069620253164557 0.2935222672064777
0 0.682753164556962 0.4251012145748988 0.06487341772151899 0.0728744939271255
0 0.6012658227848101 0.44635627530364375 0.04746835443037975 0.11538461538461539
0 0.6424050632911392 0.4352226720647773 0.05063291139240506 0.0931174089068826
0 0.7096518987341772 0.4109311740890688 0.04272151898734177 0.044534412955465584