0 0.1622222222222222 0.2644444444444444 0.3244444444444444 0.5288888888888889
0 0.4388888888888889 0.26555555555555554 0.03777777777777778 0.24666666666666667
0 0.7555555555555555 0.2788888888888889 0.12444444444444444 0.23333333333333334
0 0.9588888888888889 0.2788888888888889 0.08222222222222222 0.18
0 0.47444444444444445 0.22777777777777777 0.03333333333333333 0.13111111111111112
0 0.49777777777777776 0.2477777777777778 0.02666666666666667 0.09111111111111111
0 0.6577777777777778 0.22111111111111112 0.04888888888888889 0.11777777777777777
0 0.8866666666666667 0.21222222222222223 0.03111111111111111 0.1
0 0.92 0.18444444444444444 0.02666666666666667 0.044444444444444446
0 0.9211111111111111 0.22777777777777777 0.03777777777777778 0.08666666666666667
0 0.8388888888888889 0.7644444444444445 0.31777777777777777 0.4711111111111111
0 0.57 0.7644444444444445 0.3 0.4711111111111111