0 0.5206989247311828 0.23279158699808794 0.09731182795698924 0.14244741873804972
0 0.7467741935483871 0.27915869980879543 0.12446236559139785 0.251434034416826
0 0.8930107526881721 0.3173996175908222 0.21397849462365592 0.3652007648183556
0 0.7456989247311828 0.5922562141491395 0.051075268817204304 0.12906309751434034
0 0.5803763440860215 0.7834608030592735 0.06451612903225806 0.2055449330783939
0 0.9513440860215053 0.7153441682600382 0.05913978494623656 0.2222753346080306
0 0.7631720430107527 0.739244741873805 0.04032258064516129 0.19837476099426385
0 0.7947580645161291 0.6723231357552581 0.04435483870967742 0.23183556405353728
0 0.7973118279569893 0.5554493307839388 0.04408602150537634 0.11089866156787763
0 0.8922043010752688 0.6448374760994264 0.04032258064516129 0.16730401529636713
0 0.8538978494623656 0.6328871892925431 0.038978494623655914 0.1864244741873805
0 0.5931451612903226 0.6448374760994264 0.033602150537634407 0.18164435946462715
0 0.5743279569892473 0.5886711281070746 0.038978494623655914 0.1601338432122371
0 0.5478494623655914 0.5783938814531548 0.03225806451612903 0.15678776290630975
0 0.5266129032258065 0.5568833652007649 0.02956989247311828 0.11376673040152964
0 0.593010752688172 0.5243785850860421 0.03655913978494624 0.04875717017208413
0 0.6279569892473118 0.5363288718929254 0.03333333333333333 0.07265774378585087
0 0.835752688172043 0.9622370936902486 0.056451612903225805 0.07552581261950286
0 0.44798387096774195 0.7225143403441683 0.04704301075268817 0.19837476099426385
0 0.9034946236559139 0.9287762906309751 0.06075268817204301 0.14244741873804972