0 0.17468944099378883 0.27926829268292686 0.20652173913043478 0.1975609756097561
0 0.6909937888198758 0.18902439024390244 0.10869565217391304 0.3780487804878049
0 0.8206521739130435 0.17926829268292682 0.10714285714285714 0.35853658536585364
0 0.9487577639751553 0.16951219512195123 0.08695652173913043 0.33902439024390246
0 0.3804347826086957 0.8036585365853659 0.11490683229813664 0.3926829268292683
0 0.06987577639751552 0.725609756097561 0.13975155279503104 0.5487804878048781
0 0.1777950310559006 0.6890243902439024 0.14130434782608695 0.6219512195121951
0 0.609472049689441 0.6963414634146341 0.11956521739130435 0.6073170731707317
0 0.5683229813664596 0.6951219512195121 0.037267080745341616 0.6097560975609756
0 0.8361801242236024 0.6890243902439024 0.09161490683229814 0.6219512195121951
0 0.9743788819875776 0.651219512195122 0.05124223602484472 0.5463414634146342
0 0.7748447204968945 0.6951219512195121 0.09316770186335403 0.6097560975609756
0 0.6583850931677019 0.6 0.07763975155279502 0.44390243902439025