0 0.6929260450160771 0.18930041152263374 0.08681672025723473 0.26337448559670784
0 0.5498392282958199 0.8281893004115226 0.053858520900321546 0.09465020576131687
0 0.06752411575562701 0.8127572016460906 0.04983922829581994 0.08950617283950617
0 0.3963022508038585 0.8199588477366255 0.053858520900321546 0.09670781893004116
0 0.4758842443729904 0.823045267489712 0.04421221864951769 0.10082304526748971
0 0.3247588424437299 0.8271604938271605 0.03938906752411576 0.10185185185185185
0 0.28938906752411575 0.8199588477366255 0.04662379421221865 0.09259259259259259
0 0.11173633440514469 0.8220164609053497 0.06270096463022508 0.09362139917695474
0 0.16318327974276528 0.8148148148148148 0.03376205787781351 0.0874485596707819
0 0.12861736334405144 0.7839506172839507 0.02491961414790997 0.03292181069958848
0 0.08360128617363344 0.7818930041152263 0.03215434083601286 0.04526748971193416
0 0.23311897106109325 0.8343621399176955 0.05144694533762058 0.09156378600823045
0 0.03778135048231511 0.8220164609053497 0.03938906752411576 0.08847736625514403
0 0.00482315112540193 0.831275720164609 0.008842443729903537 0.09670781893004116