0 0.4416951080773606 0.03896761133603239 0.02303754266211604 0.032388663967611336
0 0.419226393629124 0.039473684210526314 0.023890784982935155 0.028846153846153848
0 0.5139362912400455 0.08755060728744939 0.027872582480091012 0.17510121457489877
0 0.9169510807736063 0.3284412955465587 0.055745164960182024 0.201417004048583
0 0.8189704209328783 0.21558704453441296 0.05546075085324232 0.25303643724696356
0 0.6976678043230944 0.4058704453441296 0.06541524459613197 0.0465587044534413
0 0.6717861205915814 0.35374493927125505 0.07394766780432309 0.1508097165991903
0 0.5767918088737202 0.3689271255060729 0.07394766780432309 0.12044534412955465
0 0.4109783845278726 0.7596153846153846 0.07792946530147896 0.4240890688259109
0 0.13964732650739475 0.7697368421052632 0.051763367463026164 0.44635627530364375
0 0.36149032992036406 0.7813765182186235 0.06882821387940842 0.3866396761133603
0 0.2016496018202503 0.7575910931174089 0.08589306029579068 0.4848178137651822
0 0.10864618885096701 0.7930161943319838 0.08873720136518772 0.4139676113360324