0 0.25269138755980863 0.20957446808510638 0.44019138755980863 0.41914893617021276
0 0.7885765550239234 0.15265957446808512 0.011363636363636364 0.07340425531914893
0 0.7951555023923444 0.14574468085106382 0.00777511961722488 0.0574468085106383
0 0.6121411483253588 0.149468085106383 0.017344497607655503 0.08404255319148936
0 0.5885167464114832 0.14202127659574468 0.017942583732057416 0.09042553191489362
0 0.5711722488038278 0.14308510638297872 0.01674641148325359 0.08404255319148936
0 0.5385765550239234 0.13829787234042554 0.01854066985645933 0.05319148936170213
0 0.49850478468899523 0.125 0.011363636363636364 0.02446808510638298
0 0.49521531100478466 0.11702127659574468 0.01076555023923445 0.04042553191489362
0 0.6429425837320574 0.9356382978723404 0.0645933014354067 0.12872340425531914
0 0.6928827751196173 0.4351063829787234 0.056818181818181816 0.031914893617021274
0 0.7476076555023924 0.5079787234042553 0.04904306220095694 0.1776595744680851
0 0.6894437799043063 0.5441489361702128 0.05233253588516747 0.21808510638297873
0 0.6988636363636364 0.8824468085106383 0.04485645933014354 0.2351063829787234
0 0.5053827751196173 0.45904255319148934 0.03110047846889952 0.0797872340425532
0 0.5313995215311005 0.5015957446808511 0.04485645933014354 0.16489361702127658
0 0.8558612440191388 0.4946808510638298 0.04784688995215311 0.15106382978723404
0 0.8098086124401914 0.4920212765957447 0.041866028708133975 0.14574468085106382
0 0.5399222488038278 0.6824468085106383 0.0583133971291866 0.25
0 0.9540968899521531 0.7037234042553191 0.0583133971291866 0.28191489361702127
0 0.8726076555023924 0.6904255319148936 0.06578947368421052 0.2393617021276596
0 0.7716806220095693 0.7515957446808511 0.06429425837320574 0.24468085106382978