0 0.8441011235955056 0.377 0.050280898876404495 0.178
0 0.8019662921348315 0.233 0.04466292134831461 0.204
0 0.9067415730337078 0.5385 0.028089887640449437 0.057
0 0.8446629213483146 0.5585 0.039887640449438204 0.097
0 0.972752808988764 0.5935 0.05449438202247191 0.167
0 0.9283707865168539 0.6035 0.047752808988764044 0.187
0 0.8915730337078651 0.6125 0.10337078651685393 0.205
0 0.8446629213483146 0.636 0.03876404494382023 0.252
0 0.8160112359550562 0.631 0.04662921348314607 0.242
0 0.7752808988764045 0.636 0.07640449438202247 0.248
0 0.7387640449438202 0.71 0.051685393258426963 0.4
0 0.6949438202247191 0.738 0.08202247191011236 0.426
0 0.972752808988764 0.779 0.05449438202247191 0.278
0 0.7941011235955057 0.806 0.10955056179775281 0.388