0 0.029428904428904428 0.3407676348547718 0.058857808857808856 0.4782157676348548
0 0.06701631701631702 0.07572614107883817 0.13403263403263405 0.15093360995850622
0 0.12674825174825174 0.7339211618257261 0.08333333333333333 0.10010373443983403
0 0.014277389277389278 0.7406639004149378 0.028554778554778556 0.10580912863070539
0 0.10547785547785547 0.8526970954356846 0.1893939393939394 0.27645228215767637
0 0.3563519813519814 0.7479253112033195 0.10314685314685315 0.13900414937759337
0 0.2744755244755245 0.7313278008298755 0.10314685314685315 0.13485477178423236
0 0.44434731934731936 0.7557053941908713 0.13053613053613053 0.16390041493775934
0 0.4982517482517482 0.8355809128630706 0.219988344988345 0.3288381742738589
0 0.9755244755244755 0.6706431535269709 0.04895104895104895 0.1400414937759336
0 0.6794871794871795 0.6716804979253111 0.053613053613053616 0.18360995850622408
0 0.7561188811188811 0.804201244813278 0.0641025641025641 0.2411825726141079
0 0.960081585081585 0.8301348547717843 0.043706293706293704 0.21524896265560167
0 0.9258449883449883 0.7575207468879668 0.04807692307692308 0.25155601659751037
0 0.9227855477855478 0.6353734439834025 0.04836829836829837 0.11099585062240663
0 0.8202214452214452 0.7276970954356846 0.043706293706293704 0.18153526970954356
0 0.8617424242424242 0.7147302904564315 0.04224941724941725 0.20228215767634855
0 0.8481934731934732 0.5902489626556017 0.03787878787878788 0.02074688796680498