0 0.32513297872340424 0.3163522012578616 0.1848404255319149 0.5207547169811321
0 0.8497340425531915 0.3213836477987421 0.11569148936170212 0.569496855345912
0 0.6855053191489362 0.17484276729559747 0.031914893617021274 0.08333333333333333
0 0.7160904255319149 0.18647798742138363 0.0199468085106383 0.06006289308176101
0 0.9940159574468085 0.25062893081761006 0.011968085106382979 0.13836477987421383
0 0.9833776595744681 0.21226415094339623 0.018617021276595744 0.07830188679245283
0 0.9773936170212766 0.21069182389937108 0.008643617021276596 0.07484276729559748
0 0.2765957446808511 0.809748427672956 0.35904255319148937 0.3805031446540881
0 0.08178191489361702 0.809748427672956 0.16356382978723405 0.3805031446540881
0 0.8670212765957447 0.8172955974842767 0.06914893617021277 0.3311320754716981
0 0.738031914893617 0.8254716981132075 0.0625 0.2682389937106918
0 0.7632978723404256 0.8226415094339623 0.05518617021276596 0.22924528301886793