0 0.8155253837072018 0.4522058823529412 0.05608028335301062 0.15441176470588236
0 0.7860094451003542 0.3702731092436975 0.053128689492325853 0.24684873949579833
0 0.403482880755608 0.06039915966386555 0.05608028335301062 0.1207983193277311
0 0.45764462809917356 0.13786764705882354 0.048701298701298704 0.2547268907563025
0 0.4604486422668241 0.0351890756302521 0.048406139315230225 0.0703781512605042
0 0.40008854781582054 0.21271008403361344 0.05165289256198347 0.21533613445378152
0 0.40938606847697756 0.4800420168067227 0.04427390791027155 0.09873949579831932
0 0.755608028335301 0.06039915966386555 0.048406139315230225 0.1207983193277311
0 0.5646399055489965 0.14311974789915966 0.047225501770956316 0.19170168067226892
0 0.5188902007083825 0.12867647058823528 0.04132231404958678 0.21008403361344538
0 0.47963400236127507 0.4327731092436975 0.06316410861865407 0.19327731092436976
0 0.5734946871310508 0.4004726890756303 0.06198347107438017 0.23897058823529413
0 0.6465466351829988 0.3230042016806723 0.05460448642266824 0.26260504201680673
0 0.981404958677686 0.06565126050420168 0.0371900826446281 0.13130252100840337
0 0.9284238488783944 0.12998949579831934 0.048701298701298704 0.18119747899159663
0 0.4315230224321133 0.4889705882352941 0.0590318772136954 0.08088235294117647
0 0.03659976387249114 0.7573529411764706 0.07290436835891381 0.17542016806722688
0 0.07290436835891381 0.792016806722689 0.10832349468713105 0.15913865546218486
0 0.55814639905549 0.7647058823529411 0.4911452184179457 0.47058823529411764