0 0.20987654320987653 0.2191358024691358 0.41975308641975306 0.13786008230452676
0 0.10339506172839506 0.16049382716049382 0.20679012345679013 0.2551440329218107
0 0.3595679012345679 0.7870370370370371 0.10802469135802469 0.42592592592592593
0 0.2569444444444444 0.7818930041152263 0.125 0.43621399176954734
0 0.16358024691358025 0.7911522633744856 0.09567901234567901 0.4176954732510288
0 0.034722222222222224 0.7962962962962963 0.06944444444444445 0.4074074074074074
0 0.0933641975308642 0.7921810699588477 0.07561728395061729 0.4156378600823045
0 0.19444444444444445 0.6162551440329218 0.04938271604938271 0.11316872427983539
0 0.12268518518518519 0.6193415637860082 0.041666666666666664 0.11934156378600823
0 0.008487654320987654 0.7932098765432098 0.016975308641975308 0.41358024691358025
0 0.008487654320987654 0.7078189300411523 0.016975308641975308 0.2345679012345679
0 0.7229938271604939 0.6430041152263375 0.2762345679012346 0.573045267489712