0 0.3 0.2947269303201507 0.35978835978835977 0.5894538606403014
0 0.7504391534391534 0.45831450094161963 0.043047619047618876 0.14784369114877588
0 0.7958571428571429 0.47637476459510353 0.03626984126984137 0.22476459510357819
0 0.808058201058201 0.43162900188323916 0.03126984126984122 0.12586629001883246
0 0.83510582010582 0.43398305084745764 0.026560846560846466 0.14627118644067788
0 0.9444444444444444 0.4774011299435028 0.04867724867724868 0.224105461393597
0 0.9823862433862434 0.44576271186440675 0.03181481481481487 0.23574387947269293
0 0.2335978835978836 0.9444444444444444 0.20502645502645503 0.1111111111111111
0 0.5084656084656085 0.672316384180791 0.031746031746031744 0.11487758945386065
0 0.6875661375661376 0.7231638418079096 0.020634920634920634 0.1224105461393597
0 0.714021164021164 0.7038606403013182 0.028042328042328042 0.09322033898305085
0 0.49894179894179896 0.5936911487758946 0.014814814814814815 0.00847457627118644