0 0.2276595744680851 0.20321361058601134 0.048138297872340426 0.03969754253308128
0 0.10664893617021276 0.021739130434782608 0.026595744680851064 0.030245746691871456
0 0.9776595744680852 0.4664461247637051 0.04468085106382979 0.10680529300567108
0 0.5683510638297873 0.374054820415879 0.05053191489361702 0.21030245746691872
0 0.5949468085106383 0.26417769376181477 0.047872340425531915 0.222117202268431
0 0.9390957446808511 0.01984877126654064 0.05053191489361702 0.03969754253308128
0 0.6938829787234042 0.05860113421550094 0.05159574468085106 0.11720226843100189
0 0.7550531914893617 0.045841209829867675 0.05159574468085106 0.09168241965973535
0 0.8061170212765958 0.02551984877126654 0.0398936170212766 0.05103969754253308
0 0.8356382978723405 0.020793950850661626 0.047872340425531915 0.04158790170132325
0 0.875531914893617 0.10349716446124764 0.05053191489361702 0.20321361058601134
0 0.8920212765957447 0.06332703213610585 0.043617021276595745 0.1266540642722117
0 0.7688829787234043 0.42627599243856334 0.061170212765957445 0.18714555765595464
0 0.8587765957446809 0.46975425330812853 0.054787234042553194 0.1001890359168242
0 0.9180851063829787 0.39177693761814747 0.05053191489361702 0.24102079395085066