0 0.9407407407407408 0.2245762711864407 0.04656084656084656 0.23775894538606404
0 0.8838624338624339 0.20903954802259886 0.046031746031746035 0.2382297551789077
0 0.8632275132275132 0.22175141242937854 0.06428571428571428 0.2594161958568738
0 0.8150793650793651 0.1977401129943503 0.054497354497354496 0.2721280602636535
0 0.7854497354497354 0.21610169491525424 0.0671957671957672 0.2514124293785311
0 0.7296296296296296 0.2838983050847458 0.1439153439153439 0.3907721280602637
0 0.692063492063492 0.2193973634651601 0.1 0.2801318267419962
0 0.4097883597883598 0.9628060263653484 0.10317460317460317 0.0743879472693032
0 0.3002645502645503 0.9613935969868174 0.11587301587301588 0.07721280602636535
0 0.24232804232804234 0.7693032015065914 0.1306878306878307 0.1271186440677966
0 0.658994708994709 0.6871468926553672 0.05026455026455026 0.20951035781544255
0 0.6851851851851852 0.583804143126177 0.047619047619047616 0.20903954802259886
0 0.9907407407407407 0.7048022598870056 0.018518518518518517 0.2401129943502825
0 0.9235449735449736 0.8436911487758946 0.06613756613756613 0.2871939736346516
0 0.9394179894179894 0.7236346516007532 0.05555555555555555 0.211864406779661
0 0.8746031746031746 0.6847928436911488 0.06349206349206349 0.2330508474576271