0 0.06973898858075041 0.3130434782608696 0.08115823817292006 0.24202898550724639
0 0.23287112561174553 0.40507246376811595 0.06606851549755302 0.24782608695652175
0 0.31199021207177813 0.4166666666666667 0.0399673735725938 0.2246376811594203
0 0.14518760195758565 0.41884057971014493 0.04608482871125612 0.22028985507246376
0 0.19453507340946166 0.8304347826086956 0.3890701468189233 0.3391304347826087
0 0.0799347471451876 0.8289855072463768 0.1598694942903752 0.24710144927536232
0 0.12071778140293637 0.6985507246376812 0.07789559543230017 0.1681159420289855
0 0.039559543230016314 0.7297101449275363 0.07096247960848287 0.24057971014492754
0 0.18556280587275692 0.7246376811594203 0.0199836867862969 0.0746376811594203
0 0.15742251223491027 0.736231884057971 0.02773246329526917 0.07246376811594203
0 0.0065252854812398045 0.7181159420289855 0.013050570962479609 0.1144927536231884
0 0.6570146818923328 0.6086956521739131 0.012234910277324634 0.06376811594202898
0 0.6700652528548124 0.6398550724637682 0.017128874388254486 0.07681159420289856
0 0.6818923327895595 0.6108695652173913 0.01631321370309951 0.07101449275362319
0 0.5628058727569332 0.7927536231884058 0.02773246329526917 0.07246376811594203
0 0.6504893964110929 0.6572463768115943 0.013866231647634585 0.06521739130434782
0 0.5383360522022839 0.8702898550724638 0.021207177814029365 0.09710144927536232