0 0.7811757719714965 0.11906019007391763 0.04676365795724466 0.1409714889123548
0 0.6183194774346793 0.15760295670538543 0.05671021377672209 0.1438753959873284
0 0.6903206650831354 0.05227032734952482 0.022268408551068885 0.05517423442449842
0 0.6529097387173397 0.05332629355860612 0.029839667458432303 0.06441393875395987
0 0.2855849168646081 0.8169324181626187 0.03256532066508309 0.11832101372756067
0 0.22740201900237533 0.8206863780359029 0.02852731591448929 0.11912882787750798
0 0.12981294536817103 0.7968690601900739 0.027393111638954935 0.10635163674762399
0 0.08833135391923991 0.9221224920802534 0.04542755344418052 0.15575501583949314
0 0.3445872921615202 0.8908975712777191 0.032514845605700775 0.13058606124604008
0 0.013657957244655582 0.925818373812038 0.027315914489311165 0.1304118268215417
0 0.24050178147268408 0.868558606124604 0.04816211401425179 0.11401267159450901
0 0.10168052256532067 0.8485427666314679 0.027737529691211422 0.10617212249208033
0 0.47862232779097386 0.9456177402323126 0.043942992874109264 0.10876451953537487
0 0.1897832541567696 0.8270696937697993 0.027402019002375287 0.10703801478352694
0 0.005047505938242281 0.7806230200633579 0.010095011876484561 0.11034846884899684
0 0.014587292161520188 0.7723020063357973 0.02442992874109263 0.10565997888067576
0 0.17543052256532063 0.8398310454065471 0.022657363420427536 0.06034846884899693
0 0.012351543942992881 0.6894772967265047 0.021959619952494073 0.0692502639915522
0 0.9484857482185273 0.6686906019007391 0.10302850356294536 0.6581309398099261
0 0.6919536817102138 0.6697465681098205 0.203978622327791 0.660506863780359