0 0.696067415730337 0.2185 0.05337078651685393 0.135
0 0.6448033707865168 0.30225 0.046348314606741575 0.2425
0 0.6419943820224719 0.16975 0.046348314606741575 0.1375
0 0.8542134831460674 0.0105 0.029775280898876405 0.021
0 0.699438202247191 0.3505 0.04943820224719101 0.159
0 0.9088483146067415 0.1535 0.0351123595505618 0.175
0 0.5429775280898876 0.30725 0.0449438202247191 0.1825
0 0.5865168539325842 0.2935 0.03932584269662921 0.2
0 0.5325842696629214 0.018 0.038202247191011236 0.036
0 0.5351123595505618 0.0855 0.04325842696629213 0.171
0 0.5661516853932584 0.09475 0.04073033707865169 0.1825
0 0.8845505617977528 0.0305 0.03089887640449438 0.061
0 0.8196629213483146 0.0265 0.033707865168539325 0.053
0 0.6676966292134832 0.068 0.042134831460674156 0.136
0 0.6193820224719101 0.0765 0.04325842696629213 0.153
0 0.8182584269662921 0.17225 0.033707865168539325 0.1725
0 0.8589887640449438 0.15975 0.0449438202247191 0.1525
0 0.8646067415730337 0.286 0.0449438202247191 0.165
0 0.8469101123595506 0.3815 0.05449438202247191 0.097
0 0.4851123595505618 0.162 0.03089887640449438 0.178
0 0.48089887640449436 0.064 0.02247191011235955 0.128
0 0.5162921348314606 0.4015 0.05056179775280899 0.057
0 0.9193820224719101 0.21725 0.042134831460674156 0.1925
0 0.9820224719101124 0.339 0.035955056179775284 0.182
0 0.08370786516853933 0.738 0.04747191011235955 0.29
0 0.3241573033707865 0.7625 0.05786516853932584 0.258
0 0.021348314606741574 0.736 0.04269662921348315 0.324
0 0.7382022471910112 0.7875 0.4615168539325843 0.4245
0 0.8828651685393258 0.7335 0.23426966292134832 0.533