0 0.7231578947368421 0.1952247191011236 0.05 0.12640449438202248
0 0.6751315789473684 0.27364232209737827 0.04342105263157895 0.22705992509363296
0 0.6725 0.14957865168539325 0.04342105263157895 0.12874531835205993
0 0.906578947368421 0.04728464419475655 0.027894736842105264 0.0945692883895131
0 0.8725 0.0852059925093633 0.035526315789473684 0.13576779026217228
0 0.8382894736842105 0.08871722846441947 0.03289473684210526 0.175561797752809
0 0.9034210526315789 0.024812734082397005 0.02894736842105263 0.04962546816479401
0 0.6726315789473685 0.03885767790262172 0.037894736842105266 0.07771535580524344
0 0.7055263157894737 0.037921348314606744 0.038421052631578946 0.07584269662921349
0 0.9936842105263158 0.28745318352059923 0.01263157894736842 0.1797752808988764
0 0.7263157894736842 0.33192883895131087 0.04631578947368421 0.1750936329588015
0 0.5144736842105263 0.3445692883895131 0.05105263157894737 0.149812734082397
0 0.9225 0.1343632958801498 0.03289473684210526 0.16385767790262173
0 0.9363157894736842 0.21395131086142322 0.04473684210526316 0.17790262172284643
0 0.8922368421052631 0.21629213483146068 0.035526315789473684 0.16853932584269662
0 0.8652631578947368 0.28651685393258425 0.039473684210526314 0.17790262172284643
0 0.8710526315789474 0.375 0.04631578947368421 0.08895131086142322
0 0.5797368421052631 0.2783239700374532 0.042105263157894736 0.17088014981273408
0 0.6205263157894737 0.2654494382022472 0.03684210526315789 0.18726591760299627
0 0.5431578947368421 0.019194756554307114 0.031578947368421054 0.03838951310861423
0 0.5381578947368421 0.08099250936329588 0.04368421052631579 0.16198501872659177
0 0.57 0.012172284644194757 0.035789473684210524 0.024344569288389514
0 0.5723684210526315 0.075374531835206 0.04052631578947368 0.150749063670412
0 0.6013157894736842 0.08239700374531835 0.038421052631578946 0.1647940074906367
0 0.08447368421052631 0.7825374531835206 0.05 0.20833333333333334
0 0.11078947368421052 0.673689138576779 0.04736842105263158 0.2200374531835206
0 0.4513157894736842 0.4353932584269663 0.05 0.031835205992509365
0 0.4305263157894737 0.8000936329588015 0.05 0.23876404494382023
0 0.18105263157894738 0.44569288389513106 0.04842105263157895 0.052434456928838954
0 0.25 0.5182584269662921 0.05789473684210526 0.19756554307116106
0 0.4344736842105263 0.5320692883895131 0.039473684210526314 0.19428838951310862
0 0.40342105263157896 0.49953183520599254 0.04368421052631579 0.1601123595505618
0 0.30815789473684213 0.4705056179775281 0.039473684210526314 0.10205992509363296
0 0.3455263157894737 0.4691011235955056 0.038421052631578946 0.09925093632958802
0 0.3476315789473684 0.8974719101123596 0.06578947368421052 0.2050561797752809
0 0.3634210526315789 0.8188202247191011 0.05526315789473684 0.21067415730337077
0 0.29894736842105263 0.7801966292134831 0.06315789473684211 0.23174157303370788
0 0.958421052631579 0.5936329588014981 0.08315789473684211 0.34831460674157305