0 0.7668508287292818 0.21954813359528488 0.15469613259668508 0.43909626719056977
0 0.888121546961326 0.21954813359528488 0.22375690607734808 0.43909626719056977
0 0.13149171270718232 0.8138506876227898 0.07403314917127071 0.37229862475442044
0 0.06325966850828729 0.81237721021611 0.112707182320442 0.37475442043222
0 0.5513812154696133 0.7018664047151277 0.03618784530386741 0.18614931237721022
0 0.48287292817679556 0.6640471512770137 0.02292817679558011 0.0869351669941061
0 0.1983425414364641 0.6611001964636543 0.04143646408839779 0.08791748526522593
0 0.8080110497237569 0.9209233791748527 0.05911602209944752 0.1581532416502947
0 0.711878453038674 0.5137524557956779 0.044751381215469614 0.14931237721021612
0 0.7653314917127072 0.5397838899803536 0.04834254143646409 0.2013752455795678
0 0.7563535911602209 0.8565815324165029 0.04143646408839779 0.22593320235756384
0 0.9392265193370166 0.468565815324165 0.03756906077348066 0.05893909626719057
0 0.9107734806629835 0.5078585461689588 0.04143646408839779 0.137524557956778
0 0.9034530386740331 0.6674852652259332 0.05386740331491713 0.23084479371316308
0 0.7041436464088398 0.730844793713163 0.029281767955801105 0.22593320235756384