0 0.28206521739130436 0.9709864603481625 0.058695652173913045 0.058027079303675046
0 0.3105978260869565 0.4946808510638298 0.017934782608695653 0.13056092843326886
0 0.1733695652173913 0.3849129593810445 0.03695652173913044 0.13152804642166344
0 0.31005434782608693 0.6445841392649904 0.019021739130434784 0.19825918762088976
0 0.121875 0.4318181818181818 0.033967391304347824 0.16924564796905223
0 0.153125 0.5164410058027079 0.036684782608695655 0.17408123791102514
0 0.18097826086956523 0.5889748549323017 0.04076086956521739 0.18375241779497098
0 0.20190217391304346 0.38733075435203096 0.03641304347826087 0.13636363636363635
0 0.1453804347826087 0.3307543520309478 0.029891304347826088 0.02321083172147002
0 0.18845108695652174 0.7703094777562862 0.05298913043478261 0.22727272727272727
0 0.06209239130434783 0.5913926499032882 0.04755434782608696 0.19342359767891681
0 0.07635869565217392 0.5164410058027079 0.04891304347826087 0.16924564796905223
0 0.6847826086956522 0.7906189555125726 0.15679347826086956 0.4182785299806576