0 0.47327790973871736 0.30391120507399577 0.04156769596199525 0.09513742071881606
0 0.9055819477434679 0.7624207188160677 0.05938242280285035 0.24577167019027485
0 0.8081947743467933 0.888477801268499 0.06413301662707839 0.22304439746300211
0 0.9493764845605701 0.41094080338266387 0.05195961995249406 0.2087737843551797
0 0.9107779097387173 0.37790697674418605 0.05195961995249406 0.24312896405919662
0 0.8577790973871734 0.2996828752642706 0.05641330166270784 0.11945031712473574
0 0.9121140142517815 0.2679704016913319 0.048693586698337295 0.056025369978858354
0 0.9516033254156769 0.27061310782241016 0.03859857482185273 0.0613107822410148
0 0.9801068883610451 0.27167019027484146 0.03978622327790974 0.06342494714587738
0 0.671021377672209 0.36865750528541225 0.050475059382422804 0.21405919661733616
0 0.6977434679334917 0.3049682875264271 0.04156769596199525 0.13002114164904863
0 0.7538598574821853 0.28118393234672306 0.04453681710213777 0.0824524312896406
0 0.7131828978622328 0.27431289640591966 0.03681710213776722 0.06871035940803383
0 0.6255938242280285 0.29809725158562367 0.03978622327790974 0.11627906976744186