0 0.8287037037037037 0.20267489711934156 0.04600694444444445 0.1455761316872428
0 0.7662037037037037 0.2088477366255144 0.034722222222222224 0.1455761316872428
0 0.7462384259259259 0.19290123456790123 0.025752314814814815 0.12397119341563786
0 0.6767939814814815 0.18209876543209877 0.03501157407407408 0.16512345679012347
0 0.8770254629629629 0.1332304526748971 0.015914351851851853 0.03909465020576132
0 0.8940972222222222 0.12705761316872427 0.0078125 0.021604938271604937
0 0.3224826388888889 0.8487654320987654 0.06221064814814815 0.2366255144032922
0 0.4236111111111111 0.42232510288065844 0.047453703703703706 0.08539094650205761
0 0.3671875 0.4495884773662551 0.050347222222222224 0.13991769547325103
0 0.3767361111111111 0.7458847736625515 0.043402777777777776 0.2366255144032922
0 0.2144097222222222 0.4161522633744856 0.043402777777777776 0.07304526748971193
0 0.5283564814814815 0.4094650205761317 0.046296296296296294 0.059670781893004114
0 0.4837962962962963 0.40689300411522633 0.04050925925925926 0.05452674897119342
0 0.44545717592592593 0.6571502057613169 0.06221064814814815 0.24434156378600824
0 0.5373263888888888 0.5979938271604939 0.06076388888888889 0.23405349794238683
0 0.5908564814814815 0.5216049382716049 0.017361111111111112 0.257201646090535
0 0.22265625 0.5478395061728395 0.05642361111111111 0.2417695473251029
0 0.3984375 0.779320987654321 0.05787037037037037 0.2674897119341564
0 0.7346643518518519 0.801954732510288 0.02228009259259259 0.22479423868312756
0 0.7589699074074074 0.8065843621399177 0.025173611111111112 0.22582304526748972
0 0.8032407407407407 0.8374485596707819 0.04311342592592592 0.2932098765432099
0 0.8376736111111112 0.8513374485596708 0.025752314814814815 0.29732510288065844
0 0.8851273148148148 0.8554526748971193 0.06105324074074074 0.28858024691358025
0 0.9453125 0.8472222222222222 0.033854166666666664 0.20164609053497942