0 0.4292817679558011 0.9906679764243614 0.016574585635359115 0.018664047151277015
0 0.4026519337016574 0.9829076620825148 0.014895027624309413 0.03164047151277017
0 0.40211049723756903 0.9611689587426326 0.00907182320441993 0.025638506876227807
0 0.3875138121546961 0.9757269155206286 0.00890055248618779 0.04738703339882123
0 0.378767955801105 0.9762180746561886 0.008773480662983486 0.042210216110019676
0 0.3676187845303867 0.9698722986247544 0.00759116022099448 0.04120825147347745
0 0.36422651933701655 0.9648821218074656 0.007121546961326022 0.036119842829076605
0 0.37801657458563537 0.9522495088408645 0.006480662983425424 0.01823182711198423
0 0.3864309392265194 0.9498330058939096 0.008303867403314902 0.019548133595284962
0 0.37099447513812156 0.9524852652259332 0.005668508287292813 0.018104125736738766
0 0.06202762430939226 0.9496660117878193 0.009812154696132717 0.04316306483300595
0 0.018552486187845264 0.9547937131630648 0.01109392265193366 0.04973477406679775
0 0.08755248618784532 0.850638506876228 0.005392265193370286 0.034253438113948924
0 0.10714364640883982 0.8492730844793712 0.006276243093922722 0.03521611001964639
0 0.1215524861878453 0.8753045186640471 0.009237569060773495 0.025255402750491193
0 0.15904419889502763 0.7916994106090374 0.005066298342541476 0.02508840864440075
0 0.15256906077348065 0.7912671905697446 0.004546961325966861 0.024214145383104103
0 0.145939226519337 0.7965029469548133 0.004325966850828689 0.021797642436149366
0 0.14212707182320442 0.7943123772102161 0.004005524861878453 0.024783889980353652
0 0.13511049723756904 0.8058447937131631 0.004574585635359101 0.024518664047151313
0 0.12875690607734805 0.8050392927308447 0.004497237569060829 0.024734774066797593
0 0.12120441988950276 0.8051866404715128 0.005784530386740347 0.026886051080550102
0 0.13176795580110498 0.774705304518664 0.004005524861878453 0.02119842829076625
0 0.12689502762430938 0.7750589390962672 0.005116022099447509 0.02189587426326126
0 0.13669060773480662 0.7577996070726916 0.004176795580110467 0.019931237721021577
0 0.14067403314917126 0.7494695481335953 0.0034640883977900454 0.015550098231827153
0 0.14714917127071825 0.7478880157170924 0.0025966850828729533 0.012387033398821232
0 0.12912707182320443 0.75286836935167 0.004453038674033119 0.016817288801571715
0 0.1260055248618785 0.7539882121807465 0.002745856353591175 0.015982318271119823
0 0.12288397790055246 0.7559626719056974 0.003812154696132647 0.016247544204322166
0 0.11965193370165748 0.7632121807465619 0.0026740331491712254 0.017868369351669994
0 0.11546961325966851 0.7662671905697446 0.0037845303867402812 0.01843811394891943
0 0.2876574585635359 0.87164047151277 0.006546961325966801 0.027141453831041253
0 0.29390055248618785 0.8832907662082515 0.007187845303867398 0.03016699410609041
0 0.8292430939226518 0.6963948919449903 0.17061325966850827 0.4196365422396856