0 0.10655737704918032 0.25735294117647056 0.029508196721311476 0.1407563025210084
0 0.12377049180327869 0.2605042016806723 0.02459016393442623 0.09663865546218488
0 0.15245901639344261 0.25945378151260506 0.04262295081967213 0.12394957983193278
0 0.22868852459016392 0.25945378151260506 0.02459016393442623 0.11554621848739496
0 0.26557377049180325 0.2689075630252101 0.036065573770491806 0.09663865546218488
0 0.30245901639344264 0.25840336134453784 0.02459016393442623 0.09243697478991597
0 0.41885245901639345 0.19852941176470587 0.03114754098360656 0.04831932773109244
0 0.5622950819672131 0.19432773109243698 0.18688524590163935 0.38865546218487396
0 0.9524590163934427 0.19432773109243698 0.09508196721311475 0.38865546218487396
0 0.4377049180327869 0.4222689075630252 0.036065573770491806 0.06722689075630252
0 0.09918032786885246 0.6932773109243697 0.03114754098360656 0.07142857142857142
0 0.7737704918032787 0.9527310924369747 0.13442622950819672 0.09453781512605042
0 0.7916229508196722 0.6745378151260505 0.12727868852459015 0.25060924369747906