0 0.4007523148148148 0.26851851851851855 0.07320601851851852 0.21347736625514405
0 0.9325810185185185 0.2736625514403292 0.1345486111111111 0.27109053497942387
0 0.7407407407407407 0.2587448559670782 0.27748842592592593 0.2911522633744856
0 0.6362847222222222 0.23868312757201646 0.17274305555555555 0.2037037037037037
0 0.5072337962962963 0.4696502057613169 0.05381944444444445 0.12037037037037036
0 0.5086805555555556 0.42849794238683125 0.056712962962962965 0.03806584362139918
0 0.19560185185185186 0.6229423868312757 0.05497685185185185 0.1388888888888889
0 0.24840856481481483 0.7091049382716049 0.04774305555555555 0.24948559670781892
0 0.2513020833333333 0.5727880658436214 0.04774305555555555 0.14146090534979425
0 0.03269675925925926 0.41460905349794236 0.030671296296296297 0.0102880658436214
0 0.1919849537037037 0.7824074074074074 0.05063657407407408 0.2109053497942387
0 0.3532986111111111 0.7142489711934157 0.046296296296296294 0.18775720164609053
0 0.30844907407407407 0.7001028806584362 0.04050925925925926 0.205761316872428
0 0.36400462962962965 0.42232510288065844 0.03935185185185185 0.0257201646090535
0 0.3611111111111111 0.49176954732510286 0.04513888888888889 0.1646090534979424
0 0.3292824074074074 0.49948559670781895 0.041666666666666664 0.1800411522633745
0 0.008680555555555556 0.4351851851851852 0.017361111111111112 0.051440329218107
0 0.06828703703703703 0.43106995884773663 0.034722222222222224 0.043209876543209874
0 0.22424768518518517 0.4737654320987654 0.043402777777777776 0.1286008230452675
0 0.2743055555555556 0.4825102880658436 0.04513888888888889 0.14609053497942387
0 0.4479166666666667 0.9002057613168725 0.056712962962962965 0.19958847736625515
0 0.0697337962962963 0.5753600823045267 0.034722222222222224 0.17746913580246915
0 0.027777777777777776 0.5625 0.046296296296296294 0.15689300411522633
0 0.022569444444444444 0.6918724279835391 0.04513888888888889 0.1697530864197531
0 0.04007523148148148 0.8287037037037037 0.05642361111111111 0.1748971193415638
0 0.05642361111111111 0.933641975308642 0.04918981481481482 0.13271604938271606
0 0.4162326388888889 0.5650720164609053 0.0390625 0.18261316872427982
0 0.42476851851851855 0.4696502057613169 0.03935185185185185 0.12037037037037036
0 0.38078703703703703 0.8909465020576132 0.052083333333333336 0.21810699588477367
0 0.26851851851851855 0.9140946502057613 0.05092592592592592 0.17181069958847736
0 0.8914930555555556 0.7968106995884774 0.14699074074074073 0.4058641975308642
0 0.7653356481481481 0.7803497942386831 0.10908564814814815 0.43930041152263377
0 0.6487268518518519 0.7731481481481481 0.13802083333333334 0.4537037037037037
0 0.5876736111111112 0.7664609053497943 0.059895833333333336 0.3338477366255144
0 0.5538194444444444 0.8436213991769548 0.008101851851851851 0.2006172839506173