0 0.4970308788598575 0.3618143459915612 0.08432304038004751 0.37341772151898733
0 0.251187648456057 0.2911392405063291 0.2862232779097387 0.5147679324894515
0 0.6959619952494062 0.5316455696202531 0.09263657957244656 0.03375527426160337
0 0.8017933491686461 0.17037974683544302 0.08433491686460806 0.31582278481012654
0 0.22743467933491687 0.9440928270042194 0.1342042755344418 0.11181434599156118
0 0.37345605700712586 0.8186919831223629 0.09015439429928737 0.3098523206751055
0 0.8331353919239906 0.6708860759493671 0.04631828978622328 0.24472573839662448
0 0.8758907363420427 0.6603375527426161 0.043942992874109264 0.22362869198312235
0 0.9352731591448931 0.629746835443038 0.03681710213776722 0.16244725738396623
0 0.7042755344418052 0.6371308016877637 0.026128266033254157 0.17721518987341772
0 0.5666745843230404 0.6614767932489451 0.04001187648456057 0.19514767932489452
0 0.6247743467933491 0.6366877637130802 0.020059382422802835 0.1427426160337552
0 0.601187648456057 0.6422573839662448 0.0267102137767221 0.12858649789029544
0 0.7752019002375298 0.6188185654008439 0.02318289786223276 0.11546413502109708