0 0.9063829787234042 0.275531914893617 0.08936170212765958 0.18936170212765957
0 0.7723404255319148 0.3148936170212766 0.18723404255319148 0.14042553191489363
0 0.8138297872340425 0.20957446808510638 0.05319148936170213 0.20638297872340425
0 0.9617021276595744 0.21808510638297873 0.07234042553191489 0.2276595744680851
0 0.9010638297872341 0.16489361702127658 0.07021276595744681 0.13404255319148936
0 0.7542553191489362 0.251063829787234 0.07872340425531915 0.15319148936170213
0 0.75 0.16702127659574467 0.0574468085106383 0.13404255319148936
0 0.6553191489361702 0.26595744680851063 0.04680851063829787 0.1276595744680851
0 0.6170212765957447 0.25851063829787235 0.03829787234042553 0.13829787234042554
0 0.6734042553191489 0.22340425531914893 0.04893617021276596 0.22127659574468084
0 0.4808510638297872 0.3148936170212766 0.0851063829787234 0.1574468085106383
0 0.46808510638297873 0.26595744680851063 0.059574468085106386 0.17872340425531916
0 0.48829787234042554 0.22659574468085106 0.0574468085106383 0.20212765957446807
0 0.5531914893617021 0.21914893617021278 0.07659574468085106 0.20851063829787234
0 0.6127659574468085 0.22659574468085106 0.07659574468085106 0.20212765957446807
0 0.09787234042553192 0.7446808510638298 0.19574468085106383 0.5106382978723404
0 0.5159574468085106 0.7446808510638298 0.15531914893617021 0.5106382978723404
0 0.6340425531914894 0.7446808510638298 0.39148936170212767 0.5106382978723404
0 0.8436170212765958 0.7446808510638298 0.3127659574468085 0.5106382978723404