0 0.2298913043478261 0.03433268858800774 0.10760869565217392 0.06866537717601548
0 0.37282608695652175 0.07156673114119923 0.03342391304347826 0.14264990328820115
0 0.9755434782608695 0.36363636363636365 0.04891304347826087 0.09090909090909091
0 0.9165760869565217 0.024661508704061894 0.050543478260869565 0.04932301740812379
0 0.6239130434782608 0.13684719535783366 0.051630434782608696 0.13056092843326886
0 0.6735054347826087 0.21784332688588007 0.04483695652173913 0.23452611218568664
0 0.6762228260869565 0.08970019342359768 0.04483695652173913 0.13297872340425532
0 0.4342391304347826 0.01644100580270793 0.02826086956521739 0.03288201160541586
0 0.46956521739130436 0.04642166344294004 0.03695652173913044 0.09284332688588008
0 0.6205163043478261 0.2867504835589942 0.04755434782608696 0.19825918762088976
0 0.8391304347826087 0.3114119922630561 0.05326086956521739 0.195357833655706
0 0.9479619565217391 0.11387814313346228 0.04483695652173913 0.1764990328820116
0 0.41793478260869565 0.07930367504835589 0.03369565217391304 0.15860735009671179
0 0.4081521739130435 0.15570599613152805 0.03695652173913044 0.18375241779497098
0 0.44932065217391304 0.15860735009671179 0.036684782608695655 0.17408123791102514
0 0.4771739130434783 0.2311411992263056 0.04076086956521739 0.18375241779497098
0 0.47092391304347825 0.3428433268858801 0.04728260869565217 0.13249516441005801
0 0.7720108695652174 0.22267891682785299 0.043478260869565216 0.1764990328820116
0 0.7298913043478261 0.20938104448742748 0.03804347826086957 0.19342359767891681
0 0.8146739130434782 0.05125725338491296 0.04456521739130435 0.10251450676982592
0 0.7793478260869565 0.045454545454545456 0.042391304347826085 0.09090909090909091
0 0.7494565217391305 0.05270793036750483 0.0391304347826087 0.10541586073500966
0 0.4980978260869565 0.0488394584139265 0.03641304347826087 0.097678916827853