0 0.24456521739130435 0.25872093023255816 0.4891304347826087 0.5174418604651163
0 0.7021739130434783 0.25872093023255816 0.4260869565217391 0.5174418604651163
0 0.043478260869565216 0.7238372093023255 0.05652173913043478 0.2311046511627907
0 0.11413043478260869 0.748546511627907 0.03369565217391304 0.1002906976744186
0 0.15978260869565217 0.7369186046511628 0.04673913043478261 0.26598837209302323
0 0.2532608695652174 0.7863372093023255 0.04021739130434782 0.11337209302325581
0 0.2826086956521739 0.7558139534883721 0.035869565217391305 0.13953488372093023
0 0.31956521739130433 0.748546511627907 0.035869565217391305 0.17296511627906977
0 0.4 0.75 0.04673913043478261 0.26308139534883723
0 0.741304347826087 0.7587209302325582 0.29130434782608694 0.48255813953488375
0 0.9206521739130434 0.7587209302325582 0.15869565217391304 0.48255813953488375