0 0.6719143576826196 0.23909395973154363 0.13476070528967254 0.34060402684563756
0 0.4659949622166247 0.2835570469798658 0.05289672544080604 0.2516778523489933
0 0.9546599496221663 0.24748322147651006 0.0906801007556675 0.3238255033557047
0 0.5749370277078085 0.26426174496644295 0.10201511335012595 0.2902684563758389
0 0.5144836272040302 0.2827181208053691 0.13224181360201512 0.2533557046979866
0 0.8753148614609572 0.24496644295302014 0.10579345088161209 0.3288590604026846
0 0.8047858942065491 0.24748322147651006 0.09571788413098237 0.3238255033557047
0 0.473551637279597 0.1115771812080537 0.06801007556675064 0.2231543624161074
0 0.9099496221662469 0.08137583892617449 0.06675062972292191 0.16275167785234898
0 0.760705289672544 0.07718120805369127 0.0654911838790932 0.15436241610738255
0 0.7298488664987406 0.23825503355704697 0.07934508816120907 0.3087248322147651
0 0.5308564231738035 0.09563758389261745 0.06926952141057935 0.1912751677852349
0 0.9641057934508817 0.07550335570469799 0.05919395465994962 0.15100671140939598
0 0.8091939546599496 0.06291946308724833 0.06423173803526448 0.12583892617449666
0 0.8557934508816121 0.07634228187919463 0.061712846347607056 0.15268456375838926
0 0.7046599496221663 0.06879194630872483 0.061712846347607056 0.13758389261744966
0 0.6473551637279596 0.07130872483221476 0.06801007556675064 0.14261744966442952
0 0.5894206549118388 0.07802013422818792 0.07052896725440806 0.15604026845637584
0 0.35595717884130984 0.9506711409395974 0.06979848866498735 0.09164429530201343
0 0.3904282115869018 0.6904362416107382 0.0982367758186398 0.22651006711409397
0 0.551007556675063 0.7508389261744967 0.22292191435768263 0.4983221476510067
0 0.785264483627204 0.7046979865771812 0.42947103274559195 0.5906040268456376