0 0.6753355704697986 0.0880597014925373 0.08892617449664429 0.1761194029850746
0 0.8108221476510067 0.21940298507462686 0.07634228187919463 0.4388059701492537
0 0.9756711409395973 0.2298507462686567 0.04865771812080537 0.4597014925373134
0 0.924496644295302 0.23283582089552238 0.11577181208053691 0.44477611940298506
0 0.761744966442953 0.2373134328358209 0.08557046979865772 0.4388059701492537
0 0.8624161073825504 0.2380597014925373 0.07046979865771812 0.40746268656716417
0 0.5343959731543624 0.2298507462686567 0.22986577181208054 0.4597014925373134
0 0.5922818791946308 0.2298507462686567 0.1174496644295302 0.4597014925373134
0 0.6719798657718121 0.2507462686567164 0.1040268456375839 0.417910447761194
0 0.4865771812080537 0.2298507462686567 0.1342281879194631 0.4597014925373134
0 0.36577181208053694 0.9067164179104478 0.10738255033557047 0.1865671641791045
0 0.8703859060402684 0.8291044776119403 0.03229865771812081 0.1335820895522388
0 0.8204697986577181 0.7597014925373134 0.057466442953020135 0.13656716417910447