0 0.9806075949367089 0.26842342342342346 0.02736708860759494 0.1645945945945947
0 0.955240506329114 0.2611711711711711 0.03062025316455703 0.17270270270270258
0 0.9229240506329114 0.23934684684684682 0.021784810126582326 0.11704954954954962
0 0.45732911392405057 0.24891891891891887 0.051708860759493554 0.22925675675675666
0 0.7926455696202532 0.2552252252252252 0.025810126582278464 0.18781531531531528
0 0.7607974683544303 0.24675675675675676 0.025278481012658262 0.1919144144144145
0 0.5903037974683545 0.2354504504504505 0.04229113924050643 0.16328828828828829
0 0.6693037974683544 0.21943693693693694 0.03111392405063282 0.1312612612612612
0 0.8602784810126582 0.2262387387387387 0.0171012658227848 0.12085585585585579
0 0.8443291139240506 0.2285360360360361 0.020202531645569666 0.11945945945945938
0 0.7085443037974684 0.22144144144144143 0.028594936708860656 0.11123873873873871
0 0.24556962025316456 0.7646396396396397 0.3468354430379747 0.47072072072072074
0 0.9208860759493671 0.9009009009009009 0.10253164556962026 0.1981981981981982