0 0.4086294416243655 0.3372972972972973 0.2017766497461929 0.5243243243243243
0 0.3074238578680203 0.2875675675675676 0.2233502538071066 0.5624324324324325
0 0.1484771573604061 0.30324324324324325 0.26713197969543145 0.37
0 0.03362944162436548 0.06675675675675675 0.06725888324873096 0.07405405405405406
0 0.5031725888324873 0.12378378378378378 0.012690355329949238 0.06378378378378378
0 0.6592639593908629 0.3581081081081081 0.19733502538071065 0.48027027027027025
0 0.10913705583756345 0.8681081081081081 0.2182741116751269 0.2635135135135135
0 0.2788705583756345 0.8954054054054054 0.15894670050761422 0.2091891891891892
0 0.4095812182741117 0.8635135135135135 0.19955583756345177 0.2727027027027027
0 0.5529822335025381 0.7983783783783783 0.08692893401015228 0.39675675675675676
0 0.9473350253807107 0.7924324324324324 0.10532994923857868 0.3848648648648649
0 0.758248730964467 0.7921621621621622 0.12436548223350254 0.38432432432432434
0 0.8696065989847716 0.794054054054054 0.11865482233502538 0.3881081081081081
0 0.6652918781725888 0.79 0.15926395939086294 0.38
0 0.8670685279187818 0.6129729729729729 0.14911167512690354 0.025945945945945945