0 0.8700227531285551 0.14676113360323886 0.06939704209328783 0.15182186234817813
0 0.985494880546075 0.1346153846153846 0.02901023890784983 0.10779352226720648
0 0.9388509670079636 0.09767206477732794 0.032423208191126277 0.08097165991902834
0 0.9121160409556314 0.09210526315789473 0.029294653014789535 0.11538461538461539
0 0.8893629124004551 0.06629554655870445 0.03754266211604096 0.07338056680161943
0 0.8424345847554039 0.05161943319838057 0.01877133105802048 0.03896761133603239
0 0.8040386803185438 0.04908906882591093 0.0338452787258248 0.07945344129554656
0 0.6353811149032992 0.25303643724696356 0.0816268486916951 0.19230769230769232
0 0.5301478953356087 0.20597165991902833 0.06626848691695109 0.14018218623481782
0 0.197098976109215 0.9347165991902834 0.0540386803185438 0.1305668016194332
0 0.22554038680318544 0.8648785425101214 0.051194539249146756 0.23785425101214575
0 0.28725824800910127 0.4068825910931174 0.05233219567690557 0.11538461538461539
0 0.28612059158134245 0.36639676113360325 0.055745164960182024 0.03441295546558704
0 0.4328782707622298 0.645748987854251 0.034129692832764506 0.18421052631578946
0 0.3939135381114903 0.4347165991902834 0.047212741751990896 0.17105263157894737
0 0.4283276450511945 0.3603238866396761 0.038680318543799774 0.022267206477732792
0 0.42946530147895334 0.42864372469635625 0.040955631399317405 0.15890688259109312
0 0.15386803185437997 0.3932186234817814 0.032423208191126277 0.08805668016194332
0 0.1296928327645051 0.3841093117408907 0.03299203640500569 0.06983805668016195
0 0.01962457337883959 0.41700404858299595 0.03924914675767918 0.13562753036437247
0 0.42519908987485777 0.8891700404858299 0.04948805460750853 0.2216599190283401
0 0.35992605233219566 0.819331983805668 0.05261660978384528 0.25303643724696356
0 0.03142775881683731 0.5498481781376519 0.04692832764505119 0.1695344129554656
0 0.08831058020477815 0.6333502024291497 0.04692832764505119 0.17459514170040485
0 0.07992036405005688 0.38917004048583 0.032423208191126277 0.07995951417004049
0 0.38253697383390217 0.39068825910931176 0.03811149032992037 0.08299595141700405
0 0.20918657565415244 0.5093623481781376 0.04124004550625711 0.1847165991902834
0 0.5406712172923777 0.7393724696356275 0.18145620022753128 0.521255060728745
0 0.6968145620022753 0.7742914979757085 0.13822525597269625 0.4509109311740891
0 0.821103526734926 0.7505060728744939 0.16097838452787258 0.4984817813765182
0 0.929749715585893 0.7545546558704453 0.14050056882821388 0.4908906882591093