0 0.3913524590163935 0.6735975609756097 0.023831967213114744 0.08167682926829266
0 0.33211065573770493 0.7557317073170732 0.06032786885245901 0.20344512195121955
0 0.21663934426229509 0.719451219512195 0.058954918032786845 0.18009146341463414
0 0.18110655737704917 0.7216768292682927 0.023442622950819666 0.06634146341463416
0 0.005122950819672131 0.6600609756097561 0.010245901639344262 0.07621951219512195
0 0.05184426229508199 0.6500609756097561 0.01885245901639342 0.0749390243902439
0 0.0897950819672131 0.6404878048780487 0.012192622950819649 0.03853658536585366
0 0.13508196721311472 0.629329268292683 0.019118852459016362 0.028871951219512193
0 0.16610655737704919 0.6422865853658537 0.017827868852458992 0.0316158536585366
0 0.1483811475409836 0.6487804878048781 0.015389344262295063 0.0404268292682927
0 0.12174180327868851 0.6319817073170731 0.01211065573770497 0.015213414634146325