0 0.18252212389380532 0.1747787610619469 0.36504424778761063 0.3495575221238938
0 0.36504424778761063 0.1747787610619469 0.3274336283185841 0.3495575221238938
0 0.8296460176991151 0.1747787610619469 0.3407079646017699 0.3495575221238938
0 0.6913716814159292 0.1747787610619469 0.3252212389380531 0.3495575221238938
0 0.16371681415929204 0.7876106194690266 0.3274336283185841 0.4247787610619469
0 0.19911504424778761 0.7466814159292036 0.39823008849557523 0.5066371681415929
0 0.38163716814159293 0.48008849557522126 0.09070796460176991 0.11061946902654868
0 0.3561946902654867 0.4944690265486726 0.13716814159292035 0.14380530973451328
0 0.2809734513274336 0.5575221238938053 0.1902654867256637 0.15486725663716813
0 0.18141592920353983 0.5763274336283186 0.12389380530973451 0.16150442477876106
0 0.4336283185840708 0.754424778761062 0.1902654867256637 0.4911504424778761
0 0.5055309734513275 0.5497787610619469 0.046460176991150445 0.14380530973451328
0 0.7986725663716814 0.797566371681416 0.37610619469026546 0.40486725663716816
0 0.7643805309734514 0.7566371681415929 0.47123893805309736 0.48672566371681414
0 0.9734513274336283 0.5143805309734514 0.05309734513274336 0.14380530973451328
0 0.922566371681416 0.577433628318584 0.15486725663716813 0.15486725663716813
0 0.8407079646017699 0.5962389380530974 0.12389380530973451 0.16150442477876106