0 0.3050314465408805 0.11592178770949721 0.0330188679245283 0.05027932960893855
0 0.28577044025157233 0.18226256983240224 0.07389937106918239 0.16410614525139663
0 0.24213836477987422 0.10963687150837989 0.03773584905660377 0.031424581005586594
0 0.1792452830188679 0.1403631284916201 0.06328616352201258 0.09078212290502793
0 0.20636792452830188 0.23952513966480446 0.17845911949685533 0.2807262569832402
0 0.3533805031446541 0.22276536312849163 0.19732704402515724 0.31424581005586594
0 0.4410377358490566 0.2744413407821229 0.05660377358490566 0.19064245810055866
0 0.43985849056603776 0.17527932960893855 0.05856918238993711 0.06843575418994413
0 0.1363993710691824 0.21508379888268156 0.27240566037735847 0.329608938547486
0 0.9296383647798742 0.24162011173184358 0.03852201257861635 0.1543296089385475
0 0.9882075471698113 0.24650837988826815 0.02358490566037736 0.15223463687150837
0 0.9575471698113207 0.25 0.03970125786163522 0.138268156424581
0 0.24410377358490565 0.755586592178771 0.29638364779874216 0.4888268156424581
0 0.5172955974842768 0.8191340782122905 0.0959119496855346 0.361731843575419