0 0.7527322404371585 0.20776699029126214 0.1319672131147541 0.26407766990291265
0 0.28770491803278686 0.9354368932038835 0.058469945355191254 0.129126213592233
0 0.24207650273224043 0.42184466019417477 0.05191256830601093 0.13106796116504854
0 0.19221311475409836 0.5031553398058253 0.045081967213114756 0.2354368932038835
0 0.18934426229508197 0.39029126213592236 0.0453551912568306 0.10097087378640776
0 0.39699453551912567 0.3587378640776699 0.0366120218579235 0.037864077669902914
0 0.24549180327868853 0.5723300970873786 0.04781420765027322 0.19902912621359223
0 0.2366120218579235 0.8854368932038835 0.040983606557377046 0.22330097087378642
0 0.4489071038251366 0.39174757281553396 0.03442622950819672 0.10388349514563107
0 0.41762295081967216 0.4436893203883495 0.036885245901639344 0.17475728155339806
0 0.38961748633879784 0.516504854368932 0.040983606557377046 0.18446601941747573
0 0.09316939890710382 0.5080097087378641 0.04371584699453552 0.17718446601941748
0 0.1355191256830601 0.49466019417475726 0.03825136612021858 0.1941747572815534
0 0.05 0.3635922330097087 0.0453551912568306 0.04757281553398058
0 0.08551912568306011 0.35776699029126213 0.04207650273224044 0.035922330097087375
0 0.11557377049180328 0.3650485436893204 0.03989071038251366 0.05048543689320388
0 0.36830601092896176 0.3611650485436893 0.03715846994535519 0.04271844660194175
0 0.17172131147540984 0.8016990291262136 0.05874316939890711 0.23058252427184467
0 0.08497267759562842 0.745873786407767 0.05737704918032787 0.220873786407767
0 0.021311475409836064 0.6737864077669903 0.04262295081967213 0.24271844660194175
0 0.48114754098360657 0.4728155339805825 0.04644808743169399 0.1941747572815534
0 0.5133879781420765 0.4786407766990291 0.03224043715846994 0.18640776699029127
0 0.382103825136612 0.6985436893203884 0.05327868852459016 0.22815533980582525
0 0.21584699453551912 0.8951456310679612 0.0546448087431694 0.20970873786407768
0 0.6920765027322404 0.7092233009708738 0.14918032786885246 0.3315533980582524
0 0.8275956284153005 0.5839805825242719 0.19043715846994536 0.26650485436893206
0 0.9800546448087432 0.5966019417475729 0.03989071038251366 0.12135922330097088