0 0.1371584699453552 0.2543689320388349 0.08743169398907104 0.39368932038834953
0 0.19754098360655736 0.30970873786407765 0.16557377049180327 0.4796116504854369
0 0.26311475409836066 0.6786407766990291 0.07240437158469945 0.24805825242718446
0 0.32076502732240436 0.7135922330097088 0.056010928961748634 0.28883495145631066
0 0.13907103825136613 0.6606796116504854 0.10245901639344263 0.22233009708737864
0 0.9293715846994536 0.6854368932038835 0.050546448087431695 0.22330097087378642
0 0.9566939890710382 0.8055825242718446 0.056010928961748634 0.24514563106796117
0 0.530327868852459 0.9237864077669903 0.053005464480874315 0.1524271844660194
0 0.6560109289617486 0.5737864077669903 0.05628415300546448 0.04854368932038835
0 0.6247267759562841 0.8359223300970874 0.05327868852459016 0.24271844660194175
0 0.766120218579235 0.9480582524271844 0.07103825136612021 0.10388349514563107
0 0.7562841530054645 0.5737864077669903 0.0546448087431694 0.04854368932038835
0 0.8573770491803279 0.9626213592233009 0.07103825136612021 0.07475728155339806