0 0.8765027322404372 0.2830097087378641 0.1923497267759563 0.39611650485436894
0 0.6592896174863389 0.27184466019417475 0.15655737704918032 0.37718446601941746
0 0.15191256830601094 0.7529126213592233 0.05191256830601093 0.13106796116504854
0 0.30327868852459017 0.9213592233009709 0.03278688524590164 0.15728155339805824
0 0.13415300546448086 0.9004854368932039 0.040983606557377046 0.19902912621359223
0 0.10204918032786885 0.8342233009708738 0.045081967213114756 0.2354368932038835
0 0.09931693989071039 0.7055825242718446 0.045081967213114756 0.13349514563106796
0 0.011748633879781421 0.8063106796116505 0.023497267759562842 0.16990291262135923
0 0.04193989071038251 0.7941747572815534 0.03961748633879782 0.18932038834951456
0 0.007650273224043716 0.5936893203883495 0.015300546448087432 0.15825242718446603
0 0.02896174863387978 0.6024271844660194 0.03551912568306011 0.16990291262135923
0 0.3046448087431694 0.8058252427184466 0.030054644808743168 0.18446601941747573
0 0.3128415300546448 0.7490291262135922 0.01366120218579235 0.16213592233009708
0 0.3040983606557377 0.6383495145631068 0.03114754098360656 0.1407766990291262
0 0.27144808743169396 0.6424757281553398 0.03415300546448088 0.1820388349514563
0 0.0994535519125683 0.5703883495145631 0.03934426229508197 0.12135922330097088
0 0.13360655737704918 0.5694174757281554 0.03989071038251366 0.11941747572815534
0 0.30546448087431693 0.5354368932038835 0.02841530054644809 0.05145631067961165
0 0.4674863387978142 0.9320388349514563 0.05191256830601093 0.13592233009708737
0 0.49480874316939893 0.8597087378640776 0.04918032786885246 0.22815533980582525
0 0.8483606557377049 0.5694174757281554 0.05191256830601093 0.11941747572815534
0 0.5677595628415301 0.5800970873786407 0.05027322404371585 0.1407766990291262
0 0.9918032786885246 0.7577669902912622 0.01639344262295082 0.2087378640776699
0 0.6396174863387978 0.6885922330097087 0.060109289617486336 0.22572815533980584
0 0.8308743169398907 0.7128640776699029 0.040983606557377046 0.20145631067961164
0 0.7987704918032786 0.6449029126213592 0.045081967213114756 0.2354368932038835
0 0.7959016393442623 0.5461165048543689 0.0453551912568306 0.07281553398058252
0 0.6997267759562842 0.6169902912621359 0.040983606557377046 0.16990291262135923
0 0.7386612021857923 0.6048543689320388 0.03961748633879782 0.18932038834951456
0 0.9931693989071039 0.616504854368932 0.01366120218579235 0.18446601941747573
0 0.6879781420765028 0.916504854368932 0.06120218579234973 0.1669902912621359
0 0.3355191256830601 0.5533980582524272 0.03169398907103825 0.08737864077669903
0 0.39972677595628414 0.5776699029126213 0.0453551912568306 0.13592233009708737
0 0.7617486338797814 0.941747572815534 0.053551912568306013 0.11650485436893204