0 0.7790960451977401 0.17756539235412475 0.05367231638418079 0.1358148893360161
0 0.8306497175141243 0.2618209255533199 0.046610169491525424 0.24396378269617705
0 0.8334745762711865 0.12852112676056338 0.046610169491525424 0.13832997987927564
0 0.7755649717514125 0.3335010060362173 0.04943502824858757 0.2062374245472837
0 0.5711864406779661 0.11217303822937626 0.022598870056497175 0.176056338028169
0 0.9330508474576271 0.266851106639839 0.04519774011299435 0.1836016096579477
0 0.8892655367231639 0.2530181086519115 0.03954802259887006 0.2012072434607646
0 0.940677966101695 0.06488933601609657 0.04406779661016949 0.12977867203219315
0 0.9096045197740112 0.07243460764587525 0.04067796610169491 0.1448692152917505
0 0.5895480225988701 0.009557344064386318 0.031073446327683617 0.019114688128772636
0 0.8070621468926553 0.047283702213279676 0.0423728813559322 0.09456740442655935
0 0.8559322033898306 0.05583501006036217 0.04406779661016949 0.11167002012072434
0 0.6562146892655367 0.13103621730382295 0.03389830508474576 0.17354124748490946
0 0.6152542372881356 0.11846076458752515 0.04519774011299435 0.153420523138833
0 0.6096045197740113 0.2454728370221328 0.04519774011299435 0.1659959758551308
0 0.6272598870056497 0.37877263581488935 0.05508474576271186 0.1710261569416499
0 0.6432203389830509 0.4582494969818913 0.0480225988700565 0.08350100603621731
0 0.9875706214689266 0.12072434607645875 0.024858757062146894 0.1790744466800805
0 0.9918079096045198 0.043259557344064385 0.01638418079096045 0.08651911468812877
0 0.9598870056497175 0.4164989939637827 0.05084745762711865 0.16700201207243462
0 0.8502824858757062 0.43913480885311873 0.04971751412429379 0.12173038229376258
0 0.28220338983050847 0.959758551307847 0.10141242937853108 0.08048289738430583
0 0.9901129943502824 0.761569416498994 0.01977401129943503 0.11670020120724346