0 0.7759324009324009 0.044087136929460584 0.05536130536130536 0.08817427385892117
0 0.9216200466200466 0.050311203319502076 0.043706293706293704 0.10062240663900415
0 0.8898601398601399 0.04512448132780083 0.05244755244755245 0.09024896265560166
0 0.8502331002331003 0.03475103734439834 0.05244755244755245 0.06950207468879668
0 0.8461538461538461 0.15819502074688796 0.05536130536130536 0.22302904564315354
0 0.8279428904428905 0.0920643153526971 0.04807692307692308 0.1841286307053942
0 0.45075757575757575 0.2889004149377593 0.02156177156177156 0.23132780082987553
0 0.6123251748251748 0.15560165975103735 0.056818181818181816 0.21265560165975103
0 0.5990675990675991 0.04512448132780083 0.045454545454545456 0.09024896265560166
0 0.6413170163170163 0.021784232365145227 0.03671328671328671 0.043568464730290454
0 0.7992424242424242 0.38070539419087135 0.05536130536130536 0.07676348547717843
0 0.9784382284382285 0.10114107883817428 0.04312354312354312 0.20228215767634855