0 0.04152542372881356 0.20996978851963746 0.08305084745762711 0.19939577039274925
0 0.10974576271186441 0.17069486404833836 0.06016949152542373 0.06797583081570997
0 0.1788135593220339 0.19108761329305135 0.0961864406779661 0.23716012084592145
0 0.41652542372881357 0.24848942598187312 0.11271186440677966 0.12235649546827794
0 0.43771186440677967 0.2243202416918429 0.07033898305084746 0.07250755287009064
0 0.5398305084745763 0.229607250755287 0.1 0.0891238670694864
0 0.2860169491525424 0.229607250755287 0.07966101694915254 0.1593655589123867
0 0.24364406779661016 0.19410876132930513 0.036016949152542374 0.06873111782477341
0 0.18135593220338983 0.8904833836858006 0.1961864406779661 0.2190332326283988
0 0.06228813559322034 0.8421450151057401 0.12457627118644068 0.3149546827794562
0 0.838135593220339 0.3421450151057402 0.04067796610169491 0.0649546827794562
0 0.8809322033898305 0.37009063444108764 0.03474576271186441 0.12084592145015106