0 0.5115740740740741 0.35185185185185186 0.0763888888888889 0.3292181069958848
0 0.44907407407407407 0.29012345679012347 0.057291666666666664 0.11625514403292181
0 0.38252314814814814 0.31893004115226337 0.09143518518518519 0.3991769547325103
0 0.15625 0.41872427983539096 0.1076388888888889 0.19958847736625515
0 0.13599537037037038 0.38271604938271603 0.06712962962962964 0.12448559670781893
0 0.043402777777777776 0.39197530864197533 0.08680555555555555 0.15432098765432098
0 0.28125 0.3868312757201646 0.07581018518518519 0.26337448559670784
0 0.3211805555555556 0.33024691358024694 0.03414351851851852 0.1183127572016461
0 0.5989583333333334 0.30864197530864196 0.08680555555555555 0.41975308641975306
0 0.8402777777777778 0.18518518518518517 0.032407407407407406 0.18518518518518517
0 0.7581018518518519 0.21296296296296297 0.03009259259259259 0.12139917695473251
0 0.7916666666666666 0.19238683127572018 0.023148148148148147 0.09670781893004116
0 0.8171296296296297 0.1934156378600823 0.018518518518518517 0.09876543209876543
0 0.2523148148148148 0.7602880658436214 0.5046296296296297 0.4783950617283951
0 0.9288194444444444 0.9691358024691358 0.024305555555555556 0.06172839506172839
0 0.6348379629629629 0.970164609053498 0.047453703703703706 0.059670781893004114
0 0.5896990740740741 0.9814814814814815 0.03356481481481482 0.037037037037037035