0 0.38105263157894737 0.23103932584269662 0.4436842105263158 0.41713483146067415
0 0.7568421052631579 0.2071629213483146 0.11368421052631579 0.4143258426966292
0 0.4842105263157895 0.8132022471910112 0.2063157894736842 0.37359550561797755
0 0.06736842105263158 0.7240168539325843 0.13473684210526315 0.5519662921348315
0 0.6568421052631579 0.7310393258426966 0.0863157894736842 0.5379213483146067
0 0.14684210526315788 0.8223314606741573 0.18842105263157893 0.3553370786516854
0 0.5942105263157895 0.75 0.11894736842105263 0.5
0 0.47526315789473683 0.601123595505618 0.13157894736842105 0.2612359550561798
0 0.3631578947368421 0.7324438202247191 0.11368421052631579 0.46769662921348315
0 0.2873684210526316 0.672752808988764 0.08842105263157894 0.3398876404494382
0 0.4110526315789474 0.5372191011235955 0.06421052631578947 0.12219101123595505
0 0.531578947368421 0.5498595505617978 0.07578947368421053 0.21207865168539325
0 0.19736842105263158 0.6804775280898876 0.12105263157894737 0.3356741573033708
0 0.20473684210526316 0.5414325842696629 0.1231578947368421 0.1699438202247191
0 0.9221052631578948 0.8455056179775281 0.07578947368421053 0.3089887640449438
0 0.9757894736842105 0.8377808988764045 0.04842105263157895 0.324438202247191
0 0.7405263157894737 0.8462078651685393 0.08105263157894736 0.30758426966292135
0 0.8589473684210527 0.8412921348314607 0.06526315789473684 0.31741573033707865
0 0.7984210526315789 0.839185393258427 0.07263157894736842 0.32162921348314605