0 0.2969208211143695 0.2607843137254902 0.3651026392961877 0.41568627450980394
0 0.5901759530791789 0.25980392156862747 0.23900293255131966 0.4176470588235294
0 0.05571847507331378 0.1803921568627451 0.11143695014662756 0.3607843137254902
0 0.843108504398827 0.11176470588235295 0.08797653958944282 0.2235294117647059
0 0.8797653958944281 0.05588235294117647 0.0967741935483871 0.11176470588235295
0 0.43841642228739003 0.6950980392156862 0.08797653958944282 0.15098039215686274
0 0.5967741935483871 0.7156862745098039 0.08211143695014662 0.2196078431372549
0 0.15102639296187684 0.7303921568627451 0.07624633431085044 0.1784313725490196
0 0.6444281524926686 0.7627450980392156 0.09824046920821114 0.21568627450980393
0 0.5087976539589443 0.7647058823529411 0.08211143695014662 0.21568627450980393
0 0.28885630498533726 0.7676470588235295 0.09090909090909091 0.1980392156862745
0 0.3812316715542522 0.8147058823529412 0.07917888563049853 0.21764705882352942
0 0.20087976539589442 0.8313725490196079 0.12316715542521994 0.33725490196078434
0 0.3064516129032258 0.8833333333333333 0.1348973607038123 0.23333333333333334
0 0.030791788856304986 0.8068627450980392 0.06158357771260997 0.3862745098039216
0 0.4413489736070381 0.8588235294117647 0.1466275659824047 0.2823529411764706
0 0.09090909090909091 0.8549019607843137 0.11730205278592376 0.2901960784313726
0 0.6649560117302052 0.8490196078431372 0.08944281524926687 0.30196078431372547
0 0.5755131964809385 0.8558823529411764 0.13343108504398826 0.28823529411764703
0 0.4904692082111437 0.9411764705882353 0.17155425219941348 0.11764705882352941