0 0.26237054085155354 0.18442622950819673 0.2140391254315305 0.36885245901639346
0 0.9545454545454546 0.035860655737704916 0.037399309551208286 0.07172131147540983
0 0.702819332566168 0.08452868852459017 0.10385500575373993 0.16905737704918034
0 0.8253739930955121 0.18135245901639344 0.16800920598388952 0.25563524590163933
0 0.6760644418872267 0.29559426229508196 0.2505753739930955 0.28790983606557374
0 0.556674338319908 0.10450819672131148 0.014384349827387802 0.20901639344262296
0 0.054228998849252016 0.6014344262295082 0.05322209436133487 0.23565573770491804
0 0.027330264672036825 0.7279713114754098 0.05466052934407365 0.25922131147540983
0 0.47410817031070196 0.8862704918032787 0.05638665132336018 0.22745901639344263
0 0.34177215189873417 0.47438524590163933 0.05868814729574223 0.06967213114754098
0 0.3777330264672037 0.461577868852459 0.04430379746835443 0.04405737704918033
0 0.13003452243958574 0.9272540983606558 0.07479861910241657 0.14549180327868852
0 0.2180667433831991 0.4651639344262295 0.06214039125431531 0.05122950819672131
0 0.2304372842347526 0.8878073770491803 0.07767548906789414 0.22438524590163936
0 0.39010356731875717 0.7384733606557377 0.05466052934407365 0.2535860655737705
0 0.29890678941311855 0.9528688524590164 0.07307249712313003 0.0942622950819672