0 0.8781446540880503 0.24231843575418993 0.0404874213836478 0.14804469273743018
0 0.8168238993710691 0.27304469273743015 0.08529874213836477 0.11033519553072625
0 0.835691823899371 0.19064245810055866 0.02437106918238994 0.16131284916201116
0 0.9033018867924528 0.19762569832402235 0.0330188679245283 0.17807262569832402
0 0.8753930817610063 0.15572625698324022 0.031839622641509434 0.10474860335195531
0 0.8085691823899371 0.22346368715083798 0.035770440251572326 0.12011173184357542
0 0.8066037735849056 0.15782122905027932 0.026336477987421385 0.10474860335195531
0 0.7637578616352201 0.2346368715083799 0.02122641509433962 0.09986033519553073
0 0.7464622641509434 0.22905027932960895 0.01729559748427673 0.10824022346368715
0 0.7720125786163522 0.20181564245810055 0.02240566037735849 0.17318435754189945
0 0.574685534591195 0.24581005586592178 0.05227987421383648 0.164804469273743
0 0.6619496855345912 0.27304469273743015 0.08333333333333333 0.12360335195530726
0 0.6650943396226415 0.2346368715083799 0.054245283018867926 0.13966480446927373
0 0.6875 0.20391061452513967 0.026336477987421385 0.1585195530726257
0 0.717374213836478 0.19832402234636873 0.03498427672955975 0.1634078212290503
0 0.7444968553459119 0.20391061452513967 0.03498427672955975 0.1585195530726257
0 0.6226415094339622 0.20670391061452514 0.03970125786163522 0.18016759776536312
0 0.5982704402515723 0.2011173184357542 0.02908805031446541 0.18156424581005587
0 0.9724842767295597 0.9350558659217877 0.055031446540880505 0.12988826815642457
0 0.8907232704402516 0.45391061452513964 0.009433962264150943 0.027932960893854747