0 0.17593582887700535 0.12167300380228137 0.05855614973262032 0.19106463878326996
0 0.8561497326203209 0.05370722433460076 0.0427807486631016 0.10741444866920152
0 0.8582887700534759 0.025190114068441065 0.04171122994652406 0.05038022813688213
0 0.6483957219251337 0.29325095057034223 0.05508021390374331 0.15304182509505704
0 0.6149732620320856 0.27899239543726234 0.04171122994652406 0.18155893536121673
0 0.6197860962566845 0.1411596958174905 0.05080213903743316 0.16159695817490494
0 0.5669786096256685 0.2112642585551331 0.03609625668449198 0.10218631178707224
0 0.40641711229946526 0.27899239543726234 0.047058823529411764 0.18155893536121673
0 0.4713903743315508 0.13521863117870722 0.040106951871657755 0.16872623574144488
0 0.4286096256684492 0.17680608365019013 0.0374331550802139 0.1758555133079848
0 0.4399732620320856 0.13165399239543726 0.02807486631016043 0.15684410646387834
0 0.3775401069518717 0.17775665399239543 0.016042780748663103 0.17300380228136883
0 0.3775401069518717 0.09077946768060836 0.016042780748663103 0.13783269961977188
0 0.41256684491978607 0.10551330798479087 0.034759358288770054 0.15684410646387834
0 0.45588235294117646 0.0370722433460076 0.039037433155080216 0.0741444866920152
0 0.4270053475935829 0.019486692015209126 0.034759358288770054 0.03897338403041825
0 0.39358288770053473 0.026615969581749048 0.0427807486631016 0.053231939163498096
0 0.9564171122994652 0.022813688212927757 0.029411764705882353 0.045627376425855515
0 0.9600267379679145 0.0817490494296578 0.03609625668449198 0.1473384030418251
0 0.6946524064171123 0.16135931558935362 0.0427807486631016 0.15446768060836502
0 0.6605614973262032 0.15304182509505704 0.03877005347593583 0.17110266159695817
0 0.7847593582887701 0.27423954372623577 0.046524064171122995 0.19106463878326996
0 0.7581550802139038 0.1791825095057034 0.04679144385026738 0.20437262357414449
0 0.49117647058823527 0.026615969581749048 0.029411764705882353 0.053231939163498096
0 0.16122994652406417 0.8450570342205324 0.08983957219251337 0.30988593155893535
0 0.2823529411764706 0.8588403041825095 0.17406417112299466 0.282319391634981
0 0.8451871657754011 0.44724334600760457 0.0427807486631016 0.11406844106463879
0 0.8470588235294118 0.4082699619771863 0.04171122994652406 0.07699619771863118
0 0.9045454545454545 0.8935361216730038 0.04973262032085562 0.21292775665399238
0 0.931283422459893 0.9467680608365019 0.05508021390374331 0.10646387832699619
0 0.6372994652406417 0.7122148288973384 0.05481283422459893 0.19724334600760457
0 0.6038770053475936 0.686074144486692 0.04144385026737968 0.20199619771863117
0 0.6085561497326203 0.5375475285171103 0.05080213903743316 0.16159695817490494
0 0.5557486631016043 0.6076520912547528 0.03609625668449198 0.10218631178707224
0 0.5922459893048129 0.9529467680608364 0.05080213903743316 0.094106463878327
0 0.39532085561497327 0.6813212927756654 0.04679144385026738 0.19249049429657794
0 0.4601604278074866 0.531606463878327 0.040106951871657755 0.16872623574144488
0 0.417379679144385 0.5731939163498099 0.0374331550802139 0.1758555133079848
0 0.4287433155080214 0.528041825095057 0.02807486631016043 0.15684410646387834
0 0.40133689839572195 0.5019011406844106 0.034759358288770054 0.15684410646387834
0 0.4446524064171123 0.42015209125475284 0.039037433155080216 0.10076045627376426
0 0.4157754010695187 0.40256653992395436 0.034759358288770054 0.0655893536121673
0 0.3866310160427808 0.4096958174904943 0.034224598930481284 0.07984790874524715
0 0.9451871657754011 0.405893536121673 0.029411764705882353 0.07224334600760456
0 0.9487967914438503 0.4781368821292776 0.03609625668449198 0.1473384030418251
0 0.6834224598930482 0.5577471482889734 0.0427807486631016 0.15446768060836502
0 0.649331550802139 0.5494296577946768 0.03877005347593583 0.17110266159695817
0 0.7736631016042781 0.6741920152091255 0.04679144385026738 0.19724334600760457
0 0.7469251336898396 0.5755703422053232 0.04679144385026738 0.20437262357414449
0 0.4799465240641711 0.4096958174904943 0.029411764705882353 0.07984790874524715