0 0.9672373081463991 0.04201680672268908 0.027744982290436836 0.08403361344537816
0 0.16145218417945692 0.5488445378151261 0.032467532467532464 0.0934873949579832
0 0.4512987012987013 0.5504201680672269 0.044569067296340026 0.1796218487394958
0 0.3772136953955136 0.5514705882352942 0.03128689492325856 0.13392857142857142
0 0.3054899645808737 0.729516806722689 0.0590318772136954 0.5357142857142857
0 0.04693034238488784 0.7127100840336135 0.09386068476977567 0.5745798319327731
0 0.22609208972845338 0.7457983193277311 0.03807556080283353 0.47163865546218486
0 0.44421487603305787 0.7337184873949579 0.05844155844155844 0.532563025210084
0 0.1345926800472255 0.7368697478991597 0.08264462809917356 0.5262605042016807
0 0.08323494687131051 0.7363445378151261 0.06257378984651712 0.5273109243697479
0 0.2647579693034238 0.7536764705882353 0.07526564344746163 0.49212184873949577
0 0.40584415584415584 0.75 0.08500590318772137 0.5
0 0.1974616292798111 0.7531512605042017 0.06641086186540732 0.49317226890756305
0 0.4707792207792208 0.7531512605042017 0.05844155844155844 0.49317226890756305
0 0.3400236127508855 0.7599789915966386 0.06965761511216056 0.4800420168067227
0 0.9397874852420307 0.7526260504201681 0.1204250295159386 0.3581932773109244
0 0.7827626918536009 0.7001050420168067 0.0743801652892562 0.18434873949579833
0 0.7352420306965761 0.6685924369747899 0.07526564344746163 0.15756302521008403
0 0.5788075560802833 0.8109243697478992 0.1576151121605667 0.37815126050420167