0 0.6334498834498834 0.904045643153527 0.053613053613053616 0.19190871369294607
0 0.6043123543123543 0.9621369294605809 0.05944055944055944 0.07572614107883817
0 0.9248251748251748 0.7619294605809128 0.05944055944055944 0.1441908713692946
0 0.9612470862470862 0.7489626556016598 0.04487179487179487 0.11825726141078838
0 0.9729020979020979 0.9688796680497925 0.05419580419580419 0.06224066390041494
0 0.38461538461538464 0.904045643153527 0.05011655011655012 0.19190871369294607
0 0.36946386946386944 0.8869294605809128 0.019813519813519812 0.22614107883817428
0 0.4571678321678322 0.7645228215767634 0.04487179487179487 0.14937759336099585
0 0.4222027972027972 0.7577800829875518 0.042540792540792544 0.1358921161825726
0 0.3921911421911422 0.7266597510373444 0.03496503496503497 0.07365145228215768
0 0.36713286713286714 0.7411825726141079 0.015151515151515152 0.10269709543568464
0 0.7762237762237763 0.7411825726141079 0.05128205128205128 0.10269709543568464