0 0.26015625 0.8972222222222223 0.0484375 0.20555555555555555
0 0.28619791666666666 0.9490740740740741 0.05364583333333333 0.10185185185185185
0 0.01328125 0.7212962962962963 0.0265625 0.1925925925925926
0 0.4178385416666667 0.7261574074074074 0.040364583333333336 0.19212962962962962
0 0.4348958333333333 0.7199074074074074 0.009375 0.18055555555555555
0 0.4361979166666667 0.6416666666666667 0.0067708333333333336 0.10185185185185185
0 0.4125 0.5370370370370371 0.035416666666666666 0.07407407407407407
0 0.04479166666666667 0.5731481481481482 0.041666666666666664 0.14629629629629629
0 0.015104166666666667 0.5731481481481482 0.030208333333333334 0.14629629629629629
0 0.10651041666666666 0.5939814814814814 0.0453125 0.18796296296296297
0 0.378125 0.5138888888888888 0.03125 0.027777777777777776
0 0.15416666666666667 0.6682870370370371 0.044270833333333336 0.19212962962962962
0 0.3182291666666667 0.5476851851851852 0.041666666666666664 0.09537037037037037
0 0.4315104166666667 0.6125 0.016145833333333335 0.13240740740740742
0 0.97578125 0.9328703703703703 0.0484375 0.13425925925925927
0 0.9502604166666667 0.861574074074074 0.046875 0.2175925925925926
0 0.6130208333333333 0.5791666666666667 0.049479166666666664 0.125
0 0.8532552083333333 0.625462962962963 0.05078125 0.18518518518518517
0 0.7932291666666667 0.5962962962962963 0.051041666666666666 0.1925925925925926
0 0.74296875 0.5763888888888888 0.0390625 0.1527777777777778
0 0.7145833333333333 0.5717592592592593 0.046875 0.14351851851851852
0 0.6791666666666667 0.5625 0.046875 0.125
0 0.6755208333333333 0.7041666666666667 0.049479166666666664 0.19907407407407407
0 0.6592447916666667 0.6451388888888889 0.04296875 0.16435185185185186
0 0.46653645833333335 0.7018518518518518 0.05078125 0.18981481481481483
0 0.45729166666666665 0.5717592592592593 0.035416666666666666 0.14351851851851852
0 0.49244791666666665 0.5509259259259259 0.0328125 0.10185185185185185
0 0.7794270833333333 0.9643518518518519 0.059895833333333336 0.0712962962962963
0 0.63359375 0.9342592592592592 0.049479166666666664 0.13148148148148148