0 0.19001677852348994 0.30074626865671644 0.16526845637583892 0.4664179104477612
0 0.8552852348993288 0.3940298507462687 0.07298657718120806 0.32686567164179103
0 0.8057885906040269 0.11940298507462686 0.057885906040268456 0.23880597014925373
0 0.8284395973154363 0.0955223880597015 0.053691275167785234 0.191044776119403
0 0.5188758389261745 0.16567164179104477 0.037751677852348994 0.27313432835820894
0 0.9932885906040269 0.05223880597014925 0.013422818791946308 0.1044776119402985
0 0.9958053691275168 0.11567164179104478 0.008389261744966443 0.10671641791044777
0 0.7495805369127517 0.3522388059701492 0.07172818791946309 0.3082089552238806
0 0.7000838926174496 0.3529850746268657 0.07634228187919463 0.3208955223880597
0 0.6648489932885906 0.4059701492537313 0.05914429530201342 0.30597014925373134
0 0.6287751677852349 0.3402985074626866 0.05578859060402685 0.2917910447761194
0 0.6329697986577181 0.4171641791044776 0.051593959731543626 0.3029850746268657
0 0.2525167785234899 0.7977611940298508 0.4949664429530201 0.3656716417910448
0 0.5322986577181208 0.7843283582089552 0.06459731543624161 0.43134328358208956