0 0.8569405099150141 0.08700440528634361 0.02903682719546742 0.08338577721837634
0 0.8982530689329556 0.09062303335431089 0.019121813031161474 0.06419131529263687
0 0.8857412653446648 0.09943360604153556 0.021010387157695938 0.09691629955947137
0 0.9244570349386213 0.01368785399622404 0.014636449480642116 0.02737570799244808
0 0.8817280453257791 0.07662051604782882 0.022190745986779982 0.08464443045940843
0 0.4409820585457979 0.5237570799244808 0.028210576015108593 0.06434864694776589
0 0.442162417374882 0.4966960352422907 0.02750236071765817 0.05365009439899308
0 0.4801699716713881 0.777218376337319 0.032577903682719546 0.12350534927627439
0 0.4978753541076487 0.8437696664568911 0.03611898016997167 0.1354625550660793
0 0.22273371104815864 0.9295154185022027 0.03434844192634561 0.12476400251730649
0 0.3038243626062323 0.6733794839521712 0.03611898016997167 0.11139081183134046
0 0.2818696883852691 0.6585903083700441 0.027384324834749764 0.11406544996853367
0 0.28493862134088765 0.5747325361862807 0.03352219074598678 0.09125235997482693
0 0.25011803588290843 0.6142227816236627 0.02384324834749764 0.05774071743234739
0 0.376180358829084 0.5593140339836375 0.03434844192634561 0.10604153555695406
0 0.4337818696883853 0.9548458149779736 0.04579792256846081 0.09015103838892385
0 0.3797214353163362 0.6633102580239144 0.037889518413597736 0.11264946507237256
0 0.3721671388101983 0.934235368156073 0.04756846081208688 0.131529263687854
0 0.27431539187913123 0.8491189427312775 0.03352219074598678 0.13278791692888608
0 0.042020774315391876 0.7927942101950912 0.039660056657223795 0.13011327879169288
0 0.14435788479697828 0.6559156702328508 0.030807365439093484 0.10871617369414727
0 0.18708687440982058 0.5714285714285714 0.02644003777148253 0.09518565135305224
0 0.15887629839471198 0.5948709880427943 0.024669499527856468 0.09927627438640654
0 0.16631255901794145 0.5693832599118943 0.018531633616619452 0.08857772183763374
0 0.11874409820585458 0.5955003146633102 0.02384324834749764 0.09786028949024543
0 0.10021246458923513 0.578665827564506 0.020302171860245515 0.09927627438640654
0 0.1192162417374882 0.5465701699181875 0.022898961284230405 0.07787916928886092
0 0.14825306893295562 0.5545940843297672 0.022898961284230405 0.08857772183763374
0 0.17693578847969782 0.5075519194461926 0.0256137865911237 0.058999370673379486
0 0.15781397544853634 0.4933920704845815 0.022898961284230405 0.04719949653870359
0 0.13574126534466477 0.4974826935179358 0.028210576015108593 0.0552234109502832
0 0.3302644003777148 0.9683763373190686 0.044735599622285176 0.06324732536186281
0 0.38963644948064213 0.9905601006922593 0.042256846081208686 0.018722466960352423
0 0.5069641170915958 0.49528005034612965 0.01935788479697828 0.050975456261799876
0 0.509324834749764 0.5412208936438011 0.02384324834749764 0.08322844556324732
0 0.5868744098205855 0.6760541220893643 0.027384324834749764 0.11139081183134046
0 0.6075306893295562 0.6724354940213971 0.024669499527856468 0.10462555066079295
0 0.6067044381491974 0.6269666456891126 0.01935788479697828 0.058999370673379486
0 0.6175637393767706 0.6400251730648207 0.004721435316336166 0.10446821900566394
0 0.5868744098205855 0.5969162995594713 0.02903682719546742 0.08983637507866583
0 0.5833333333333334 0.5465701699181875 0.02384324834749764 0.08322844556324732
0 0.3342776203966006 0.5860604153555695 0.028210576015108593 0.08716173694147263
0 0.3118508026440038 0.5813404657016992 0.0256137865911237 0.09660163624921334
0 0.7720727101038716 0.7286028949024543 0.09619924457034938 0.394745122718691
0 0.8387629839471199 0.7718691000629326 0.1821293673276676 0.4561044682190057