0 0.125 0.18994140625 0.03461538461538462 0.0341796875
0 0.825 0.32177734375 0.0521978021978022 0.1552734375
0 0.6848901098901099 0.32421875 0.06318681318681318 0.150390625
0 0.753021978021978 0.35693359375 0.056593406593406594 0.0849609375
0 0.9914835164835165 0.13427734375 0.01703296703296703 0.2099609375
0 0.6483516483516484 0.0888671875 0.03736263736263736 0.177734375
0 0.8293956043956044 0.09521484375 0.04120879120879121 0.1904296875
0 0.796978021978022 0.0693359375 0.0456043956043956 0.138671875
0 0.6975274725274725 0.0390625 0.04120879120879121 0.078125
0 0.7365384615384616 0.03759765625 0.04010989010989011 0.0751953125
0 0.2348901098901099 0.697021484375 0.0521978021978022 0.21728515625
0 0.2623626373626374 0.58349609375 0.04945054945054945 0.2294921875
0 0.5678571428571428 0.4423828125 0.0456043956043956 0.0859375
0 0.0027472527472527475 0.45751953125 0.005494505494505495 0.1044921875
0 0.6134615384615385 0.46826171875 0.03241758241758242 0.1376953125
0 0.6107142857142858 0.751953125 0.03791208791208791 0.224609375
0 0.5611263736263736 0.811767578125 0.059065934065934064 0.27099609375
0 0.5418956043956044 0.701904296875 0.05357142857142857 0.24169921875
0 0.45947802197802196 0.6396484375 0.05631868131868132 0.2294921875
0 0.4002747252747253 0.49853515625 0.053296703296703295 0.1982421875
0 0.46813186813186813 0.43017578125 0.04395604395604396 0.0615234375
0 0.510989010989011 0.427734375 0.038461538461538464 0.056640625
0 0.016483516483516484 0.5732421875 0.03296703296703297 0.1953125
0 0.8579670329670329 0.93994140625 0.05879120879120879 0.1201171875
0 0.8118131868131868 0.44677734375 0.0521978021978022 0.0947265625
0 0.7618131868131868 0.513671875 0.0456043956043956 0.228515625
0 0.759065934065934 0.42333984375 0.0456043956043956 0.0478515625
0 0.815521978021978 0.57958984375 0.04807692307692308 0.2001953125
0 0.8063186813186813 0.89111328125 0.04120879120879121 0.2177734375
0 0.7549450549450549 0.9091796875 0.05934065934065934 0.181640625
0 0.7358516483516484 0.844482421875 0.05357142857142857 0.24169921875
0 0.6554945054945055 0.78173828125 0.051648351648351645 0.2294921875
0 0.9848901098901099 0.46875 0.03021978021978022 0.138671875
0 0.9604395604395605 0.5234375 0.04120879120879121 0.185546875
0 0.9666208791208791 0.683349609375 0.04807692307692308 0.22705078125
0 0.6623626373626373 0.514892578125 0.04395604395604396 0.17822265625
0 0.704945054945055 0.50146484375 0.038461538461538464 0.1953125