0 0.8044692737430168 0.34592445328031807 0.15977653631284916 0.24652087475149106
0 0.2737430167597765 0.9204771371769384 0.013966480446927373 0.12524850894632206
0 0.25977653631284914 0.9244532803180915 0.01759776536312849 0.12972166998011928
0 0.314804469273743 0.9314115308151093 0.012569832402234637 0.13071570576540756
0 0.3011173184357542 0.9324055666003976 0.018435754189944135 0.13021868787276342
0 0.35027932960893854 0.9393638170974155 0.022905027932960894 0.12127236580516898
0 0.37011173184357543 0.9398608349900597 0.019553072625698324 0.12027833001988071
0 0.12262569832402234 0.8871769383697813 0.011731843575418994 0.07405566600397614
0 0.08966480446927375 0.8817097415506958 0.016201117318435754 0.07604373757455268
0 0.06368715083798883 0.8886679920477137 0.014245810055865922 0.09443339960238568
0 0.040502793296089384 0.8817097415506958 0.013407821229050279 0.09393638170974156
0 0.02569832402234637 0.8812127236580517 0.016201117318435754 0.1073558648111332
0 0.17206703910614526 0.8891650099403579 0.010335195530726256 0.08449304174950298
0 0.20446927374301677 0.8946322067594433 0.010893854748603353 0.08200795228628231
0 0.22374301675977654 0.9050695825049702 0.011731843575418994 0.09741550695825049
0 0.5391061452513967 0.9184890656063618 0.05027932960893855 0.16302186878727634
0 0.6 0.5149105367793241 0.05139664804469274 0.09145129224652088
0 0.9011173184357542 0.6505964214711729 0.05307262569832402 0.1341948310139165
0 0.8501396648044692 0.7338469184890656 0.046089385474860335 0.24105367793240556
0 0.8473463687150838 0.6021371769383698 0.046089385474860335 0.13667992047713717
0 0.904608938547486 0.8046719681908548 0.04888268156424581 0.20377733598409542
0 0.7488826815642458 0.7388170974155069 0.0446927374301676 0.18141153081510936
0 0.7921787709497207 0.7251491053677932 0.03910614525139665 0.1988071570576541
0 0.7410614525139665 0.5362823061630219 0.043016759776536316 0.1341948310139165
0 0.7717877094972067 0.5437375745526839 0.04078212290502793 0.14910536779324055
0 0.4452513966480447 0.49254473161033796 0.03240223463687151 0.04671968190854871
0 0.8729050279329609 0.5188866799204771 0.04189944134078212 0.09940357852882704
0 0.3905027932960894 0.5064612326043738 0.021229050279329607 0.07455268389662027
0 0.8248603351955307 0.5273359840954275 0.043016759776536316 0.11630218687872763
0 0.6572625698324023 0.9110337972166997 0.05418994413407821 0.1779324055666004
0 0.4918994413407821 0.5822564612326043 0.04748603351955307 0.1863817097415507
0 0.38966480446927376 0.7783300198807157 0.019553072625698324 0.18091451292246521
0 0.6881284916201117 0.5946819085487077 0.03770949720670391 0.176441351888668
0 0.679608938547486 0.5149105367793241 0.037430167597765365 0.09145129224652088
0 0.7223463687150838 0.9020874751491054 0.05027932960893855 0.19582504970178927
0 0.8304469273743017 0.9244532803180915 0.04860335195530726 0.15109343936381708