0 0.849928078250863 0.1668219037871034 0.01528768699654785 0.06610542476970321
0 0.5491944764096662 0.1589048106448311 0.018411967779056387 0.12640736949846468
0 0.573711162255466 0.15657113613101334 0.01738780207134639 0.11127942681678611
0 0.6955149597238204 0.1838587512794268 0.015440161104718087 0.12832139201637666
0 0.7843901035673188 0.1517451381780962 0.010304948216340603 0.043623336745138186
0 0.775198504027618 0.15216990788126922 0.0066283084004602885 0.046182190378710346
0 0.8038895281933257 0.14250767656090074 0.005822784810126585 0.0405015353121802
0 0.7980581127733027 0.144078812691914 0.007761795166858463 0.036535312180143345
0 0.8372209436133486 0.15289150460593653 0.01384637514384353 0.0598464687819857
0 0.9328883774453396 0.14123848515864892 0.01818469505178367 0.06609518935516893
0 0.7268440736478712 0.1403735926305015 0.008400460299194425 0.034534288638689875
0 0.7174136939010357 0.14591606960081885 0.00808112773302651 0.03367963152507674
0 0.49597238204833144 0.7313203684749232 0.08803222094361335 0.3725690890481064
0 0.9707105868814729 0.6741965199590584 0.016254315304948218 0.10913510747185261
0 0.9531357882623706 0.6735465711361309 0.017873993095512113 0.10594165813715443
0 0.9571806674338319 0.6192630501535312 0.009490794016110408 0.022052200614124946
0 0.9982738780207134 0.6645342886386899 0.0034522439585730723 0.09672466734902764
0 0.9109723820483314 0.6691811668372569 0.01908803222094372 0.1119140225179119