0 0.6140202702702703 0.23057432432432431 0.1097972972972973 0.19087837837837837
0 0.535472972972973 0.2702702702702703 0.05405405405405406 0.19932432432432431
0 0.9231418918918919 0.25591216216216217 0.15371621621621623 0.22804054054054054
0 0.731418918918919 0.27871621621621623 0.08783783783783784 0.18243243243243243
0 0.8184121621621622 0.2795608108108108 0.15371621621621623 0.18074324324324326
0 0.6545608108108109 0.28209459459459457 0.17398648648648649 0.17567567567567569
0 0.6241554054054054 0.7483108108108109 0.036317567567567564 0.16722972972972974
0 0.6055743243243243 0.7744932432432432 0.016891891891891893 0.10219594594594594
0 0.5844594594594594 0.7423986486486487 0.032939189189189186 0.1875
0 0.5253378378378378 0.7559121621621622 0.033783783783783786 0.14527027027027026
0 0.5337837837837838 0.7221283783783784 0.02027027027027027 0.059966216216216214