0 0.7798110979929161 0.15178571428571427 0.05608028335301062 0.14180672268907563
0 0.7259445100354192 0.23975840336134455 0.048701298701298704 0.2547268907563025
0 0.7229929161747344 0.10057773109243698 0.048701298701298704 0.14443277310924368
0 0.9849468713105076 0.019432773109243698 0.03010625737898465 0.038865546218487396
0 0.9471664698937426 0.051995798319327734 0.03955135773317592 0.10399159663865547
0 0.7833530106257379 0.28834033613445376 0.05194805194805195 0.16281512605042017
0 0.5457497048406139 0.3025210084033613 0.05726092089728453 0.13445378151260504
0 0.9923258559622196 0.08771008403361344 0.015348288075560802 0.17542016806722688
0 0.9694510035419126 0.17542016806722688 0.03984651711924439 0.18907563025210083
0 0.9391971664698937 0.2542016806722689 0.04427390791027155 0.19957983193277312
0 0.9456906729634003 0.33665966386554624 0.05194805194805195 0.0661764705882353
0 0.6189492325855962 0.24501050420168066 0.047225501770956316 0.19170168067226892
0 0.6646989374262101 0.23056722689075632 0.04132231404958678 0.21008403361344538
0 0.5723140495867769 0.05724789915966386 0.048996458087367176 0.11449579831932773
0 0.6106847697756789 0.050945378151260504 0.045454545454545456 0.10189075630252101
0 0.6431523022432113 0.058823529411764705 0.04309327036599764 0.11764705882352941
0 0.9161747343565525 0.0546218487394958 0.04014167650531287 0.1092436974789916
0 0.27715466351829987 0.7935924369747899 0.09149940968122787 0.41228991596638653
0 0.5923848878394333 0.7736344537815126 0.050177095631641085 0.2426470588235294
0 0.8031286894923259 0.7851890756302521 0.04338842975206612 0.20430672268907563
0 0.8701298701298701 0.7993697478991597 0.03896103896103896 0.24842436974789917
0 0.7001180637544274 0.7851890756302521 0.051357733175914994 0.2426470588235294
0 0.6369539551357734 0.7783613445378151 0.0345336481700118 0.25210084033613445
0 0.6449232585596222 0.8177521008403361 0.08146399055489964 0.2809873949579832
0 0.7435064935064936 0.7983193277310925 0.0690672963400236 0.21218487394957983
0 0.8338252656434475 0.792016806722689 0.05578512396694215 0.26733193277310924
0 0.9028925619834711 0.7442226890756303 0.013282172373081463 0.08403361344537816
0 0.9321133412042503 0.7909663865546218 0.0333530106257379 0.07090336134453781
0 0.9932113341204251 0.7983193277310925 0.013282172373081463 0.04411764705882353
0 0.9521841794569067 0.7794117647058824 0.04250295159386069 0.17016806722689076
0 0.9731404958677686 0.7983193277310925 0.05342384887839433 0.20430672268907563