0 0.8131016042780749 0.3208174904942966 0.039037433155080216 0.1525665399239544
0 0.417379679144385 0.9315589353612167 0.0572192513368984 0.13688212927756654
0 0.012566844919786097 0.8236692015209125 0.025133689839572194 0.21197718631178708
0 0.026470588235294117 0.7134030418250951 0.0481283422459893 0.22338403041825095
0 0.5229946524064171 0.5731939163498099 0.052406417112299465 0.14638783269961977
0 0.3513368983957219 0.8417300380228137 0.05080213903743316 0.2423954372623574
0 0.10775401069518717 0.5175855513307985 0.05080213903743316 0.03517110266159696
0 0.18342245989304812 0.5461026615969582 0.047058823529411764 0.09220532319391635
0 0.2286096256684492 0.9481939163498099 0.06684491978609626 0.10361216730038023
0 0.2088235294117647 0.8769011406844106 0.0572192513368984 0.2461977186311787
0 0.3216577540106952 0.5541825095057035 0.05080213903743316 0.10836501901140684
0 0.32994652406417113 0.5874524714828897 0.058823529411764705 0.17490494296577946
0 0.2871657754010695 0.908745247148289 0.053475935828877004 0.18250950570342206