0 0.176056338028169 0.19122257053291536 0.04753521126760563 0.1974921630094044
0 0.13600352112676056 0.13087774294670845 0.05017605633802817 0.24921630094043887
0 0.11663732394366197 0.1206896551724138 0.027288732394366196 0.1786833855799373
0 0.0880281690140845 0.10031347962382445 0.03697183098591549 0.12539184952978055
0 0.0880281690140845 0.039968652037617555 0.035211267605633804 0.05172413793103448
0 0.07130281690140845 0.0822884012539185 0.01936619718309859 0.12695924764890282
0 0.06029929577464789 0.0987460815047022 0.014964788732394365 0.13479623824451412
0 0.01716549295774648 0.1238244514106583 0.013204225352112676 0.12539184952978055
0 0.04181338028169014 0.11442006269592477 0.013204225352112676 0.13166144200626959
0 0.035651408450704226 0.1371473354231975 0.03961267605633803 0.15517241379310345
0 0.0048415492957746475 0.15047021943573669 0.009683098591549295 0.08463949843260188
0 0.007042253521126761 0.12695924764890282 0.008802816901408451 0.050156739811912224
0 0.3648767605633803 0.19827586206896552 0.23987676056338028 0.38087774294670845
0 0.48723591549295775 0.21865203761755486 0.25044014084507044 0.3393416927899687
0 0.7909330985915493 0.7327586206896551 0.12632042253521128 0.1833855799373041
0 0.7205105633802817 0.6105015673981191 0.1153169014084507 0.1536050156739812
0 0.7711267605633803 0.6912225705329154 0.23767605633802816 0.0822884012539185