0 0.15978077571669477 0.20945945945945946 0.31956155143338955 0.4189189189189189
0 0.3591905564924115 0.19519519519519518 0.17664418212478922 0.20945945945945946
0 0.41020236087689715 0.1524024024024024 0.17284991568296795 0.3048048048048048
0 0.5042158516020236 0.1463963963963964 0.05775716694772344 0.2927927927927928
0 0.24957841483979765 0.0533033033033033 0.08010118043844856 0.1066066066066066
0 0.8010118043844857 0.1816816816816817 0.19350758853288363 0.23198198198198197
0 0.0990725126475548 0.6891891891891891 0.12015177065767285 0.24924924924924924
0 0.13111298482293424 0.6771771771771772 0.05944350758853288 0.1996996996996997
0 0.519814502529511 0.746996996996997 0.11846543001686341 0.5052552552552553
0 0.9106239460370995 0.948948948948949 0.08094435075885328 0.1021021021021021
0 0.5843170320404721 0.6306306306306306 0.01011804384485666 0.11411411411411411