0 0.9916267942583732 0.5728723404255319 0.01674641148325359 0.23297872340425532
0 0.5481459330143541 0.4125 0.056818181818181816 0.23670212765957446
0 0.5780502392344498 0.28882978723404257 0.05382775119617225 0.25
0 0.965011961722488 0.018085106382978722 0.056818181818181816 0.036170212765957444
0 0.6578947368421053 0.029787234042553193 0.05502392344497608 0.059574468085106386
0 0.736244019138756 0.11223404255319148 0.06578947368421052 0.22446808510638297
0 0.9458732057416268 0.12792553191489361 0.04485645933014354 0.22074468085106383
0 0.9105861244019139 0.09095744680851064 0.049641148325358854 0.1819148936170213
0 0.8023325358851675 0.05797872340425532 0.04485645933014354 0.11595744680851064
0 0.8447966507177034 0.05638297872340425 0.04366028708133971 0.1127659574468085
0 0.7896232057416268 0.38590425531914896 0.06728468899521531 0.2526595744680851
0 0.47398325358851673 0.027127659574468086 0.049641148325358854 0.05425531914893617
0 0.8830741626794258 0.5441489361702128 0.06279904306220095 0.28191489361702127
0 0.8703648325358851 0.4231382978723404 0.0583133971291866 0.2154255319148936
0 0.22188995215311005 0.8489361702127659 0.03409090909090909 0.029787234042553193
0 0.5684808612440191 0.8324468085106383 0.13217703349282298 0.14095744680851063