0 0.6666666666666666 0.740506329113924 0.06329113924050633 0.3037974683544304
0 0.5770042194092827 0.7056962025316456 0.06540084388185655 0.23417721518987342
0 0.4947257383966245 0.7167721518987342 0.06962025316455696 0.19936708860759494
0 0.35548523206751054 0.7183544303797469 0.023206751054852322 0.10126582278481013
0 0.3829113924050633 0.7167721518987342 0.03164556962025317 0.0981012658227848
0 0.44936708860759494 0.685126582278481 0.029535864978902954 0.060126582278481014
0 0.2890295358649789 0.7246835443037974 0.02531645569620253 0.06329113924050633
0 0.31856540084388185 0.7199367088607594 0.02531645569620253 0.07278481012658228
0 0.2689873417721519 0.7278481012658228 0.023206751054852322 0.0759493670886076
0 0.95042194092827 0.8560126582278481 0.052742616033755275 0.11075949367088607
0 0.79957805907173 0.8465189873417721 0.05063291139240506 0.10443037974683544