0 0.7244694960212201 0.2756183745583039 0.08488063660477453 0.14575971731448764
0 0.36074270557029176 0.7659010600706714 0.13759946949602123 0.4659893992932862
0 0.22745358090185677 0.7791519434628975 0.14423076923076922 0.4416961130742049
0 0.05702917771883289 0.8193462897526502 0.11405835543766578 0.3568904593639576
0 0.13759946949602123 0.8140459363957597 0.08189655172413793 0.3661660777385159
0 0.14456233421750664 0.6479681978798587 0.1312997347480106 0.2393992932862191
0 0.29144562334217505 0.7919611307420494 0.05702917771883289 0.4121024734982332
0 0.29045092838196285 0.6855123674911661 0.055039787798408485 0.19832155477031801
0 0.5550397877984085 0.5706713780918727 0.08355437665782493 0.2226148409893993
0 0.8066976127320955 0.7296819787985865 0.16114058355437666 0.5406360424028268
0 0.638262599469496 0.8025618374558304 0.10013262599469495 0.3736749116607774
0 0.6916445623342176 0.7195229681978799 0.11936339522546419 0.5203180212014135
0 0.9290450928381963 0.7296819787985865 0.1419098143236074 0.5406360424028268
0 0.6372679045092838 0.508833922261484 0.0649867374005305 0.0989399293286219
0 0.7145225464190982 0.5101590106007067 0.133289124668435 0.10159010600706714
0 0.4781167108753316 0.6771201413427562 0.09681697612732096 0.43551236749116606
0 0.5818965517241379 0.5406360424028268 0.0629973474801061 0.1625441696113074
0 0.6671087533156499 0.5075088339222615 0.08355437665782493 0.09628975265017668
0 0.5099469496021221 0.5379858657243817 0.050397877984084884 0.15724381625441697
0 0.46850132625994695 0.5428445229681979 0.07758620689655173 0.16696113074204946
0 0.4890583554376658 0.5388692579505301 0.059018567639257294 0.15901060070671377