0 0.12236286919831224 0.22491349480968859 0.22705696202531644 0.44982698961937717
0 0.19699367088607594 0.1695501730103806 0.09915611814345991 0.3391003460207612
0 0.5036919831223629 0.22015570934256054 0.08333333333333333 0.3780276816608997
0 0.5793776371308017 0.23961937716262977 0.08069620253164557 0.3408304498269896
0 0.7310126582278481 0.22058823529411764 0.08860759493670886 0.3754325259515571
0 0.3045886075949367 0.20761245674740483 0.05010548523206751 0.40657439446366783
0 0.6563818565400844 0.22837370242214533 0.09546413502109705 0.3754325259515571
0 0.36445147679324896 0.20328719723183392 0.12447257383966245 0.39100346020761245
0 0.43591772151898733 0.18079584775086505 0.07225738396624473 0.3027681660899654
0 0.5722573839662447 0.06963667820069204 0.09177215189873418 0.13927335640138408
0 0.8842299578059072 0.22664359861591696 0.10284810126582279 0.36678200692041524
0 0.803006329113924 0.2054498269896194 0.11972573839662447 0.3884083044982699
0 0.9517405063291139 0.17906574394463667 0.09651898734177215 0.2491349480968858
0 0.21598101265822786 0.7249134948096886 0.1271097046413502 0.5501730103806228
0 0.6587552742616034 0.7482698961937716 0.6822257383966245 0.5034602076124568