0 0.5307377049180327 0.13729508196721313 0.10245901639344263 0.27459016393442626
0 0.27459016393442626 0.1598360655737705 0.11885245901639344 0.16393442622950818
0 0.1711065573770492 0.11372950819672131 0.08401639344262295 0.22745901639344263
0 0.22848360655737704 0.09938524590163934 0.06762295081967214 0.1987704918032787
0 0.23565573770491804 0.05737704918032787 0.07377049180327869 0.11475409836065574
0 0.40061475409836067 0.05942622950819672 0.05942622950819672 0.11885245901639344
0 0.02459016393442623 0.04815573770491803 0.04918032786885246 0.09631147540983606
0 0.32274590163934425 0.055327868852459015 0.09221311475409837 0.11065573770491803
0 0.6229508196721312 0.07377049180327869 0.08196721311475409 0.14754098360655737
0 0.6557377049180327 0.04610655737704918 0.03278688524590164 0.09221311475409837
0 0.3719262295081967 0.1260245901639344 0.1290983606557377 0.2028688524590164
0 0.9098360655737705 0.6577868852459017 0.18032786885245902 0.4180327868852459