0 0.07237569060773481 0.2406679764243615 0.10966850828729281 0.1881139489194499
0 0.15856353591160222 0.2269155206286837 0.1074585635359116 0.16552062868369352
0 0.23287292817679558 0.2293713163064833 0.07624309392265194 0.13850687622789784
0 0.3947513812154696 0.2681728880157171 0.10082872928176796 0.23477406679764243
0 0.30220994475138124 0.24263261296660119 0.09779005524861878 0.17337917485265225
0 0.6806629834254143 0.19302554027504912 0.052486187845303865 0.13261296660117877
0 0.5425414364640884 0.17829076620825146 0.04143646408839779 0.18664047151277013
0 0.5729281767955801 0.17092337917485265 0.049723756906077346 0.18172888015717092
0 0.6102209944751381 0.1512770137524558 0.049723756906077346 0.18172888015717092
0 0.6143646408839779 0.3256385068762279 0.052486187845303865 0.2111984282907662
0 0.6316298342541437 0.2630157170923379 0.04558011049723757 0.1743614931237721
0 0.9895027624309393 0.40471512770137524 0.020994475138121547 0.12966601178781925
0 0.49972375690607734 0.029960707269155205 0.03591160220994475 0.05992141453831041
0 0.5281767955801105 0.026522593320235755 0.0430939226519337 0.05304518664047151
0 0.5646408839779006 0.03388998035363458 0.049723756906077346 0.06777996070726916
0 0.8360497237569061 0.3231827111984283 0.05386740331491713 0.2013752455795678
0 0.8484806629834254 0.17460707269155207 0.04281767955801105 0.1743614931237721
0 0.8084254143646409 0.12671905697445973 0.034530386740331494 0.18172888015717092
0 0.9044198895027624 0.1193516699410609 0.04696132596685083 0.18172888015717092
0 0.8403314917127072 0.015225933202357564 0.03756906077348066 0.030451866404715127
0 0.8077348066298342 0.021611001964636542 0.03314917127071823 0.043222003929273084
0 0.8715469613259669 0.026522593320235755 0.04143646408839779 0.05304518664047151
0 0.4852209944751381 0.2593320235756385 0.04834254143646409 0.21611001964636542
0 0.2022099447513812 0.9390962671905697 0.049723756906077346 0.12180746561886051
0 0.26243093922651933 0.537328094302554 0.05082872928176796 0.13555992141453832
0 0.2613259668508287 0.49803536345776034 0.05414364640883978 0.05697445972495088
0 0.3053867403314917 0.7431237721021611 0.05386740331491713 0.19646365422396855
0 0.36892265193370166 0.7075147347740668 0.05386740331491713 0.21365422396856582
0 0.4220994475138122 0.6792730844793713 0.04143646408839779 0.18664047151277013
0 0.443646408839779 0.6714145383104125 0.032044198895027624 0.18172888015717092
0 0.03328729281767956 0.6092829076620825 0.04281767955801105 0.18909626719056974
0 0.0066298342541436465 0.6026522593320236 0.013259668508287293 0.15225933202357564
0 0.019060773480662985 0.843320235756385 0.03812154696132597 0.22102161100196463
0 0.0071823204419889505 0.7072691552062869 0.014364640883977901 0.15520628683693516
0 0.3792817679558011 0.5152259332023575 0.03591160220994475 0.09135559921414538
0 0.40773480662983425 0.5117878192534381 0.0430939226519337 0.08447937131630648
0 0.4395027624309392 0.519155206286837 0.04033149171270718 0.09921414538310412
0 0.13549723756906076 0.6055992141453831 0.04558011049723757 0.14734774066797643
0 0.14116022099447514 0.5299607072691552 0.04806629834254143 0.12082514734774066
0 0.06781767955801105 0.5724459724950884 0.04005524861878453 0.16453831041257366
0 0.8580110497237569 0.6827111984282908 0.22569060773480662 0.23231827111984282
0 0.9279005524861879 0.5967583497053045 0.1441988950276243 0.2539292730844794