0 0.050243111831442464 0.21875 0.055105348460291734 0.16163793103448276
0 0.5453808752025932 0.2365301724137931 0.07617504051863858 0.12607758620689655
0 0.09319286871961102 0.7273706896551724 0.02593192868719611 0.17510775862068967
0 0.1519448946515397 0.7947198275862069 0.03079416531604538 0.1341594827586207
0 0.16531604538087522 0.7052801724137931 0.023500810372771474 0.16163793103448276
0 0.17706645056726095 0.7112068965517241 0.02106969205834684 0.16163793103448276
0 0.19975688816855752 0.7112068965517241 0.02106969205834684 0.1341594827586207
0 0.22042139384116693 0.7025862068965517 0.02188006482982172 0.1400862068965517
0 0.24473257698541329 0.6982758620689655 0.02188006482982172 0.14385775862068967
0 0.27228525121555913 0.6885775862068966 0.023500810372771474 0.1476293103448276
0 0.293354943273906 0.6772629310344828 0.01620745542949757 0.13631465517241378
0 0.49718800648298217 0.637209051724138 0.046888168557536476 0.22657327586206896