0 0.7491847826086957 0.30319148936170215 0.10271739130434783 0.31237911025145065
0 0.9228260869565217 0.3520309477756286 0.13260869565217392 0.21470019342359767
0 0.13206521739130433 0.9216634429400387 0.058695652173913045 0.15667311411992263
0 0.24266304347826087 0.5449709864603481 0.051630434782608696 0.17117988394584138
0 0.22581521739130433 0.504835589941973 0.045108695652173916 0.09090909090909091
0 0.025543478260869567 0.5411025145067698 0.051086956521739134 0.16344294003868473
0 0.19945652173913042 0.8215667311411993 0.051630434782608696 0.24661508704061896
0 0.26657608695652174 0.9129593810444874 0.06141304347826087 0.17408123791102514
0 0.36983695652173915 0.5135396518375241 0.04728260869565217 0.10831721470019343
0 0.32418478260869565 0.938588007736944 0.06793478260869565 0.12282398452611218
0 0.34415760869565215 0.8614603481624759 0.058423913043478264 0.2587040618955513
0 0.9065217391304348 0.6416827852998066 0.12880434782608696 0.2862669245647969
0 0.6448369565217391 0.6397485493230174 0.14755434782608695 0.27224371373307543
0 0.4826086956521739 0.7669245647969052 0.12608695652173912 0.4443907156673114
0 0.5269021739130435 0.6586073500967118 0.0907608695652174 0.26305609284332687