0 0.38907103825136613 0.9660194174757282 0.04918032786885246 0.06796116504854369
0 0.3297814207650273 0.595631067961165 0.05081967213114754 0.13300970873786408
0 0.33114754098360655 0.5567961165048544 0.053551912568306013 0.05533980582524272
0 0.03551912568306011 0.75 0.05191256830601093 0.13106796116504854
0 0.287568306010929 0.7985436893203883 0.05327868852459016 0.1941747572815534
0 0.22472677595628415 0.7633495145631068 0.05327868852459016 0.2111650485436893
0 0.1721311475409836 0.7354368932038835 0.040983606557377046 0.18446601941747573
0 0.14207650273224043 0.7281553398058253 0.04918032786885246 0.1796116504854369
0 0.1051912568306011 0.7087378640776699 0.04918032786885246 0.1796116504854369
0 0.10109289617486339 0.8810679611650486 0.05191256830601093 0.2087378640776699
0 0.08401639344262295 0.8191747572815534 0.045081967213114756 0.17233009708737865
0 0.21448087431693988 0.5737864077669903 0.03551912568306011 0.08932038834951456
0 0.18633879781420765 0.5703883495145631 0.04262295081967213 0.0825242718446602
0 0.15027322404371585 0.5776699029126213 0.04918032786885246 0.0970873786407767
0 0.45560109289617484 0.662621359223301 0.045081967213114756 0.14563106796116504
0 0.45 0.5883495145631068 0.047540983606557376 0.11844660194174757
0 0.521311475409836 0.6296116504854369 0.03715846994535519 0.16213592233009708
0 0.7256830601092896 0.9339805825242719 0.05901639344262295 0.13203883495145632
0 0.8368852459016394 0.591747572815534 0.05191256830601093 0.12524271844660195
0 0.8199453551912569 0.5514563106796116 0.0453551912568306 0.04466019417475728
0 0.6177595628415301 0.5878640776699029 0.053005464480874315 0.11747572815533981
0 0.946448087431694 0.8910194174757281 0.06284153005464481 0.2111650485436893
0 0.8540983606557377 0.9373786407766991 0.05573770491803279 0.12524271844660195
0 0.7934426229508197 0.846116504854369 0.05191256830601093 0.24757281553398058