0 0.6465020576131687 0.051264044943820225 0.02962962962962963 0.10042134831460674
0 0.8465020576131688 0.10779494382022473 0.08251028806584362 0.18785112359550563
0 0.7491769547325103 0.21418539325842698 0.13333333333333333 0.2640449438202247
0 0.8674897119341564 0.3265449438202247 0.1991769547325103 0.28651685393258425
0 0.9777777777777777 0.1309691011235955 0.04238683127572016 0.22401685393258428
0 0.10534979423868313 0.8367275280898876 0.19650205761316872 0.3261938202247191
0 0.031275720164609055 0.6667837078651685 0.06255144032921811 0.31917134831460675
0 0.5781893004115226 0.8019662921348315 0.10185185185185185 0.3960674157303371
0 0.09320987654320988 0.6211376404494382 0.07530864197530865 0.14501404494382023
0 0.31440329218106994 0.7008426966292135 0.060082304526748974 0.20189606741573032
0 0.5074074074074074 0.8426966292134831 0.07654320987654321 0.23735955056179775
0 0.2508230452674897 0.8588483146067416 0.15925925925925927 0.28230337078651685
0 0.4806584362139918 0.6889044943820225 0.08662551440329218 0.20400280898876405
0 0.25411522633744854 0.6882022471910112 0.06707818930041153 0.21980337078651685
0 0.3662551440329218 0.8286516853932584 0.09423868312757201 0.2148876404494382
0 0.44156378600823043 0.8219803370786517 0.09794238683127572 0.20610955056179775
0 0.18765432098765433 0.8507724719101124 0.11255144032921811 0.2984550561797753
0 0.36213991769547327 0.6934691011235955 0.06316872427983539 0.206811797752809
0 0.14917695473251028 0.6688904494382022 0.06316872427983539 0.2148876404494382
0 0.20534979423868313 0.6699438202247191 0.06316872427983539 0.2127808988764045
0 0.4152263374485597 0.7029494382022472 0.07325102880658436 0.19030898876404495
0 0.29012345679012347 0.7914325842696629 0.06440329218106997 0.14887640449438203
0 0.12386831275720164 0.8219803370786517 0.11008230452674897 0.3026685393258427
0 0.9792386831275721 0.9427668539325843 0.02276131687242796 0.08875702247191003
0 0.8833333333333333 0.9648876404494382 0.016872427983539096 0.0702247191011236
0 0.858641975308642 0.9648876404494382 0.016872427983539096 0.0702247191011236
0 0.8882716049382716 0.9740168539325843 0.025925925925925925 0.05196629213483146
0 0.902880658436214 0.9620786516853933 0.01810699588477366 0.07584269662921349
0 0.8581028806584362 0.6195154494382022 0.015123456790123457 0.05865870786516852
0 0.8708395061728397 0.6333567415730337 0.011888888888888836 0.07053370786516858
0 0.7585679012345679 0.5569101123595506 0.013646090534979364 0.028286516853932565
0 0.6675473251028806 0.5777036516853933 0.009617283950617238 0.042001404494381986
0 0.6671604938271605 0.6380898876404494 0.013987654320987659 0.03459971910112358
0 0.6310699588477366 0.6790730337078652 0.002880658436213992 0.0351123595505618
0 0.6368312757201646 0.8023174157303371 0.01440329218106996 0.04424157303370786
0 0.6748724279835391 0.7776544943820225 0.02323868312757203 0.039810393258427
0 0.7075761316872429 0.7996137640449439 0.02041152263374482 0.04861657303370788
0 0.6596296296296297 0.6990519662921348 0.01636213991769547 0.03709269662921344
0 0.6492181069958848 0.7157373595505618 0.015086419753086453 0.042380617977528026
0 0.6394444444444444 0.7181530898876405 0.014061728395061758 0.05424157303370787
0 0.6502345679012347 0.6577738764044944 0.010995884773662562 0.035344101123595456
0 0.7007572016460905 0.6417415730337079 0.008135802469135795 0.03840589887640453
0 0.7794362139917695 0.6131952247191012 0.008082304526748919 0.028714887640449507
0 0.7673539094650206 0.6193469101123595 0.007576131687242738 0.02520365168539333
0 0.7928065843621399 0.5905898876404494 0.012189300411522589 0.05547752808988764
0 0.7044897119341564 0.6144241573033709 0.010925925925926 0.03175561797752811
0 0.9814444444444443 0.7466713483146067 0.014609053497942387 0.06566713483146067
0 0.994127572016461 0.7680337078651684 0.007074074074074096 0.04285814606741571
0 0.9634444444444444 0.6666573033707865 0.008082304526748919 0.05897471910112361
0 0.9543580246913581 0.6687078651685393 0.00734979423868318 0.06190308988764051
0 0.9475020576131689 0.6615308988764045 0.005983539094650191 0.04754915730337081
0 0.9238024691358026 0.6710674157303371 0.008534979423868223 0.05842696629213486
0 0.9130041152263374 0.6703370786516853 0.007510288065843622 0.0628160112359551
0 0.9318600823045268 0.6073876404494382 0.0074979423868311934 0.048110955056179766
0 0.9035761316872428 0.5955337078651685 0.006489711934156371 0.0489747191011236
0 0.8951769547325101 0.5895294943820225 0.006839506172839461 0.05336376404494383
0 0.9439423868312756 0.6068047752808989 0.008349794238683112 0.05045646067415724
0 0.9472016460905349 0.6319803370786518 0.007082304526748986 0.04228230337078654
0 0.9451440329218106 0.5674297752808989 0.006633744855967033 0.04192415730337082
0 0.953283950617284 0.574747191011236 0.005769547325102873 0.043686797752809016
0 0.9861111111111112 0.5757724719101124 0.008320987654320905 0.050421348314606707
0 0.9747983539094651 0.5697682584269663 0.006954732510288103 0.04192415730337082
0 0.9600576131687243 0.5675772471910112 0.004909465020576064 0.0504143258426966
0 0.9646872427983539 0.5741362359550563 0.007090534979423876 0.044143258426966224
0 0.9926255144032922 0.5526404494382022 0.006946502057613214 0.047471910112359565
0 0.9870534979423868 0.5450280898876404 0.004032921810699664 0.03692415730337074
0 0.9771111111111112 0.5517626404494382 0.006781893004115234 0.0375140449438202
0 0.967 0.5606952247191012 0.007818930041152264 0.046011235955056164
0 0.8505514403292181 0.808251404494382 0.0210658436213992 0.048707865168539255
0 0.8363415637860082 0.8261446629213482 0.020329218106995922 0.05894662921348318
0 0.6435843621399177 0.5538342696629214 0.010427983539094616 0.04294241573033706
0 0.6368559670781893 0.5536727528089888 0.005275720164609027 0.03878511235955057
0 0.6318930041152263 0.5821629213483146 0.004526748971193415 0.0351123595505618
0 0.8049835390946501 0.5600491573033708 0.008337448559670871 0.023988764044943878
0 0.7966790123456791 0.5600491573033708 0.008781893004115287 0.025997191011235942
0 0.8188065843621399 0.6002317415730337 0.011592592592592623 0.06422752808988767