0 0.484375 0.46141975308641975 0.052083333333333336 0.15534979423868311
0 0.5477430555555556 0.048868312757201646 0.05381944444444445 0.09773662551440329
0 0.5462962962962963 0.007716049382716049 0.056712962962962965 0.015432098765432098
0 0.859375 0.19084362139917696 0.05497685185185185 0.1388888888888889
0 0.8065682870370371 0.2770061728395062 0.04774305555555555 0.24948559670781892
0 0.8036747685185185 0.14068930041152264 0.04774305555555555 0.14146090534979425
0 0.8038194444444444 0.030864197530864196 0.041666666666666664 0.06172839506172839
0 0.8629918981481481 0.35030864197530864 0.05063657407407408 0.2109053497942387
0 0.7016782407407407 0.2821502057613169 0.046296296296296294 0.18775720164609053
0 0.7465277777777778 0.26800411522633744 0.04050925925925926 0.205761316872428
0 0.65625 0.07716049382716049 0.047453703703703706 0.15432098765432098
0 0.6938657407407407 0.07098765432098765 0.04513888888888889 0.1419753086419753
0 0.7256944444444444 0.0787037037037037 0.041666666666666664 0.1574074074074074
0 0.4117476851851852 0.03497942386831276 0.03298611111111111 0.06995884773662552
0 0.3871527777777778 0.0257201646090535 0.03356481481481482 0.051440329218107
0 0.9869791666666666 0.07458847736625514 0.026041666666666668 0.14917695473251028
0 0.7847222222222222 0.5051440329218106 0.0625 0.06790123456790123
0 0.6929976851851852 0.47788065843621397 0.06076388888888889 0.12242798353909465
0 0.6212384259259259 0.43415637860082307 0.05381944444444445 0.20987654320987653
0 0.3450520833333333 0.2692901234567901 0.04774305555555555 0.17746913580246915
0 0.3365162037037037 0.030864197530864196 0.03298611111111111 0.06172839506172839
0 0.9895833333333334 0.45113168724279834 0.020833333333333332 0.17592592592592593
0 0.6446759259259259 0.032407407407407406 0.03935185185185185 0.06481481481481481
0 0.9846643518518519 0.0102880658436214 0.030671296296296297 0.0205761316872428
0 0.46802662037037035 0.143261316872428 0.04195601851851852 0.18775720164609053
0 0.8307291666666666 0.05298353909465021 0.043402777777777776 0.10596707818930041
0 0.004050925925925926 0.970164609053498 0.008101851851851851 0.059670781893004114
0 0.10358796296296297 0.9794238683127572 0.039641203703703706 0.0411522633744856