0 0.13687392055267703 0.6284615384615385 0.27374784110535405 0.36153846153846153
0 0.10880829015544041 0.35923076923076924 0.21761658031088082 0.5269230769230769
0 0.4840241796200345 0.27615384615384614 0.15414507772020725 0.3707692307692308
0 0.9507772020725389 0.33076923076923076 0.046632124352331605 0.31384615384615383
0 0.9175302245250432 0.28923076923076924 0.03151986183074266 0.3392307692307692
0 0.8575129533678757 0.22692307692307692 0.02936096718480138 0.25076923076923074
0 0.9585492227979274 0.5676923076923077 0.06217616580310881 0.3346153846153846
0 0.9080310880829016 0.5715384615384616 0.059153713298791016 0.37538461538461537
0 0.8950777202072538 0.3638461538461538 0.04620034542314335 0.19923076923076924
0 0.8471502590673575 0.46307692307692305 0.04835924006908463 0.37538461538461537
0 0.8000863557858376 0.43846153846153846 0.0535405872193437 0.3707692307692308
0 0.8847150259067358 0.21923076923076923 0.037132987910189985 0.23923076923076922
0 0.8272884283246977 0.20692307692307693 0.034974093264248704 0.24153846153846154