0 0.892090395480226 0.4894366197183099 0.12316384180790961 0.11921529175050302
0 0.7971751412429379 0.19064386317907445 0.1522598870056497 0.08953722334004025
0 0.9782485875706215 0.35311871227364183 0.03389830508474576 0.02716297786720322
0 0.9779661016949153 0.36971830985915494 0.0327683615819209 0.03470824949698189
0 0.9516949152542373 0.352112676056338 0.01751412429378531 0.03370221327967807
0 0.9353107344632768 0.36670020120724345 0.03446327683615819 0.030181086519114688
0 0.9161016949152543 0.352112676056338 0.02514124293785311 0.026156941649899398
0 0.8838983050847458 0.3822937625754527 0.053954802259887004 0.08199195171026157
0 0.8378531073446328 0.3501006036217304 0.027401129943502824 0.03169014084507042
0 0.8392655367231638 0.3827967806841046 0.020903954802259886 0.07344064386317907
0 0.8220338983050848 0.40090543259557343 0.03785310734463277 0.1141851106639839
0 0.7963276836158192 0.380784708249497 0.029096045197740113 0.057847082494969816
0 0.7556497175141242 0.39688128772635817 0.07740112994350283 0.10915492957746478
0 0.7282485875706215 0.3777665995975855 0.03248587570621469 0.0613682092555332
0 0.7014124293785311 0.3506036217303823 0.020338983050847456 0.02112676056338028
0 0.6937853107344633 0.3717303822937626 0.04209039548022599 0.04879275653923541
0 0.6511299435028248 0.3762575452716298 0.03220338983050847 0.07042253521126761
0 0.618361581920904 0.3772635814889336 0.030790960451977403 0.061871227364185113
0 0.5903954802259888 0.34456740442655936 0.026271186440677965 0.02062374245472837
0 0.61045197740113 0.34305835010060365 0.014689265536723164 0.018611670020120725
0 0.5892655367231638 0.36670020120724345 0.025706214689265535 0.04124748490945674
0 0.5655367231638418 0.34356136820925554 0.015254237288135594 0.015593561368209255
0 0.5584745762711865 0.3737424547283702 0.03587570621468927 0.06690140845070422
0 0.5132768361581921 0.37877263581488935 0.052824858757062144 0.05030181086519115
0 0.4872881355932203 0.35714285714285715 0.015254237288135594 0.028169014084507043
0 0.48389830508474574 0.48038229376257546 0.00847457627118644 0.13782696177062373
0 0.7545197740112994 0.5241448692152918 0.39887005649717516 0.05030181086519115
0 0.09661016949152543 0.903420523138833 0.061016949152542375 0.193158953722334
0 0.48926553672316386 0.8013078470824949 0.0192090395480226 0.1579476861167002
0 0.5280847457627119 0.7697585513078471 0.029056497175141152 0.11354124748490936
0 0.5950790960451977 0.7568309859154929 0.02744067796610179 0.11928571428571422