0 0.2826388888888889 0.7252964426877471 0.05138888888888889 0.22727272727272727
0 0.3104166666666667 0.8475790513833992 0.05694444444444444 0.24950592885375494
0 0.016666666666666666 0.5380434782608695 0.03333333333333333 0.1966403162055336
0 0.5027777777777778 0.7312252964426877 0.014444444444444444 0.2391304347826087
0 0.45055555555555554 0.5405138339920948 0.043333333333333335 0.2015810276679842
0 0.48388888888888887 0.5340909090909091 0.04 0.18873517786561264
0 0.48194444444444445 0.47134387351778656 0.030555555555555555 0.06324110671936758
0 0.5027777777777778 0.5044466403162056 0.014444444444444444 0.12944664031620554
0 0.45055555555555554 0.4575098814229249 0.04555555555555556 0.03557312252964427
0 0.11388888888888889 0.9352766798418972 0.06666666666666667 0.12944664031620554
0 0.1463888888888889 0.5182806324110671 0.04833333333333333 0.15711462450592886
0 0.11861111111111111 0.4688735177865613 0.04833333333333333 0.058300395256917