0 0.9123711340206185 0.17534246575342466 0.04536082474226804 0.15616438356164383
0 0.7896907216494845 0.16917808219178082 0.049484536082474224 0.1547945205479452
0 0.872680412371134 0.1780821917808219 0.03608247422680412 0.13972602739726028
0 0.9922680412371134 0.18904109589041096 0.015463917525773196 0.13424657534246576
0 0.9608247422680413 0.1815068493150685 0.05154639175257732 0.14931506849315068
0 0.8329896907216495 0.1684931506849315 0.04742268041237113 0.15342465753424658
0 0.7603092783505154 0.17191780821917807 0.021649484536082474 0.1410958904109589
0 0.9257731958762887 0.05136986301369863 0.04742268041237113 0.10273972602739725
0 0.9701030927835051 0.05547945205479452 0.04329896907216495 0.10547945205479452
0 0.8283505154639176 0.04794520547945205 0.05463917525773196 0.0958904109589041
0 0.7701030927835052 0.07123287671232877 0.041237113402061855 0.10684931506849316
0 0.8783505154639175 0.05547945205479452 0.04742268041237113 0.11095890410958904
0 0.37061855670103094 0.8301369863013699 0.12474226804123711 0.30684931506849317