0 0.175 0.31777777777777777 0.03695652173913044 0.08888888888888889
0 0.2619565217391304 0.31666666666666665 0.03260869565217391 0.10444444444444445
0 0.28695652173913044 0.3322222222222222 0.034782608695652174 0.08666666666666667
0 0.3358695652173913 0.3233333333333333 0.05 0.13555555555555557
0 0.3130434782608696 0.3233333333333333 0.02608695652173913 0.09111111111111111
0 0.8695652173913043 0.2311111111111111 0.22608695652173913 0.3511111111111111
0 0.7 0.2633333333333333 0.06086956521739131 0.2688888888888889
0 0.6923913043478261 0.058888888888888886 0.041304347826086954 0.11777777777777777
0 0.7315217391304348 0.057777777777777775 0.05 0.11555555555555555
0 0.7326086956521739 0.23555555555555555 0.1 0.24888888888888888
0 0.8793478260869565 0.057777777777777775 0.04565217391304348 0.11555555555555555
0 0.37282608695652175 0.7033333333333334 0.31630434782608696 0.18222222222222223