0 0.19578651685393259 0.302 0.09719101123595505 0.136
0 0.8205449438202247 0.22757000000000005 0.033707865168539325 0.2328599999999999
0 0.7294550561797754 0.16542999999999994 0.016853932584269662 0.1028599999999999
0 0.751123595505618 0.16113999999999998 0.023275280898876313 0.12856999999999993
0 0.7820224719101123 0.15114 0.02407865168539333 0.08856999999999994
0 0.9088258426966292 0.15542999999999996 0.027286516853932675 0.1171400000000001
0 0.9626011235955056 0.14686000000000002 0.017657303370786425 0.10571000000000004
0 0.7117977528089887 0.154 0.02006179775280901 0.09143000000000007
0 0.6528089887640449 0.16257000000000005 0.02086516853932577 0.08571000000000004
0 0.688123595505618 0.15042999999999995 0.02086516853932577 0.0871400000000001
0 0.6748820224719101 0.149 0.013646067415730316 0.10143000000000006
0 0.5143651685393259 0.17114 0.018460674157303316 0.06
0 0.6122808988764045 0.16186 0.01846067415730344 0.08428999999999996
0 0.21320224719101125 0.565 0.10084269662921348 0.39
0 0.37050561797752807 0.745 0.05898876404494382 0.3135
0 0.401123595505618 0.7385 0.07752808988764046 0.331
0 0.13651685393258428 0.8025 0.1457865168539326 0.2455
0 0.8230337078651685 0.7795 0.046067415730337076 0.193