0 0.2774822695035461 0.18449781659388648 0.5549645390070922 0.36899563318777295
0 0.7109929078014184 0.05021834061135371 0.09574468085106383 0.10043668122270742
0 0.05319148936170213 0.8493449781659389 0.10638297872340426 0.30131004366812225
0 0.17198581560283688 0.8526200873362445 0.1099290780141844 0.29475982532751094
0 0.4078014184397163 0.8504366812227074 0.13829787234042554 0.29912663755458513
0 0.5345744680851063 0.8526200873362445 0.13297872340425532 0.29475982532751094
0 0.6054964539007093 0.8013100436681223 0.06560283687943262 0.2183406113537118
0 0.47177304964539 0.7562882096069868 0.08182624113475173 0.17803493449781652
0 0.16625886524822694 0.8041703056768559 0.139113475177305 0.2771179039301309
0 0.358563829787234 0.7075982532751093 0.057287234042553196 0.10412663755458515
0 0.7065602836879432 0.7281659388646288 0.13652482269503546 0.3034934497816594
0 0.8049645390070922 0.6910480349344978 0.1950354609929078 0.24672489082969432
0 0.9441489361702128 0.6932314410480349 0.11170212765957446 0.23799126637554585