0 0.13739946380697052 0.18198090692124105 0.06601876675603217 0.17720763723150357
0 0.1933646112600536 0.18436754176610978 0.06970509383378017 0.14618138424821003
0 0.824396782841823 0.10799522673031026 0.039544235924932974 0.04892601431980907
0 0.2952412868632708 0.7768496420047732 0.13237265415549598 0.44630071599045346
0 0.8676273458445041 0.6891408114558473 0.05160857908847185 0.1801909307875895
0 0.7660857908847185 0.7374701670644391 0.07372654155495978 0.2243436754176611
0 0.6568364611260054 0.7398568019093079 0.07104557640750671 0.22195704057279236
0 0.7365951742627346 0.7410501193317423 0.030831099195710455 0.07398568019093078
0 0.9115281501340483 0.7804295942720764 0.1380697050938338 0.43914081145584727
0 0.9594504021447721 0.8144391408114559 0.08109919571045576 0.3711217183770883
0 0.6082439678284183 0.8263723150357996 0.09718498659517426 0.34725536992840095
0 0.8190348525469169 0.837708830548926 0.09785522788203753 0.324582338902148
0 0.7124664879356568 0.8400954653937948 0.1353887399463807 0.3198090692124105