0 0.6984953703703703 0.13220164609053497 0.1154513888888889 0.17386831275720166
0 0.8246527777777778 0.15432098765432098 0.10850694444444445 0.15534979423868311
0 0.9626736111111112 0.1455761316872428 0.07465277777777778 0.16152263374485595
0 0.5202546296296297 0.04218106995884774 0.0787037037037037 0.08436213991769548
0 0.6235532407407407 0.03960905349794239 0.078125 0.0787037037037037
0 0.9334490740740741 0.04989711934156379 0.13310185185185186 0.09979423868312758
0 0.47164351851851855 0.1286008230452675 0.024305555555555556 0.14248971193415638
0 0.3854166666666667 0.6697530864197531 0.015335648148148149 0.09722222222222222
0 0.40133101851851855 0.6774691358024691 0.016203703703703703 0.0823045267489712
0 0.21296296296296297 0.5915637860082305 0.007233796296296296 0.046296296296296294
0 0.19907407407407407 0.5992798353909465 0.006076388888888889 0.040123456790123455
0 0.19386574074074073 0.5967078189300411 0.006076388888888889 0.040123456790123455
0 0.49016203703703703 0.9166666666666666 0.061342592592592594 0.16666666666666666
0 0.9418402777777778 0.7908950617283951 0.05497685185185185 0.22890946502057613
0 0.9129050925925926 0.6712962962962963 0.052083333333333336 0.2417695473251029
0 0.5379050925925926 0.35802469135802467 0.05497685185185185 0.13786008230452676
0 0.8353587962962963 0.36934156378600824 0.05381944444444445 0.16049382716049382
0 0.7595486111111112 0.48996913580246915 0.06365740740740741 0.23919753086419754
0 0.5570023148148148 0.5156893004115226 0.043402777777777776 0.21347736625514405
0 0.5910011574074074 0.44367283950617287 0.04774305555555555 0.24948559670781892
0 0.59375 0.3333333333333333 0.047453703703703706 0.08847736625514403
0 0.6958912037037037 0.4140946502057613 0.043402777777777776 0.1800411522633745
0 0.6546585648148148 0.4012345679012346 0.04195601851851852 0.2006172839506173
0 0.7081886574074074 0.7651748971193416 0.06510416666666667 0.24434156378600824
0 0.9947916666666666 0.36676954732510286 0.010416666666666666 0.15534979423868311
0 0.6177662037037037 0.8909465020576132 0.06076388888888889 0.21810699588477367
0 0.6300636574074074 0.8011831275720165 0.05642361111111111 0.20833333333333334