0 0.016047297297297296 0.5984848484848485 0.03209459459459459 0.16233766233766234
0 0.19679054054054054 0.5227272727272727 0.07601351351351351 0.08874458874458875
0 0.04391891891891892 0.9036796536796536 0.08783783783783784 0.19264069264069264
0 0.47635135135135137 0.6028138528138528 0.02702702702702703 0.24891774891774893
0 0.47381756756756754 0.5346320346320347 0.03209459459459459 0.11255411255411256
0 0.4189189189189189 0.538961038961039 0.057432432432432436 0.12121212121212122
0 0.46283783783783783 0.5075757575757576 0.04054054054054054 0.05844155844155844
0 0.37077702702702703 0.5898268398268398 0.13006756756756757 0.22294372294372294
0 0.041385135135135136 0.7932900432900433 0.08277027027027027 0.27056277056277056
0 0.5320945945945946 0.577922077922078 0.060810810810810814 0.19913419913419914
0 0.9704391891891891 0.8409090909090909 0.05912162162162162 0.2792207792207792