0 0.6291946308724832 0.22257383966244726 0.15436241610738255 0.4451476793248945
0 0.8582214765100671 0.21835443037974683 0.14597315436241612 0.43670886075949367
0 0.46308724832214765 0.759493670886076 0.018456375838926176 0.04008438818565401
0 0.4697986577181208 0.7109704641350211 0.02181208053691275 0.05907172995780591
0 0.2961409395973154 0.7964135021097046 0.02181208053691275 0.04219409282700422
0 0.23070469798657717 0.8407172995780591 0.028523489932885907 0.027426160337552744
0 0.17030201342281878 0.8354430379746836 0.015100671140939598 0.06962025316455696
0 0.19463087248322147 0.8481012658227848 0.03355704697986577 0.08649789029535865
0 0.19379194630872484 0.7911392405063291 0.026845637583892617 0.03164556962025317
0 0.21224832214765102 0.7510548523206751 0.031879194630872486 0.04008438818565401
0 0.16359060402684564 0.70042194092827 0.028523489932885907 0.03164556962025317
0 0.1266778523489933 0.7035864978902954 0.02181208053691275 0.03375527426160337
0 0.25671140939597314 0.6677215189873418 0.015100671140939598 0.056962025316455694
0 0.24580536912751677 0.6550632911392406 0.016778523489932886 0.04852320675105485
0 0.17869127516778524 0.6107594936708861 0.02348993288590604 0.056962025316455694
0 0.22063758389261745 0.5970464135021097 0.02181208053691275 0.052742616033755275
0 0.14261744966442952 0.5833333333333334 0.018456375838926176 0.046413502109704644
0 0.09228187919463088 0.6107594936708861 0.015100671140939598 0.04008438818565401
0 0.09479865771812081 0.5896624472573839 0.013422818791946308 0.035864978902953586
0 0.1040268456375839 0.5843881856540084 0.015100671140939598 0.0379746835443038
0 0.09731543624161074 0.7710970464135021 0.031879194630872486 0.05485232067510549
0 0.2802013422818792 0.7014767932489452 0.018456375838926176 0.027426160337552744
0 0.2953020134228188 0.6993670886075949 0.013422818791946308 0.046413502109704644
0 0.3338926174496644 0.7848101265822784 0.020134228187919462 0.056962025316455694
0 0.40436241610738255 0.7974683544303798 0.03859060402684564 0.04852320675105485
0 0.5109060402684564 0.6318565400843882 0.01174496644295302 0.05485232067510549
0 0.22986577181208054 0.8913502109704642 0.026845637583892617 0.06962025316455696
0 0.3422818791946309 0.7109704641350211 0.026845637583892617 0.05907172995780591
0 0.31711409395973156 0.7025316455696202 0.016778523489932886 0.05063291139240506
0 0.30956375838926176 0.7331223628691983 0.02348993288590604 0.03164556962025317
0 0.5293624161073825 0.5305907172995781 0.010067114093959731 0.029535864978902954
0 0.540268456375839 0.5158227848101266 0.013422818791946308 0.03375527426160337
0 0.4966442953020134 0.5295358649789029 0.015100671140939598 0.03375527426160337
0 0.49580536912751677 0.5675105485232067 0.015100671140939598 0.027426160337552744
0 0.27181208053691275 0.5379746835443038 0.010067114093959731 0.0379746835443038
0 0.28942953020134227 0.5210970464135021 0.013422818791946308 0.04008438818565401
0 0.28691275167785235 0.5632911392405063 0.01174496644295302 0.04852320675105485
0 0.3028523489932886 0.570675105485232 0.010067114093959731 0.05063291139240506
0 0.3447986577181208 0.5580168776371308 0.008389261744966443 0.04008438818565401
0 0.33640939597315433 0.5590717299578059 0.010067114093959731 0.035864978902953586
0 0.31543624161073824 0.5717299578059072 0.01174496644295302 0.05063291139240506
0 0.313758389261745 0.5274261603375527 0.013422818791946308 0.03375527426160337
0 0.36577181208053694 0.5432489451476793 0.008389261744966443 0.04008438818565401
0 0.37919463087248323 0.540084388185654 0.015100671140939598 0.04219409282700422
0 0.39093959731543626 0.5337552742616034 0.01174496644295302 0.04219409282700422
0 0.4085570469798658 0.5284810126582279 0.01174496644295302 0.04852320675105485
0 0.4203020134228188 0.5295358649789029 0.018456375838926176 0.04008438818565401
0 0.4395973154362416 0.5348101265822784 0.008389261744966443 0.03375527426160337
0 0.4563758389261745 0.5253164556962026 0.010067114093959731 0.035864978902953586
0 0.18624161073825504 0.5485232067510548 0.01174496644295302 0.04008438818565401
0 0.200503355704698 0.5369198312236287 0.013422818791946308 0.046413502109704644
0 0.1686241610738255 0.5506329113924051 0.016778523489932886 0.0379746835443038
0 0.16946308724832215 0.9704641350210971 0.03691275167785235 0.05907172995780591
0 0.14093959731543623 0.9810126582278481 0.026845637583892617 0.0379746835443038
0 0.5167785234899329 0.570675105485232 0.015100671140939598 0.03164556962025317
0 0.3347315436241611 0.5253164556962026 0.01174496644295302 0.04008438818565401
0 0.2273489932885906 0.5390295358649789 0.02348993288590604 0.05063291139240506
0 0.02080536912751679 0.6885654008438818 0.02058724832214767 0.04118143459915608
0 0.007550335570469799 0.7542194092827004 0.015100671140939598 0.06118143459915612
0 0.007550335570469799 0.9620253164556962 0.015100671140939598 0.0759493670886076
0 0.009228187919463088 0.9862869198312236 0.018456375838926176 0.027426160337552744
0 0.07991610738255032 0.8196624472573839 0.03813758389261748 0.08639240506329124
0 0.06993288590604028 0.8689029535864979 0.037348993288590586 0.07635021097046425
0 0.06619127516778521 0.6314135021097046 0.013791946308724878 0.04588607594936709
0 0.053540268456375835 0.6301898734177216 0.01951342281879194 0.04974683544303794
0 0.07729865771812079 0.5985443037974685 0.013355704697986543 0.05185654008438815
0 0.12406040268456375 0.5583755274261603 0.012080536912751658 0.035864978902953586
0 0.13988255033557048 0.5387763713080169 0.010167785234899333 0.036751054852320705
0 0.20984899328859058 0.5232067510548524 0.011661073825503337 0.038333333333333365
0 0.8062080536912751 0.6012658227848101 0.06543624161073826 0.0759493670886076