0 0.025086505190311418 0.7811418685121108 0.050173010380622836 0.43771626297577854
0 0.14273356401384082 0.7750865051903114 0.15397923875432526 0.44982698961937717
0 0.46366782006920415 0.8252595155709342 0.0726643598615917 0.3494809688581315
0 0.43685121107266434 0.9602076124567474 0.12629757785467127 0.07958477508650519
0 0.16192041522491346 0.5621107266435986 0.10240484429065734 0.2527854671280277
0 0.025086505190311418 0.6479238754325259 0.050173010380622836 0.28546712802768165
0 0.2736332179930796 0.5508650519031142 0.06493079584775081 0.2687716262975779
0 0.3884083044982699 0.3745674740484429 0.02249134948096886 0.029411764705882353
0 0.4186851211072664 0.3780276816608997 0.02422145328719723 0.03633217993079585
0 0.012110726643598616 0.47837370242214533 0.02422145328719723 0.1643598615916955
0 0.07181660899653977 0.45776816608996546 0.041799307958477555 0.13598615916955012