0 0.3859180035650624 0.3261904761904762 0.1662210338680927 0.6047619047619047
0 0.17602495543672014 0.3380952380952381 0.16488413547237077 0.580952380952381
0 0.059714795008912656 0.31587301587301586 0.11942959001782531 0.6253968253968254
0 0.4732620320855615 0.1634920634920635 0.023172905525846704 0.10793650793650794
0 0.6221033868092691 0.834920634920635 0.11764705882352941 0.18253968253968253
0 0.571301247771836 0.8809523809523809 0.06417112299465241 0.19682539682539682
0 0.5494652406417112 0.8912698412698413 0.020499108734402853 0.21746031746031746
0 0.9336007130124777 0.8992063492063492 0.13101604278074866 0.2015873015873016
0 0.8921568627450981 0.8722222222222222 0.12076648841354724 0.25476190476190474
0 0.8640819964349377 0.8365079365079365 0.09046345811051694 0.16666666666666666
0 0.7063279857397504 0.746031746031746 0.040106951871657755 0.18571428571428572
0 0.6421568627450981 0.703968253968254 0.06327985739750445 0.0873015873015873
0 0.6880570409982175 0.6849206349206349 0.04946524064171123 0.0746031746031746
0 0.5570409982174688 0.7301587301587301 0.035650623885918005 0.05634920634920635