0 0.2173396674584323 0.16173361522198731 0.06591448931116389 0.06025369978858351
0 0.3657957244655582 0.9608879492600423 0.05819477434679335 0.07822410147991543
0 0.22921615201900236 0.5496828752642706 0.060570071258907364 0.20084566596194503
0 0.2663301662707839 0.5364693446088795 0.045724465558194774 0.1744186046511628
0 0.31977434679334915 0.46511627906976744 0.03978622327790974 0.03171247357293869
0 0.27880047505938244 0.877906976744186 0.05641330166270784 0.2441860465116279
0 0.11282660332541568 0.9503171247357294 0.07125890736342043 0.09936575052854123
0 0.07779097387173396 0.5285412262156448 0.052256532066508314 0.15856236786469344
0 0.10748218527315914 0.47568710359408034 0.052256532066508314 0.052854122621564484
0 0.5653206650831354 0.8842494714587738 0.05463182897862233 0.23150105708245244
0 0.5356294536817102 0.943446088794926 0.060570071258907364 0.113107822410148
0 0.8623812351543944 0.6852536997885835 0.06086698337292162 0.21934460887949261
0 0.8994952494061758 0.656183932346723 0.04602137767220903 0.22463002114164904
0 0.8940023752969121 0.514799154334038 0.05641330166270784 0.13107822410147993
0 0.9529394299287411 0.5689746300211417 0.04008313539192399 0.11363636363636363
0 0.7407957244655582 0.5068710359408034 0.05760095011876484 0.11522198731501057
0 0.734709026128266 0.6654334038054969 0.06383610451306414 0.2219873150105708
0 0.9118171021377672 0.9503171247357294 0.05641330166270784 0.09936575052854123
0 0.5166270783847982 0.47780126849894294 0.040380047505938245 0.05708245243128964
0 0.8111638954869359 0.5243128964059197 0.047505938242280284 0.15010570824524314
0 0.8488717339667459 0.5243128964059197 0.04334916864608076 0.15010570824524314