0 0.15163934426229508 0.23668032786885246 0.12459016393442623 0.26588114754098363
0 0.2610655737704918 0.23258196721311475 0.1221311475409836 0.274077868852459
0 0.37581967213114753 0.2382172131147541 0.1307377049180328 0.26280737704918034
0 0.4864754098360656 0.29815573770491804 0.07172131147540983 0.14344262295081966
0 0.5381147540983606 0.29866803278688525 0.04344262295081967 0.14241803278688525
0 0.07663934426229509 0.2694672131147541 0.054098360655737705 0.09887295081967214
0 0.022131147540983605 0.8104508196721312 0.04426229508196721 0.3790983606557377
0 0.04057377049180328 0.6055327868852459 0.08114754098360656 0.44364754098360654
0 0.2540983606557377 0.6849385245901639 0.40204918032786885 0.6301229508196722
0 0.4979508196721312 0.6849385245901639 0.12336065573770492 0.6301229508196722
0 0.6110655737704918 0.9380122950819673 0.10245901639344263 0.12397540983606557