0 0.6962875197472354 0.23735955056179775 0.22867298578199052 0.3771067415730337
0 0.23696682464454977 0.9269662921348315 0.4154818325434439 0.14606741573033707
0 0.7823854660347551 0.7394662921348315 0.08214849921011058 0.1523876404494382
0 0.6915481832543444 0.6917134831460674 0.016192733017377565 0.023174157303370788
0 0.5545023696682464 0.7001404494382022 0.014218009478672985 0.023174157303370788
0 0.8973143759873617 0.6804775280898876 0.018562401263823063 0.03581460674157303
0 0.9214060031595577 0.6797752808988764 0.019747235387045814 0.03651685393258427
0 0.9293048973143759 0.6678370786516854 0.01066350710900474 0.012640449438202247
0 0.9407582938388626 0.6825842696629213 0.013428120063191154 0.028792134831460675
0 0.9518167456556083 0.6706460674157303 0.007503949447077409 0.011938202247191011
0 0.9545813586097947 0.6783707865168539 0.015007898894154818 0.026685393258426966
0 0.9739336492890995 0.6790730337078652 0.02093206951026856 0.030196629213483147
0 0.9936808846761453 0.6762640449438202 0.01263823064770932 0.021769662921348316
0 0.8787519747235387 0.6818820224719101 0.014218009478672985 0.023876404494382022
0 0.8601895734597157 0.6875 0.02014218009478673 0.027387640449438203
0 0.8412322274881516 0.6860955056179775 0.016587677725118485 0.03089887640449438
0 0.8258293838862559 0.6846910112359551 0.01579778830963665 0.030196629213483147
0 0.811216429699842 0.6839887640449438 0.01263823064770932 0.025280898876404494
0 0.7523696682464455 0.6818820224719101 0.008688783570300158 0.016853932584269662
0 0.6263823064770933 0.6931179775280899 0.011848341232227487 0.013342696629213483
0 0.5714849921011058 0.6945224719101124 0.01066350710900474 0.014747191011235955
0 0.5774091627172195 0.6889044943820225 0.006714060031595577 0.009831460674157303
0 0.6702211690363349 0.6882022471910112 0.009478672985781991 0.013342696629213483
0 0.7120853080568721 0.6910112359550562 0.014612954186413903 0.02247191011235955
0 0.731437598736177 0.6882022471910112 0.016192733017377565 0.020365168539325844