0 0.3251366120218579 0.3888888888888889 0.20491803278688525 0.41975308641975306
0 0.20218579234972678 0.7993827160493827 0.226775956284153 0.4012345679012346
0 0.3442622950819672 0.8508230452674898 0.2568306010928962 0.29835390946502055
0 0.38456284153005466 0.7674897119341564 0.18989071038251365 0.3374485596707819
0 0.7862021857923497 0.7191358024691358 0.036885245901639344 0.17078189300411523
0 0.7219945355191257 0.727366255144033 0.03961748633879782 0.1419753086419753
0 0.6830601092896175 0.7211934156378601 0.02459016393442623 0.14609053497942387
0 0.9610655737704918 0.779835390946502 0.0778688524590164 0.36213991769547327
0 0.48360655737704916 0.7067901234567902 0.00819672131147541 0.10493827160493827
0 0.5163934426229508 0.7016460905349794 0.02459016393442623 0.10699588477366255
0 0.5710382513661202 0.7993827160493827 0.12295081967213115 0.4012345679012346
0 0.7609289617486339 0.7211934156378601 0.030054644808743168 0.16255144032921812