0 0.5137075718015666 0.9060052219321149 0.08681462140992167 0.18798955613577023
0 0.412532637075718 0.8929503916449086 0.06723237597911227 0.21409921671018275
0 0.31592689295039167 0.8818537859007833 0.11879895561357702 0.2362924281984334
0 0.8766318537859008 0.72911227154047 0.07441253263707572 0.2519582245430809
0 0.7989556135770235 0.72911227154047 0.09138381201044386 0.2597911227154047
0 0.6573107049608355 0.7421671018276762 0.05613577023498695 0.24151436031331594
0 0.9895561357702349 0.7323759791122716 0.020887728459530026 0.2454308093994778
0 0.7225848563968669 0.741514360313316 0.08224543080939947 0.2454308093994778
0 0.9451697127937336 0.7395561357702349 0.08093994778067885 0.22845953002610966
0 0.6879895561357703 0.9647519582245431 0.1122715404699739 0.07049608355091384
0 0.6840731070496083 0.9295039164490861 0.10182767624020887 0.1409921671018277