0 0.09466666666666666 0.6863879003558719 0.007666666666666666 0.026690391459074734
0 0.106 0.6863879003558719 0.008333333333333333 0.032473309608540925
0 0.12433333333333334 0.6859430604982206 0.01633333333333333 0.04848754448398576
0 0.19133333333333333 0.6899466192170819 0.015666666666666666 0.05693950177935943
0 0.15566666666666668 0.6952846975088968 0.027 0.07384341637010676
0 0.27666666666666667 0.7157473309608541 0.03933333333333333 0.08274021352313167
0 0.20533333333333334 0.7766903914590747 0.05 0.2451067615658363
0 0.6123333333333333 0.8016014234875445 0.21133333333333335 0.39679715302491103
0 0.951 0.8078291814946619 0.098 0.38434163701067614
0 0.7303333333333333 0.8247330960854092 0.13666666666666666 0.3505338078291815
0 0.8466666666666667 0.7793594306049823 0.16133333333333333 0.4412811387900356