0 0.14085667215815487 0.12756598240469208 0.018121911037891267 0.04398826979472141
0 0.1289126853377265 0.06524926686217009 0.005766062602965404 0.01906158357771261
0 0.12602965403624383 0.8189149560117303 0.06589785831960461 0.3614369501466276
0 0.23805601317957167 0.874633431085044 0.06260296540362438 0.25
0 0.4995881383855025 0.6686217008797654 0.10626029654036244 0.31085043988269795
0 0.5193574958813838 0.5168621700879765 0.048599670510708404 0.09530791788856305
0 0.3904448105436573 0.5102639296187683 0.036243822075782535 0.08211143695014662
0 0.3517298187808896 0.5183284457478006 0.03789126853377265 0.09824046920821114
0 0.4130971993410214 0.8585043988269795 0.0700164744645799 0.24486803519061584
0 0.3628500823723229 0.7778592375366569 0.05683690280065898 0.32111436950146627
0 0.35090609555189456 0.7456011730205279 0.042833607907743 0.15102639296187684