0 0.3647672552166934 0.2664285714285714 0.060995184590690206 0.26571428571428574
0 0.3290529695024077 0.23857142857142857 0.054975922953451044 0.235
0 0.15369181380417335 0.21357142857142858 0.09470304975922954 0.15142857142857144
0 0.05898876404494382 0.31857142857142856 0.10834670947030497 0.28285714285714286
0 0.021669341894060994 0.24142857142857144 0.04333868378812199 0.13642857142857143
0 0.25842696629213485 0.18642857142857142 0.05898876404494382 0.09714285714285714
0 0.6954253611556982 0.15357142857142858 0.07423756019261638 0.2057142857142857
0 0.8695826645264848 0.36857142857142855 0.09069020866773676 0.1407142857142857
0 0.22752808988764045 0.6071428571428571 0.028089887640449437 0.1657142857142857
0 0.027287319422150885 0.925 0.05457463884430177 0.15
0 0.18017656500802567 0.9442857142857143 0.0666131621187801 0.11142857142857143
0 0.815008025682183 0.8207142857142857 0.36998394863563405 0.3585714285714286