0 0.9793785310734463 0.30784708249496984 0.04124293785310734 0.1227364185110664
0 0.9573446327683616 0.24195171026156942 0.05084745762711865 0.23641851106639838
0 0.6138418079096045 0.30935613682092555 0.05367231638418079 0.11971830985915492
0 0.41779661016949154 0.136317907444668 0.06779661016949153 0.21629778672032193
0 0.8073446327683615 0.09054325955734406 0.062146892655367235 0.18108651911468812
0 0.6098870056497175 0.09708249496981891 0.0423728813559322 0.19416498993963782
0 0.6429378531073446 0.07042253521126761 0.04632768361581921 0.14084507042253522
0 0.7454802259887006 0.039235412474849095 0.0423728813559322 0.07847082494969819
0 0.7050847457627119 0.03772635814889336 0.04067796610169491 0.07545271629778671
0 0.43107344632768363 0.04275653923541248 0.03502824858757062 0.08551307847082495
0 0.6861581920903955 0.32696177062374243 0.059322033898305086 0.08450704225352113
0 0.7553672316384181 0.30030181086519114 0.06779661016949153 0.13782696177062373
0 0.6169491525423729 0.5829979879275654 0.15423728813559323 0.20824949698189135
0 0.6742937853107345 0.6604627766599598 0.20480225988700565 0.40995975855130784