0 0.21498842592592593 0.24537037037037038 0.17881944444444445 0.360082304526749
0 0.07291666666666667 0.24022633744855967 0.14554398148148148 0.33024691358024694
0 0.42390046296296297 0.23868312757201646 0.15219907407407407 0.2690329218106996
0 0.30179398148148145 0.08436213991769548 0.10561342592592593 0.16306584362139917
0 0.140625 0.09825102880658436 0.08998842592592593 0.13786008230452676
0 0.5580150462962963 0.29218106995884774 0.053530092592592594 0.2366255144032922
0 0.5292245370370371 0.36934156378600824 0.05844907407407408 0.16049382716049382
0 0.8920717592592593 0.3966049382716049 0.06770833333333333 0.10596707818930041
0 0.7547743055555556 0.1147119341563786 0.053530092592592594 0.2109053497942387
0 0.8472222222222222 0.09979423868312758 0.059027777777777776 0.19958847736625515
0 0.8833912037037037 0.08693415637860083 0.04456018518518518 0.17386831275720166
0 0.9354745370370371 0.01748971193415638 0.03877314814814815 0.03497942386831276