0 0.21486928104575165 0.1792452830188679 0.4297385620915033 0.3584905660377358
0 0.6887254901960784 0.04245283018867924 0.15849673202614378 0.08490566037735849
0 0.2638888888888889 0.7193396226415094 0.3022875816993464 0.5613207547169812
0 0.07679738562091504 0.8018867924528302 0.15359477124183007 0.39622641509433965
0 0.8439542483660131 0.6851415094339622 0.04411764705882353 0.1957547169811321
0 0.7671568627450981 0.6945754716981132 0.04738562091503268 0.16273584905660377
0 0.7205882352941176 0.6875 0.029411764705882353 0.16745283018867924
0 0.4714052287581699 0.6709905660377359 0.03104575163398693 0.12028301886792453
0 0.5212418300653595 0.6650943396226415 0.029411764705882353 0.12264150943396226
0 0.5866013071895425 0.7676886792452831 0.14705882352941177 0.46462264150943394
0 0.8137254901960784 0.6875 0.03594771241830065 0.18632075471698112