0 0.45524915336236094 0.4779032258064516 0.30720851475568456 0.5841935483870968
0 0.16751330430575714 0.5 0.3350266086115143 0.54
0 0.7197629414610547 0.6991935483870968 0.03955007256894049 0.1414516129032258
0 0.4643202709240445 0.9483870967741935 0.019593613933236574 0.08935483870967742
0 0.6121190130624092 0.8804838709677419 0.015723270440251572 0.026129032258064518
0 0.1574746008708273 0.8620967741935484 0.021286889211417512 0.04096774193548387
0 0.08720367682631834 0.8143548387096774 0.020561199806482824 0.05193548387096774
0 0.9317851959361393 0.9238709677419354 0.13630865989356555 0.15225806451612903
0 0.8942912433478472 0.9362903225806452 0.13292210933720366 0.12741935483870967
0 0.7268988872762457 0.9387096774193548 0.18831640058055152 0.12258064516129032
0 0.7120222544750847 0.9479032258064516 0.18408321238509917 0.10419354838709677