0 0.05308988764044944 0.4145 0.02443820224719101 0.1135
0 0.42219101123595504 0.976 0.05337078651685393 0.048
0 0.3938202247191011 0.915 0.05056179775280899 0.17
0 0.030056179775280897 0.685 0.05337078651685393 0.05
0 0.08146067415730338 0.7535 0.046067415730337076 0.187
0 0.026825842696629215 0.7975 0.04915730337078652 0.205
0 0.18314606741573033 0.741 0.0449438202247191 0.162
0 0.1398876404494382 0.7385 0.03932584269662921 0.157
0 0.2752808988764045 0.9075 0.0550561797752809 0.185
0 0.2101123595505618 0.8985 0.05056179775280899 0.203
0 0.10112359550561797 0.921 0.04943820224719101 0.158
0 0.6623595505617977 0.8775 0.09550561797752809 0.1185