0 0.3116264294790343 0.32047619047619047 0.25317662007623887 0.3585714285714286
0 0.46855146124523506 0.15619047619047619 0.051778907242693774 0.13333333333333333
0 0.4494917407878018 0.09761904761904762 0.031130876747141042 0.04904761904761905
0 0.4269377382465057 0.21666666666666667 0.10673443456162643 0.21857142857142858
0 0.05972045743329098 0.3919047619047619 0.11944091486658195 0.21619047619047618
0 0.06416772554002541 0.25285714285714284 0.12801778907242695 0.21761904761904763
0 0.1454891994917408 0.18428571428571427 0.09911054637865312 0.20523809523809525
0 0.25158831003811943 0.1619047619047619 0.07846251588310038 0.1438095238095238
0 0.2906607369758577 0.13047619047619047 0.03653113087674714 0.09523809523809523
0 0.3360864040660737 0.11428571428571428 0.06670902160101652 0.06523809523809523
0 0.7906607369758577 0.33476190476190476 0.1235705209656925 0.3047619047619048
0 0.19123252858958067 0.7119047619047619 0.030177890724269376 0.08571428571428572
0 0.49015247776365944 0.7642857142857142 0.04860228716645489 0.32857142857142857
0 0.5152477763659467 0.7223809523809523 0.029224904701397714 0.22904761904761906
0 0.13881829733163914 0.7438095238095238 0.0295425667090216 0.14047619047619048
0 0.10006353240152478 0.7552380952380953 0.042884371029224905 0.14666666666666667
0 0.019695044472681066 0.7485714285714286 0.03939008894536213 0.15428571428571428
0 0.07719186785260483 0.7138095238095238 0.020648030495552732 0.10285714285714286
0 0.041613722998729355 0.7404761904761905 0.023506988564167726 0.10142857142857142
0 0.0038119440914866584 0.7023809523809523 0.007306226175349428 0.02142857142857143
0 0.7382465057179162 0.9195238095238095 0.08259212198221093 0.16095238095238096
0 0.579415501905972 0.6742857142857143 0.09911054637865312 0.3485714285714286
0 0.8198856416772554 0.66 0.08449809402795426 0.32
0 0.9736340533672173 0.9214285714285714 0.05273189326556544 0.15714285714285714
0 0.9081956797966964 0.9257142857142857 0.08322744599745871 0.14857142857142858
0 0.5584498094027954 0.9347619047619048 0.05717916137229987 0.13047619047619047
0 0.8192503176620076 0.9280952380952381 0.07052096569250317 0.1438095238095238
0 0.6041931385006353 0.8590476190476191 0.09021601016518424 0.21523809523809523
0 0.6998094027954257 0.6542857142857142 0.08322744599745871 0.30857142857142855
0 0.9453621346886912 0.6547619047619048 0.0724269377382465 0.24095238095238095
0 0.8132147395171537 0.8647619047619047 0.07496823379923762 0.22285714285714286
0 0.6794790343074968 0.8928571428571429 0.07179161372299873 0.19904761904761906
0 0.752858958068615 0.8228571428571428 0.0940279542566709 0.22095238095238096
0 0.650571791613723 0.9404761904761905 0.0724269377382465 0.11904761904761904
0 0.7623888182973316 0.6266666666666667 0.052096569250317665 0.24761904761904763
0 0.8885006353240152 0.6733333333333333 0.06670902160101652 0.2704761904761905
0 0.6372299872935197 0.6466666666666666 0.054637865311308764 0.29333333333333333
0 0.940279542566709 0.8214285714285714 0.060991105463786534 0.23142857142857143
0 0.6743964421855146 0.7766666666666666 0.08195679796696315 0.14761904761904762
0 0.8910419313850063 0.8438095238095238 0.06035578144853875 0.20761904761904762
0 0.977445997458704 0.86 0.04510800508259212 0.2038095238095238
0 0.9733163913595934 0.6333333333333333 0.053367217280813214 0.26666666666666666