0 0.6835891381345927 0.37289915966386555 0.08736717827626919 0.35294117647058826
0 0.7225501770956316 0.17016806722689076 0.08146399055489964 0.3403361344537815
0 0.8981700118063755 0.15126050420168066 0.05962219598583235 0.3025210084033613
0 0.6679456906729634 0.14495798319327732 0.05608028335301062 0.28991596638655465
0 0.956021251475797 0.1565126050420168 0.06198347107438017 0.3130252100840336
0 0.5805785123966942 0.9070378151260504 0.05489964580873672 0.18592436974789917
0 0.6097992916174735 0.9658613445378151 0.0602125147579693 0.06827731092436974
0 0.3800177095631641 0.7536764705882353 0.05460448642266824 0.21533613445378152
0 0.28556670602125145 0.7313550420168067 0.06050767414403778 0.21796218487394958
0 0.24867178276269186 0.7024684873949579 0.045749704840613935 0.22321428571428573
0 0.2535419126328217 0.5882352941176471 0.05608028335301062 0.07773109243697479
0 0.27715466351829987 0.5714285714285714 0.03837072018890201 0.04411764705882353
0 0.31345926800472257 0.5766806722689075 0.04250295159386069 0.0546218487394958
0 0.195543093270366 0.6158088235294118 0.03984651711924439 0.11292016806722689
0 0.10448642266824085 0.6066176470588235 0.047225501770956316 0.11449579831932773
0 0.0345336481700118 0.6397058823529411 0.04309327036599764 0.18067226890756302
0 0.046340023612750886 0.6118697478991597 0.04309327036599764 0.125
0 0.007378984651711925 0.6533613445378151 0.01475796930342385 0.19957983193277312
0 0.7172373081463991 0.8650210084033614 0.15466351829988192 0.2699579831932773
0 0.6514167650531287 0.7226890756302521 0.023022432113341203 0.3403361344537815
0 0.6915584415584416 0.6738445378151261 0.07024793388429752 0.15441176470588236
0 0.8981700118063755 0.7589285714285714 0.05608028335301062 0.21533613445378152
0 0.8388429752066116 0.8886554621848739 0.1487603305785124 0.22268907563025211
0 0.8417945690672963 0.7452731092436975 0.06257378984651712 0.2342436974789916
0 0.9465761511216056 0.8902310924369747 0.08795749704840614 0.21953781512605042
0 0.9855371900826446 0.8881302521008403 0.028925619834710745 0.21953781512605042
0 0.7798110979929161 0.8797268907563025 0.1050767414403778 0.24054621848739496
0 0.9427390791027155 0.7510504201680672 0.0590318772136954 0.22058823529411764
0 0.743801652892562 0.7247899159663865 0.0590318772136954 0.22899159663865545
0 0.7963400236127509 0.7258403361344538 0.0590318772136954 0.226890756302521
0 0.9790436835891382 0.7610294117647058 0.04191263282172373 0.2027310924369748
0 0.8754427390791027 0.8555672268907563 0.0602125147579693 0.15861344537815125
0 0.7201889020070839 0.8634453781512605 0.10271546635182999 0.27310924369747897