0 0.19592198581560283 0.3324468085106383 0.02304964539007092 0.015070921985815602
0 0.21453900709219859 0.3324468085106383 0.02304964539007092 0.01152482269503546
0 0.24556737588652483 0.3333333333333333 0.03102836879432624 0.010638297872340425
0 0.05939716312056738 0.33067375886524825 0.018617021276595744 0.015070921985815602
0 0.9592198581560284 0.28102836879432624 0.08156028368794327 0.16843971631205673
0 0.29343971631205673 0.674645390070922 0.0425531914893617 0.07535460992907801
0 0.04698581560283688 0.6081560283687943 0.041666666666666664 0.16489361702127658
0 0.08067375886524823 0.5921985815602837 0.05230496453900709 0.18439716312056736
0 0.15336879432624115 0.6320921985815603 0.04875886524822695 0.09663120567375887
0 0.2854609929078014 0.6037234042553191 0.05851063829787234 0.1099290780141844
0 0.3803191489361702 0.5913120567375887 0.0398936170212766 0.13120567375886524