0 0.5506365740740741 0.44598765432098764 0.05497685185185185 0.2273662551440329
0 0.5795717592592593 0.32767489711934156 0.052083333333333336 0.2417695473251029
0 0.9539930555555556 0.041666666666666664 0.05497685185185185 0.08333333333333333
0 0.9308449074074074 0.44753086419753085 0.05497685185185185 0.2242798353909465
0 0.6568287037037037 0.05298353909465021 0.05324074074074074 0.10596707818930041
0 0.7832754629629629 0.45010288065843623 0.06655092592592593 0.2191358024691358
0 0.8550347222222222 0.4845679012345679 0.05960648148148148 0.15020576131687244
0 0.7329282407407407 0.1463477366255144 0.06365740740740741 0.23919753086419754
0 0.9354745370370371 0.1720679012345679 0.043402777777777776 0.21347736625514405
0 0.9013310185185185 0.11213991769547325 0.048032407407407406 0.2242798353909465
0 0.8984375 0.016975308641975308 0.048032407407407406 0.033950617283950615
0 0.7965856481481481 0.08024691358024691 0.043402777777777776 0.16049382716049382
0 0.8376736111111112 0.0787037037037037 0.04224537037037037 0.1574074074074074
0 0.8399884259259259 0.5102880658436214 0.07233796296296297 0.09876543209876543
0 0.49421296296296297 0.032407407407407406 0.028935185185185185 0.06481481481481481
0 0.22337962962962962 0.8127572016460906 0.1568287037037037 0.36419753086419754
0 0.6637731481481481 0.7988683127572016 0.33275462962962965 0.3986625514403292