0 0.37254098360655735 0.38562091503267976 0.21885245901639344 0.3681917211328976
0 0.7540983606557377 0.47004357298474947 0.05737704918032787 0.1775599128540305
0 0.8127049180327869 0.25925925925925924 0.0569672131147541 0.23366013071895425
0 0.46907377049180327 0.8027450980392157 0.06437704918032784 0.24732026143790845
0 0.6811475409836065 0.7630718954248366 0.028278688524590163 0.07625272331154684
0 0.9606557377049181 0.809368191721133 0.04549180327868853 0.29193899782135074
0 0.985655737704918 0.7723311546840959 0.028278688524590163 0.2037037037037037
0 0.6319672131147541 0.7908496732026143 0.02745901639344262 0.1247276688453159
0 0.5959016393442623 0.80119825708061 0.04016393442622951 0.13017429193899782
0 0.5282786885245901 0.7935729847494554 0.01721311475409836 0.13616557734204793
0 0.5745901639344262 0.764161220043573 0.019262295081967213 0.0915032679738562
0 0.5413934426229509 0.7881263616557734 0.022131147540983605 0.08986928104575163