0 0.16889483065953653 0.7375592417061612 0.1889483065953654 0.26540284360189575
0 0.0766488413547237 0.8039099526066351 0.12344028520499109 0.28672985781990523
0 0.034759358288770054 0.8311611374407583 0.06907308377896614 0.33767772511848343
0 0.6519607843137255 0.8424170616113744 0.17557932263814616 0.3145734597156398
0 0.6020499108734403 0.8009478672985783 0.19429590017825313 0.3886255924170616
0 0.5574866310160428 0.7387440758293838 0.14527629233511585 0.24229857819905212
0 0.30392156862745096 0.6078199052132701 0.06417112299465241 0.27014218009478674
0 0.20098039215686275 0.5462085308056872 0.10115864527629234 0.12677725118483413
0 0.27450980392156865 0.518957345971564 0.07932263814616755 0.10900473933649289
0 0.06417112299465241 0.5847156398104265 0.05748663101604278 0.08234597156398105
0 0.012477718360071301 0.5539099526066351 0.024955436720142603 0.0509478672985782
0 0.8172905525846702 0.6546208530805687 0.030303030303030304 0.12559241706161137