0 0.23258196721311475 0.875 0.02151639344262295 0.10729166666666666
0 0.012295081967213115 0.8 0.02151639344262295 0.09479166666666666
0 0.3422131147540984 0.5895833333333333 0.014344262295081968 0.0625
0 0.29713114754098363 0.6541666666666667 0.014344262295081968 0.07916666666666666
0 0.27561475409836067 0.6333333333333333 0.011270491803278689 0.08333333333333333
0 0.33709016393442626 0.46145833333333336 0.014344262295081968 0.042708333333333334
0 0.015368852459016393 0.4875 0.01331967213114754 0.04895833333333333
0 0.4375 0.540625 0.01331967213114754 0.08020833333333334
0 0.5204918032786885 0.8479166666666667 0.01639344262295082 0.08958333333333333
0 0.257172131147541 0.75625 0.01639344262295082 0.08958333333333333
0 0.1915983606557377 0.49375 0.014344262295081968 0.05
0 0.5030737704918032 0.4552083333333333 0.014344262295081968 0.06979166666666667
0 0.8237704918032787 0.709375 0.3524590163934426 0.58125