0 0.22458133971291866 0.21595744680851064 0.05502392344497608 0.1026595744680851
0 0.6546052631578947 0.04468085106382979 0.056818181818181816 0.08936170212765958
0 0.6001794258373205 0.1175531914893617 0.049641148325358854 0.2351063829787234
0 0.597188995215311 0.019148936170212766 0.049641148325358854 0.03829787234042553
0 0.6586423444976076 0.1824468085106383 0.05233253588516747 0.21808510638297873
0 0.6486244019138756 0.4765957446808511 0.04485645933014354 0.14680851063829786
0 0.88127990430622 0.02074468085106383 0.037679425837320576 0.04148936170212766
0 0.84688995215311 0.06861702127659575 0.04066985645933014 0.1372340425531915
0 0.8163875598086124 0.12127659574468085 0.04485645933014354 0.20212765957446807
0 0.8081638755980861 0.32074468085106383 0.0583133971291866 0.25
0 0.5891148325358851 0.3893617021276596 0.03827751196172249 0.24468085106382978
0 0.9472188995215312 0.12393617021276596 0.05233253588516747 0.2127659574468085
0 0.93122009569378 0.06702127659574468 0.05382775119617225 0.13404255319148936
0 0.5460526315789473 0.847872340425532 0.04754784688995215 0.30372340425531913
0 0.05980861244019139 0.8430851063829787 0.09599282296650717 0.31382978723404253
0 0.34629186602870815 0.8377659574468085 0.097188995215311 0.324468085106383
0 0.1471291866028708 0.8436170212765958 0.0924043062200957 0.3127659574468085
0 0.49940191387559807 0.8585106382978723 0.0798444976076555 0.28297872340425534
0 0.4297248803827751 0.8265957446808511 0.09629186602870814 0.3468085106382979
0 0.208433014354067 0.8308510638297872 0.06937799043062201 0.3074468085106383
0 0.26495215311004783 0.8414893617021276 0.0861244019138756 0.3170212765957447
0 0.40998803827751196 0.6462765957446809 0.06638755980861244 0.1925531914893617
0 0.4826555023923445 0.6579787234042553 0.08044258373205741 0.21595744680851064
0 0.026016746411483254 0.8271276595744681 0.05173444976076555 0.3223404255319149
0 0.222188995215311 0.6420212765957447 0.07924641148325359 0.1675531914893617
0 0.34868421052631576 0.6409574468085106 0.06728468899521531 0.1819148936170213
0 0.11363636363636363 0.7042553191489361 0.05113636363636364 0.11117021276595744
0 0.291866028708134 0.6531914893617021 0.060107655502392346 0.1803191489361702
0 0.11333732057416268 0.8106382978723404 0.05053827751196172 0.32074468085106383
0 0.7281698564593302 0.6265957446808511 0.0325956937799043 0.13351063829787235