0 0.7871116225546605 0.4088114754098361 0.05178365937859609 0.08196721311475409
0 0.7246835443037974 0.04149590163934426 0.053509781357882626 0.08299180327868852
0 0.4148446490218642 0.1757172131147541 0.05466052934407365 0.13831967213114754
0 0.4673475258918297 0.2615266393442623 0.04746835443037975 0.24846311475409835
0 0.47022439585730724 0.1257684426229508 0.04746835443037975 0.1408811475409836
0 0.4700805523590334 0.0235655737704918 0.04142692750287687 0.0471311475409836
0 0.4341196777905639 0.022540983606557378 0.04200230149597238 0.045081967213114756
0 0.9237629459148446 0.017418032786885244 0.037399309551208286 0.03483606557377049
0 0.8873705408515535 0.18084016393442623 0.04746835443037975 0.16393442622950818
0 0.8806098964326813 0.0466188524590164 0.037399309551208286 0.0932377049180328
0 0.41124856156501727 0.33452868852459017 0.050345224395857306 0.21004098360655737
0 0.642692750287687 0.35348360655737704 0.05638665132336018 0.19262295081967212
0 0.7579113924050633 0.15138319672131148 0.04746835443037975 0.1869877049180328
0 0.5716340621403913 0.2666495901639344 0.04602991944764097 0.1869877049180328
0 0.5270425776754891 0.2525614754098361 0.04027617951668585 0.20491803278688525
0 0.616800920598389 0.06967213114754098 0.047180667433831994 0.13934426229508196
0 0.5794016110471807 0.06352459016393443 0.04487917146144994 0.12704918032786885
0 0.5477560414269275 0.07120901639344263 0.04142692750287687 0.14241803278688525
0 0.8598964326812428 0.027663934426229508 0.03279631760644419 0.055327868852459015
0 0.8843498273878021 0.018442622950819672 0.0333716915995397 0.036885245901639344
0 0.9879171461449943 0.051741803278688527 0.024165707710011506 0.10348360655737705
0 0.9664844649021864 0.14241803278688525 0.04746835443037975 0.17418032786885246
0 0.17779056386651323 0.7433401639344263 0.03624856156501726 0.21055327868852458
0 0.1283084004602992 0.7525614754098361 0.027330264672036825 0.21055327868852458
0 0.11219792865362485 0.7295081967213115 0.020425776754890677 0.17981557377049182
0 0.05724971231300345 0.7136270491803278 0.027905638665132335 0.23924180327868852
0 0.21605293440736478 0.6429303278688525 0.012658227848101266 0.056864754098360656
0 0.22957422324510932 0.6337090163934426 0.006329113924050633 0.030737704918032786
0 0.8029344073647872 0.6265368852459017 0.07652474108170311 0.12397540983606557