0 0.11946902654867257 0.3860619469026549 0.04092920353982301 0.24778761061946902
0 0.18030973451327434 0.43694690265486724 0.08517699115044247 0.1836283185840708
0 0.16150442477876106 0.2997787610619469 0.024336283185840708 0.26991150442477874
0 0.09402654867256637 0.3108407079646018 0.033185840707964605 0.2975663716814159
0 0.12168141592920353 0.2411504424778761 0.032079646017699116 0.17588495575221239
0 0.18805309734513273 0.35398230088495575 0.035398230088495575 0.2002212389380531
0 0.1902654867256637 0.24336283185840707 0.02654867256637168 0.17588495575221239
0 0.2334070796460177 0.372787610619469 0.02101769911504425 0.1670353982300885
0 0.25110619469026546 0.36283185840707965 0.017699115044247787 0.18141592920353983
0 0.22566371681415928 0.3174778761061947 0.022123893805309734 0.28982300884955753
0 0.4170353982300885 0.3915929203539823 0.0420353982300885 0.2754424778761062
0 0.33517699115044247 0.43694690265486724 0.08296460176991151 0.20575221238938052
0 0.3329646017699115 0.372787610619469 0.05420353982300885 0.2334070796460177
0 0.30973451327433627 0.3219026548672566 0.02654867256637168 0.2643805309734513
0 0.27986725663716816 0.31194690265486724 0.035398230088495575 0.27323008849557523
0 0.25331858407079644 0.3219026548672566 0.035398230088495575 0.2643805309734513
0 0.375 0.3252212389380531 0.03982300884955752 0.3008849557522124
0 0.3993362831858407 0.3163716814159292 0.028761061946902654 0.3030973451327434
0 0.7002212389380531 0.834070796460177 0.5243362831858407 0.33185840707964603