0 0.4041598694942904 0.1355072463768116 0.0636215334420881 0.16231884057971013
0 0.24469820554649266 0.1608695652173913 0.07381729200652529 0.08043478260869565
0 0.1802610114192496 0.11521739130434783 0.052202283849918436 0.1565217391304348
0 0.21615008156606852 0.1282608695652174 0.04200652528548124 0.10217391304347827
0 0.22063621533442088 0.09057971014492754 0.04608482871125612 0.09565217391304348
0 0.32300163132137033 0.1 0.03711256117455139 0.08115942028985507
0 0.08075040783034258 0.09565217391304348 0.04730831973898858 0.06739130434782609
0 0.03303425774877651 0.11521739130434783 0.0636215334420881 0.17173913043478262
0 0.27487765089722677 0.08478260869565217 0.05750407830342578 0.1036231884057971
0 0.46125611745513867 0.10217391304347827 0.050978792822185974 0.10434782608695652
0 0.48164763458401305 0.09710144927536232 0.020391517128874388 0.06159420289855073
0 0.4429037520391517 0.06956521739130435 0.016721044045676998 0.02391304347826087
0 0.4200652528548124 0.06594202898550725 0.04200652528548124 0.043478260869565216
0 0.3054649265905383 0.14420289855072463 0.08034257748776509 0.09927536231884058
0 0.6888254486133768 0.7391304347826086 0.15905383360522024 0.5217391304347826