0 0.734910277324633 0.18695652173913044 0.05546492659053834 0.21739130434782608
0 0.9115008156606852 0.06739130434782609 0.03181076672104405 0.12028985507246377
0 0.9098694942903752 0.13260869565217392 0.033442088091353996 0.07101449275362319
0 0.45146818923327897 0.6782608695652174 0.31769983686786296 0.3391304347826087
0 0.13091353996737357 0.6833333333333333 0.26182707993474713 0.3492753623188406
0 0.517536704730832 0.6565217391304348 0.10195758564437195 0.058695652173913045
0 0.5999184339314845 0.6673913043478261 0.1199021207177814 0.1855072463768116
0 0.968189233278956 0.8485507246376811 0.009787928221859706 0.034782608695652174
0 0.9661500815660685 0.836231884057971 0.010603588907014683 0.04057971014492753
0 0.9743066884176182 0.9898550724637681 0.017128874388254486 0.020289855072463767
0 0.9592169657422512 0.9884057971014493 0.01957585644371941 0.02318840579710145
0 0.918026101141925 0.9246376811594202 0.02365415986949429 0.04927536231884058
0 0.9257748776508973 0.9144927536231884 0.018760195758564437 0.0536231884057971
0 0.8548123980424144 0.9485507246376812 0.01631321370309951 0.0536231884057971
0 0.7120717781402937 0.967391304347826 0.017128874388254486 0.059420289855072465
0 0.7434747145187602 0.9710144927536232 0.01468189233278956 0.050724637681159424
0 0.7589722675367048 0.967391304347826 0.012234910277324634 0.06521739130434782
0 0.768352365415987 0.9536231884057971 0.011419249592169658 0.050724637681159424
0 0.7789559543230016 0.8557971014492753 0.01631321370309951 0.057971014492753624
0 0.8230016313213703 0.8652173913043478 0.020391517128874388 0.03768115942028986
0 0.8613376835236541 0.836231884057971 0.018760195758564437 0.02608695652173913
0 0.8886623164763459 0.8028985507246377 0.013050570962479609 0.02608695652173913
0 0.9188417618270799 0.85 0.01794453507340946 0.034782608695652174
0 0.8666394779771615 0.8652173913043478 0.01631321370309951 0.02463768115942029
0 0.8450244698205547 0.9101449275362319 0.01794453507340946 0.02608695652173913
0 0.9975530179445351 0.8768115942028986 0.004893964110929853 0.034782608695652174
0 0.9946982055464927 0.8644927536231884 0.010603588907014683 0.02753623188405797
0 0.8605220228384992 0.7978260869565217 0.00897226753670473 0.03333333333333333
0 0.8552202283849919 0.7528985507246376 0.005709624796084829 0.04057971014492753
0 0.8495106035889071 0.7456521739130435 0.0065252854812398045 0.034782608695652174
0 0.9061990212071778 0.7268115942028985 0.005709624796084829 0.03188405797101449
0 0.9196574225122349 0.7398550724637681 0.0032626427406199023 0.02753623188405797
0 0.9208809135399674 0.7260869565217392 0.004893964110929853 0.030434782608695653
0 0.9306688417618271 0.7471014492753624 0.005709624796084829 0.03333333333333333
0 0.9376019575856444 0.7391304347826086 0.005709624796084829 0.034782608695652174
0 0.9318923327895595 0.717391304347826 0.009787928221859706 0.0014492753623188406
0 0.8813213703099511 0.7427536231884058 0.00734094616639478 0.03188405797101449
0 0.8923327895595432 0.7195652173913043 0.005709624796084829 0.028985507246376812
0 0.8870309951060359 0.7246376811594203 0.004078303425774877 0.028985507246376812
0 0.8641924959216966 0.7333333333333333 0.005709624796084829 0.03768115942028986
0 0.8699021207177814 0.7181159420289855 0.0065252854812398045 0.028985507246376812
0 0.863784665579119 0.696376811594203 0.00897226753670473 0.02608695652173913
0 0.8572593800978793 0.7210144927536232 0.00734094616639478 0.02463768115942029
0 0.8246329526916802 0.6927536231884058 0.0065252854812398045 0.03333333333333333
0 0.8380913539967374 0.696376811594203 0.008156606851549755 0.03768115942028986
0 0.7969004893964111 0.8340579710144927 0.015497553017944535 0.020289855072463767
0 0.8062805872756933 0.8318840579710145 0.010603588907014683 0.020289855072463767
0 0.814437194127243 0.8202898550724638 0.009787928221859706 0.017391304347826087
0 0.8266721044045677 0.8057971014492754 0.013050570962479609 0.020289855072463767
0 0.802610114192496 0.7050724637681159 0.0032626427406199023 0.028985507246376812
0 0.7969004893964111 0.7 0.010603588907014683 0.034782608695652174
0 0.9955138662316476 0.6594202898550725 0.0065252854812398045 0.028985507246376812
0 0.9853181076672104 0.6463768115942029 0.0065252854812398045 0.030434782608695653
0 0.9530995106035889 0.6260869565217392 0.004893964110929853 0.03333333333333333
0 0.9437194127243067 0.6239130434782608 0.005709624796084829 0.02753623188405797
0 0.9265905383360522 0.6181159420289855 0.0065252854812398045 0.028985507246376812
0 0.9025285481239804 0.6065217391304348 0.004893964110929853 0.02318840579710145
0 0.8927406199021207 0.6 0.00734094616639478 0.021739130434782608
0 0.884584013050571 0.5992753623188406 0.0032626427406199023 0.021739130434782608
0 0.867862969004894 0.5949275362318841 0.005709624796084829 0.02463768115942029
0 0.8621533442088092 0.5934782608695652 0.004078303425774877 0.020289855072463767
0 0.8315660685154975 0.5833333333333334 0.005709624796084829 0.02608695652173913
0 0.8242251223491027 0.5782608695652174 0.004893964110929853 0.03333333333333333
0 0.8283034257748777 0.5811594202898551 0.005709624796084829 0.03188405797101449
0 0.9216965742251223 0.6152173913043478 0.0065252854812398045 0.028985507246376812
0 0.7426590538336052 0.7963768115942029 0.01631321370309951 0.03768115942028986
0 0.7381729200652528 0.8268115942028985 0.013866231647634585 0.03333333333333333
0 0.7822185970636215 0.5804347826086956 0.0032626427406199023 0.020289855072463767
0 0.7899673735725938 0.5811594202898551 0.005709624796084829 0.017391304347826087
0 0.835236541598695 0.6760869565217391 0.0032626427406199023 0.01884057971014493
0 0.8323817292006526 0.672463768115942 0.004078303425774877 0.021739130434782608
0 0.7989396411092985 0.6666666666666666 0.0032626427406199023 0.017391304347826087
0 0.7936378466557912 0.6666666666666666 0.004893964110929853 0.011594202898550725
0 0.7169657422512234 0.8115942028985508 0.008156606851549755 0.02318840579710145
0 0.6965742251223491 0.7608695652173914 0.00734094616639478 0.0391304347826087
0 0.7010603588907015 0.7210144927536232 0.0032626427406199023 0.030434782608695653
0 0.6631321370309952 0.736231884057971 0.0065252854812398045 0.030434782608695653
0 0.664763458401305 0.6942028985507246 0.004893964110929853 0.021739130434782608
0 0.6708809135399674 0.691304347826087 0.005709624796084829 0.02318840579710145
0 0.6729200652528549 0.6666666666666666 0.0024469820554649264 0.020289855072463767
0 0.6668026101141925 0.6681159420289855 0.005709624796084829 0.021739130434782608
0 0.6986133768352365 0.6804347826086956 0.005709624796084829 0.02318840579710145
0 0.7100326264274062 0.6768115942028986 0.004893964110929853 0.02608695652173913
0 0.7214518760195758 0.6855072463768116 0.0032626427406199023 0.021739130434782608
0 0.7263458401305057 0.7057971014492753 0.0032626427406199023 0.02608695652173913
0 0.7120717781402937 0.7123188405797102 0.004893964110929853 0.030434782608695653
0 0.733278955954323 0.7028985507246377 0.004078303425774877 0.02318840579710145
0 0.7308319738988581 0.6934782608695652 0.004078303425774877 0.028985507246376812
0 0.7381729200652528 0.6992753623188406 0.004893964110929853 0.02608695652173913
0 0.7410277324632952 0.677536231884058 0.004078303425774877 0.021739130434782608
0 0.7283849918433931 0.6615942028985508 0.004078303425774877 0.020289855072463767
0 0.734094616639478 0.6601449275362319 0.004078303425774877 0.021739130434782608
0 0.767536704730832 0.6847826086956522 0.0024469820554649264 0.02463768115942029
0 0.7610114192495921 0.6884057971014492 0.0024469820554649264 0.02318840579710145
0 0.7814029363784666 0.6898550724637681 0.004893964110929853 0.021739130434782608
0 0.7744698205546493 0.6840579710144927 0.004078303425774877 0.02753623188405797
0 0.7777324632952691 0.6782608695652174 0.004078303425774877 0.02318840579710145
0 0.7553017944535073 0.6760869565217391 0.004893964110929853 0.02608695652173913
0 0.7622349102773246 0.6731884057971015 0.0032626427406199023 0.01884057971014493
0 0.7728384991843393 0.6601449275362319 0.004078303425774877 0.020289855072463767
0 0.75 0.6630434782608695 0.004893964110929853 0.017391304347826087
0 0.7438825448613376 0.663768115942029 0.005709624796084829 0.014492753623188406
0 0.7137030995106036 0.5818840579710145 0.004078303425774877 0.020289855072463767
0 0.7018760195758564 0.586231884057971 0.005709624796084829 0.021739130434782608
0 0.7279771615008157 0.5811594202898551 0.0032626427406199023 0.01884057971014493
0 0.7210440456769984 0.5818840579710145 0.0032626427406199023 0.02318840579710145
0 0.7051386623164764 0.577536231884058 0.0024469820554649264 0.01884057971014493
0 0.7096247960848288 0.5826086956521739 0.0024469820554649264 0.02318840579710145
0 0.717373572593801 0.6615942028985508 0.0032626427406199023 0.020289855072463767
0 0.8372756933115824 0.7804347826086957 0.010603588907014683 0.036231884057971016
0 0.8495106035889071 0.782608695652174 0.008156606851549755 0.03188405797101449
0 0.7251223491027733 0.8166666666666667 0.008156606851549755 0.02608695652173913
0 0.7862969004893964 0.8079710144927537 0.00734094616639478 0.02318840579710145