0 0.5327127659574468 0.5359168241965974 0.07127659574468086 0.20793950850661624
0 0.20425531914893616 0.529773156899811 0.05132978723404255 0.22022684310018903
0 0.17101063829787233 0.5236294896030246 0.032446808510638296 0.19045368620037806
0 0.43590425531914895 0.5236294896030246 0.0625 0.23251417769376181
0 0.4529255319148936 0.498109640831758 0.031117021276595744 0.14319470699432893
0 0.25292553191489364 0.4966918714555766 0.031117021276595744 0.12948960302457466
0 0.15186170212765956 0.5061436672967864 0.02127659574468085 0.12429111531190926
0 0.9736702127659574 0.5680529300567108 0.052659574468085106 0.14366729678638943
0 0.9311170212765958 0.06143667296786389 0.05053191489361702 0.12287334593572778
0 0.8828457446808511 0.13823251417769375 0.043882978723404256 0.22920604914933837
0 0.8800531914893617 0.038752362948960305 0.04414893617021277 0.07750472589792061
0 0.9347074468085106 0.2055765595463138 0.04654255319148936 0.1937618147448015
0 0.926063829787234 0.5103969754253308 0.0398936170212766 0.21739130434782608
0 0.8760638297872341 0.5382797731568998 0.0574468085106383 0.20321361058601134
0 0.8575797872340426 0.46195652173913043 0.05186170212765957 0.2339319470699433
0 0.7777925531914893 0.4017013232514178 0.05452127659574468 0.222117202268431
0 0.7206117021276596 0.24810964083175804 0.05186170212765957 0.22684310018903592
0 0.622872340425532 0.06143667296786389 0.026595744680851064 0.12287334593572778
0 0.7864361702127659 0.14295841209829868 0.0425531914893617 0.1724952741020794
0 0.8276595744680851 0.12996219281663515 0.03723404255319149 0.1890359168241966
0 0.7460106382978723 0.9149338374291115 0.05053191489361702 0.17013232514177692
0 0.7726063829787234 0.8256143667296786 0.047872340425531915 0.222117202268431
0 0.9718085106382979 0.6734404536862004 0.0425531914893617 0.0671077504725898
0 0.964095744680851 0.8527882797731569 0.05585106382978723 0.21502835538752363
0 0.8982712765957447 0.7830812854442344 0.04920212765957447 0.23629489603024575
0 0.6441489361702127 0.665406427221172 0.043617021276595745 0.05103969754253308