0 0.3597161572052402 0.3407871198568873 0.0769650655021834 0.19230769230769232
0 0.15938864628820962 0.32021466905187834 0.04039301310043668 0.157871198568873
0 0.185589519650655 0.27996422182468694 0.03165938864628821 0.0836314847942755
0 0.21206331877729256 0.2822003577817531 0.03302401746724891 0.07245080500894455
0 0.22953056768558952 0.2844364937388193 0.017194323144104802 0.0648479427549195
0 0.2925764192139738 0.2808586762075134 0.028111353711790393 0.07245080500894455
0 0.32068777292576417 0.2737030411449016 0.035480349344978165 0.07110912343470482
0 0.2609170305676856 0.3112701252236136 0.04039301310043668 0.14355992844364937
0 0.3487991266375546 0.6744186046511628 0.08624454148471616 0.2701252236135957
0 0.2704694323144105 0.674865831842576 0.08351528384279476 0.2710196779964222
0 0.11353711790393013 0.6739713774597496 0.09170305676855896 0.2692307692307692
0 0.5442139737991266 0.6753130590339893 0.03056768558951965 0.27191413237924866
0 0.19077510917030568 0.6779964221824687 0.09879912663755458 0.2772808586762075
0 0.49290393013100436 0.669051878354204 0.12882096069868995 0.259391771019678
0 0.4189410480349345 0.6346153846153846 0.07478165938864628 0.19051878354203935
0 0.05049126637554585 0.6694991055456172 0.1009825327510917 0.26028622540250446
0 0.8823689956331878 0.5934704830053668 0.05185589519650655 0.10822898032200358
0 0.9324508733624454 0.6621198568872988 0.04503275109170306 0.2169051878354204
0 0.9350436681222707 0.5720035778175313 0.04475982532751092 0.06529516994633273
0 0.8792303493449781 0.7258497316636852 0.047762008733624454 0.18336314847942756
0 0.8878275109170306 0.9557245080500895 0.04093886462882096 0.0885509838998211
0 0.675764192139738 0.5733452593917711 0.03384279475982533 0.06797853309481217
0 0.707150655021834 0.6135957066189625 0.03657205240174673 0.148479427549195
0 0.7352620087336245 0.6744186046511628 0.04093886462882096 0.16994633273703041
0 0.9849890829694323 0.6538461538461539 0.030021834061135372 0.17889087656529518
0 0.9527838427947598 0.9154740608228981 0.0584061135371179 0.16905187835420393
0 0.6438318777292577 0.6341681574239714 0.04639737991266375 0.17889087656529518
0 0.6063045851528385 0.6397584973166368 0.04230349344978166 0.1721824686940966
0 0.7427674672489083 0.842128801431127 0.05322052401746725 0.2101967799642218
0 0.9082969432314411 0.9633273703041145 0.05458515283842795 0.07334525939177101