0 0.25475059382422804 0.3181818181818182 0.18883610451306412 0.34249471458773784
0 0.8408551068883611 0.42389006342494717 0.039192399049881234 0.13107822410147993
0 0.8015498812351544 0.43619450317124736 0.026959619952494115 0.10483086680761107
0 0.784394299287411 0.41769556025369975 0.024317102137767114 0.07487315010570816
0 0.6143111638954869 0.4233615221987315 0.03503562945368171 0.1321353065539112
0 0.6843824228028503 0.4371035940803383 0.042161520190023755 0.10465116279069768
0 0.5676959619952494 0.4349894291754757 0.0344418052256532 0.10887949260042283
0 0.41089667458432305 0.4171035940803383 0.02158551068883605 0.09719873150105714
0 0.17755344418052257 0.6469344608879493 0.06621140142517815 0.30285412262156447
0 0.7502969121140143 0.7695560253699789 0.08669833729216152 0.21775898520084566
0 0.7666270783847982 0.7859408033826638 0.13984560570071258 0.3192389006342495
0 0.8188836104513064 0.8218816067653277 0.13390736342042756 0.19767441860465115