0 0.6946629213483146 0.26 0.6106741573033708 0.52
0 0.3351123595505618 0.8526 0.05337078651685393 0.178
0 0.30702247191011234 0.7596 0.05056179775280899 0.188
0 0.008707865168539325 0.5996 0.01741573033707865 0.1592
0 0.27808988764044945 0.5448 0.046067415730337076 0.0496
0 0.09606741573033707 0.5896 0.0449438202247191 0.1392
0 0.052808988764044947 0.5876 0.03932584269662921 0.1352
0 0.022752808988764046 0.8284 0.04550561797752809 0.1896
0 0.1047752808988764 0.7826 0.05898876404494382 0.182
0 0.17429775280898877 0.7236 0.05196629213483146 0.2
0 0.8 0.7864 0.4 0.4272
0 0.9269662921348315 0.6968 0.14606741573033707 0.3536
0 0.6227528089887641 0.6952 0.12415730337078652 0.3504
0 0.449438202247191 0.6788 0.11797752808988764 0.3176
0 0.7171348314606741 0.6424 0.10393258426966293 0.2448
0 0.8205056179775281 0.6032 0.12415730337078652 0.1664
0 0.5387640449438202 0.6688 0.12808988764044943 0.2976
0 0.9595505617977528 0.6628 0.08089887640449438 0.2856