0 0.9358221476510067 0.048507462686567165 0.04614093959731544 0.09701492537313433
0 0.9744127516778524 0.023880597014925373 0.041107382550335574 0.04776119402985075
0 0.27558724832214765 0.8246268656716418 0.0625 0.06791044776119402
0 0.3250838926174497 0.8365671641791045 0.08305369127516779 0.10298507462686567
0 0.37038590604026844 0.8432835820895522 0.13926174496644295 0.13955223880597015
0 0.49538590604026844 0.8731343283582089 0.14848993288590603 0.19701492537313434
0 0.06333892617449664 0.8947761194029851 0.1266778523489933 0.21044776119402986
0 0.10444630872483221 0.8686567164179104 0.20889261744966442 0.21641791044776118
0 0.13087248322147652 0.9111940298507463 0.04656040268456376 0.030597014925373135
0 0.9656040268456376 0.9149253731343283 0.06879194630872483 0.1701492537313433
0 0.8687080536912751 0.9164179104477612 0.07298657718120806 0.16716417910447762
0 0.6593959731543624 0.9022388059701493 0.14597315436241612 0.19552238805970149
0 0.9005872483221476 0.8679104477611941 0.03229865771812081 0.0664179104477612
0 0.8217281879194631 0.8850746268656716 0.03313758389261745 0.06791044776119402
0 0.7697147651006712 0.8761194029850746 0.010067114093959731 0.04477611940298507
0 0.7588087248322147 0.8783582089552239 0.013003355704697987 0.04328358208955224
0 0.7944630872483222 0.8798507462686567 0.01929530201342282 0.03805970149253731