0 0.44453125 0.9115740740740741 0.049479166666666664 0.17685185185185184
0 0.41848958333333336 0.8189814814814815 0.046875 0.2175925925925926
0 0.08098958333333334 0.5444444444444444 0.049479166666666664 0.10925925925925926
0 0.12877604166666667 0.6141203703703704 0.04296875 0.22453703703703703
0 0.13125 0.5222222222222223 0.042708333333333334 0.06481481481481481
0 0.07799479166666666 0.6800925925925926 0.045572916666666664 0.18981481481481483
0 0.08619791666666667 0.9361111111111111 0.0390625 0.12777777777777777
0 0.22317708333333333 0.61875 0.041666666666666664 0.16898148148148148
0 0.1828125 0.6060185185185185 0.036458333333333336 0.18518518518518517
0 0.3084635416666667 0.8189814814814815 0.05078125 0.24537037037037038
0 0.4627604166666667 0.524537037037037 0.044270833333333336 0.06944444444444445
0 0.6106770833333334 0.5675925925925925 0.03802083333333333 0.15555555555555556
0 0.571484375 0.655787037037037 0.045572916666666664 0.16898148148148148
0 0.2796875 0.5282407407407408 0.035416666666666666 0.07685185185185185
0 0.24791666666666667 0.7842592592592592 0.046875 0.20833333333333334
0 0.14700520833333333 0.825925925925926 0.045572916666666664 0.20833333333333334
0 0.7005208333333334 0.9416666666666667 0.07916666666666666 0.11388888888888889
0 0.9411458333333333 0.9361111111111111 0.08802083333333334 0.125
0 0.915625 0.8356481481481481 0.10677083333333333 0.32546296296296295
0 0.80625 0.7944444444444444 0.13255208333333332 0.4083333333333333
0 0.6966145833333334 0.8027777777777778 0.10286458333333333 0.34074074074074073