0 0.20343959731543623 0.32405345211581293 0.26426174496644295 0.29175946547884185
0 0.41946308724832215 0.18207126948775057 0.020134228187919462 0.17706013363028952
0 0.3464765100671141 0.7834075723830735 0.12416107382550336 0.43318485523385303
0 0.27390939597315433 0.6419821826280624 0.0964765100671141 0.17984409799554565
0 0.2218959731543624 0.6141425389755011 0.07466442953020135 0.10801781737193764
0 0.13968120805369127 0.8095768374164811 0.17575503355704697 0.38084632516703787
0 0.06585570469798657 0.7410913140311804 0.06501677852348993 0.27728285077951004
0 0.05327181208053691 0.6442093541202673 0.08892617449664429 0.1631403118040089
0 0.5591442953020134 0.8513363028953229 0.08598993288590603 0.2973273942093541
0 0.6174496644295302 0.5896436525612472 0.06837248322147652 0.23942093541202672
0 0.5906040268456376 0.5673719376391982 0.06333892617449664 0.19487750556792874
0 0.9668624161073825 0.6419821826280624 0.06585570469798657 0.25501113585746105
0 0.6837248322147651 0.8151447661469933 0.08473154362416108 0.2873051224944321
0 0.7420302013422819 0.8162583518930958 0.09018456375838926 0.2989977728285078
0 0.7839765100671141 0.861358574610245 0.06963087248322147 0.2767260579064588
0 0.8263422818791947 0.8040089086859689 0.06585570469798657 0.2717149220489978
0 0.8213087248322147 0.8674832962138085 0.060822147651006714 0.2650334075723831