0 0.5839130434782609 0.19778067885117492 0.04521739130434783 0.04960835509138381
0 0.2591304347826087 0.7748041775456919 0.06173913043478261 0.08224543080939947
0 0.8917391304347826 0.685378590078329 0.049565217391304345 0.06266318537859007
0 0.688695652173913 0.7676240208877284 0.0782608695652174 0.18798955613577023
0 0.5117391304347826 0.7976501305483029 0.05652173913043478 0.10182767624020887
0 0.81 0.8054830287206266 0.06173913043478261 0.1279373368146214
0 0.47391304347826085 0.8315926892950392 0.06782608695652174 0.195822454308094
0 0.8765217391304347 0.8420365535248042 0.09217391304347826 0.2819843342036554
0 0.9469565217391305 0.8472584856396866 0.10608695652173913 0.30548302872062666
0 0.6173913043478261 0.8557441253263708 0.1356521739130435 0.2885117493472585
0 0.7278260869565217 0.8648825065274152 0.13043478260869565 0.27023498694516973
0 0.5439130434782609 0.8616187989556136 0.10347826086956521 0.27676240208877284
0 0.47391304347826085 0.8668407310704961 0.06782608695652174 0.26631853785900783
0 0.47 0.891644908616188 0.06 0.21671018276762402
0 0.7847826086956522 0.922976501305483 0.22 0.15404699738903394
0 0.5791304347826087 0.9575718015665796 0.22608695652173913 0.08485639686684072