0 0.4610983981693364 0.15427698574338086 0.019450800915331808 0.0274949083503055
0 0.7485697940503433 0.15173116089613034 0.016590389016018305 0.0274949083503055
0 0.012013729977116704 0.8441955193482689 0.02402745995423341 0.23421588594704684
0 0.09324942791762014 0.4119144602851324 0.04691075514874142 0.10488798370672098
0 0.03747139588100686 0.43890020366598775 0.04977116704805492 0.15885947046843177
0 0.04691075514874142 0.7423625254582484 0.04290617848970252 0.23421588594704684
0 0.10054347826086957 0.804735234215886 0.06149885583524028 0.28258655804480654
0 0.12056636155606407 0.6901731160896131 0.05577803203661327 0.2520366598778004
0 0.2063787185354691 0.6252545824847251 0.05863844393592677 0.23930753564154786
0 0.26773455377574373 0.47046843177189407 0.05606407322654462 0.2219959266802444
0 0.19679633867276888 0.39918533604887985 0.04576659038901602 0.07942973523421588
0 0.15274599542334097 0.3966395112016293 0.04004576659038902 0.07433808553971487
0 0.5471967963386728 0.7240325865580448 0.35526315789473684 0.5519348268839104
0 0.7771739130434783 0.7087576374745418 0.44565217391304346 0.5819755600814664