0 0.3502340093603744 0.2459016393442623 0.12324492979719189 0.07962529274004684
0 0.33190327613104526 0.25526932084309134 0.035491419656786274 0.052107728337236536
0 0.24570982839313574 0.2505854800936768 0.05343213728549142 0.0743559718969555
0 0.16926677067082682 0.3003512880562061 0.08151326053042121 0.20843091334894615
0 0.5085803432137286 0.31088992974238877 0.041731669266770674 0.1053864168618267
0 0.4984399375975039 0.2529274004683841 0.062012480499219966 0.08665105386416862
0 0.4411076443057722 0.33430913348946134 0.11895475819032761 0.21194379391100704
0 0.5464118564742589 0.11943793911007025 0.033541341653666144 0.05620608899297424
0 0.7230889235569423 0.19320843091334894 0.07020280811232449 0.1686182669789227
0 0.8818252730109204 0.22014051522248243 0.05070202808112324 0.09133489461358314
0 0.6142745709828393 0.22716627634660422 0.05538221528861154 0.11475409836065574
0 0.9750390015600624 0.24004683840749413 0.0499219968798752 0.18266978922716628
0 0.9169266770670826 0.2505854800936768 0.06318252730109204 0.1756440281030445
0 0.5627925117004681 0.25995316159250587 0.06630265210608424 0.2529274004683841
0 0.7870514820592823 0.2968384074941452 0.12168486739469579 0.3079625292740047
0 0.6879875195007801 0.3091334894613583 0.11700468018720749 0.2997658079625293
0 0.8529641185647426 0.30620608899297425 0.09282371294851795 0.30562060889929743
0 0.9161466458658346 0.31088992974238877 0.06162246489859594 0.2962529274004684
0 0.9461778471138845 0.3331381733021077 0.10764430577223089 0.25175644028103045
0 0.6368954758190327 0.36124121779859486 0.19734789391575663 0.1955503512880562
0 0.8213728549141965 0.39227166276346603 0.20280811232449297 0.13348946135831383
0 0.12753510140405616 0.5275175644028103 0.055772230889235566 0.0936768149882904
0 0.0234009360374415 0.5521077283372365 0.046801872074883 0.12997658079625293
0 0.07995319812792512 0.5286885245901639 0.046021840873634944 0.11533957845433256
0 0.09867394695787832 0.5035128805620609 0.0171606864274571 0.050936768149882905
0 0.7897815912636506 0.8401639344262295 0.10998439937597504 0.319672131147541