0 0.7251884816753926 0.10784916201117323 0.01849738219895284 0.09237430167597768
0 0.7606806282722514 0.09490689013035378 0.01732460732984301 0.07270949720670383
0 0.920240837696335 0.10058659217877093 0.013842931937172804 0.08352886405959035
0 0.6619214659685864 0.08610800744878959 0.010287958115183293 0.05042830540037251
0 0.9821989528795811 0.7607076350093109 0.0356020942408377 0.048417132216014895
0 0.9269633507853403 0.7397579143389199 0.06701570680628273 0.10102420856610801
0 0.6803664921465968 0.7593109869646183 0.0612565445026178 0.17970204841713222
0 0.9049738219895288 0.8659217877094972 0.11361256544502618 0.2681564245810056
0 0.7795811518324607 0.8575418994413407 0.17801047120418848 0.2849162011173184
0 0.8154450261780105 0.8761638733705773 0.2861256544502618 0.24767225325884543
0 0.7164921465968587 0.8552141527001862 0.13350785340314136 0.28957169459962756