0 0.9200534759358289 0.43631178707224333 0.05080213903743316 0.18631178707224336
0 0.8933155080213904 0.33887832699619774 0.0481283422459893 0.22338403041825095
0 0.5467914438502673 0.05655893536121673 0.05080213903743316 0.11311787072243346
0 0.5681818181818182 0.4377376425855513 0.05080213903743316 0.18346007604562736
0 0.8216577540106952 0.06701520912547529 0.04973262032085562 0.13403041825095058
0 0.4021390374331551 0.2390684410646388 0.02459893048128342 0.20437262357414449
0 0.7516042780748663 0.1713403041825095 0.058823529411764705 0.22100760456273763
0 0.5644385026737968 0.1951045627376426 0.040106951871657755 0.19724334600760457
0 0.595855614973262 0.12856463878326996 0.04411764705882353 0.2305133079847909
0 0.5983957219251337 0.03374524714828897 0.04385026737967915 0.06749049429657794
0 0.6927807486631016 0.10123574144486693 0.040106951871657755 0.16634980988593157
0 0.6545454545454545 0.09077946768060836 0.038502673796791446 0.18155893536121673
0 0.40080213903743317 0.10076045627376426 0.021925133689839574 0.1806083650190114
0 0.6526737967914439 0.49572243346007605 0.06684491978609626 0.06749049429657794
0 0.9762032085561497 0.04800380228136882 0.034759358288770054 0.09600760456273764
0 0.6366310160427807 0.4543726235741445 0.05614973262032086 0.15019011406844107
0 0.7021390374331551 0.4291825095057034 0.06417112299465241 0.2005703422053232