0 0.29350282485875706 0.31237424547283704 0.15593220338983052 0.18008048289738432
0 0.12146892655367232 0.2962776659959759 0.18954802259887005 0.28621730382293764
0 0.10338983050847457 0.28420523138833 0.17457627118644067 0.3103621730382294
0 0.01694915254237288 0.37122736418511065 0.03389830508474576 0.13682092555331993
0 0.6437853107344633 0.22283702213279677 0.16299435028248588 0.2152917505030181
0 0.7567796610169492 0.24195171026156942 0.0807909604519774 0.11066398390342053
0 0.25042372881355934 0.6028672032193159 0.05790960451977401 0.20875251509054327
0 0.28573446327683616 0.5752012072434608 0.043785310734463276 0.2137826961770624
0 0.2805084745762712 0.47132796780684105 0.05367231638418079 0.06338028169014084
0 0.3364406779661017 0.49295774647887325 0.03785310734463277 0.10663983903420524
0 0.29745762711864404 0.9039235412474849 0.05367231638418079 0.1921529175050302
0 0.2016949152542373 0.48038229376257546 0.04519774011299435 0.08148893360160966
0 0.23757062146892655 0.48038229376257546 0.04124293785310734 0.08148893360160966
0 0.13954802259887006 0.9728370221327968 0.06779661016949153 0.05432595573440644
0 0.10635593220338983 0.562625754527163 0.04943502824858757 0.20875251509054327
0 0.1344632768361582 0.5030181086519114 0.04971751412429379 0.1267605633802817
0 0.5581920903954802 0.596579476861167 0.12316384180790961 0.31388329979879276
0 0.46073446327683615 0.6393360160965795 0.09519774011299435 0.37122736418511065
0 0.7689265536723164 0.5769617706237424 0.17401129943502824 0.2746478873239437