0 0.11854838709677419 0.29727793696275073 0.05967741935483871 0.08452722063037249
0 0.01129032258064516 0.2851002865329513 0.02258064516129032 0.06160458452722063
0 0.046370967741935484 0.27363896848137537 0.02903225806451613 0.03868194842406877
0 0.6616935483870968 0.251432664756447 0.10403225806451613 0.17621776504297995
0 0.7661290322580645 0.10959885386819485 0.035483870967741936 0.167621776504298
0 0.8040322580645162 0.11461318051575932 0.04032258064516129 0.1833810888252149
0 0.6362903225806451 0.12464183381088825 0.054838709677419356 0.20057306590257878
0 0.8 0.30515759312320917 0.0532258064516129 0.06876790830945559
0 0.8024193548387096 0.2987106017191977 0.035483870967741936 0.08166189111747851
0 0.4532258064516129 0.9763610315186246 0.0532258064516129 0.04727793696275072
0 0.23790322580645162 0.5888252148997135 0.15 0.45702005730659023
0 0.6508064516129032 0.6024355300859598 0.06008064516129032 0.25644699140401145
0 0.7354838709677419 0.744269340974212 0.06008064516129032 0.22492836676217765
0 0.8254032258064516 0.5436962750716332 0.04395161290322581 0.10530085959885387