0 0.031914893617021274 0.9035916824196597 0.0574468085106383 0.19281663516068054
0 0.4476063829787234 0.7681947069943289 0.05053191489361702 0.21030245746691872
0 0.42101063829787233 0.6583175803402647 0.047872340425531915 0.222117202268431
0 0.07632978723404256 0.4017013232514178 0.05053191489361702 0.06427221172022685
0 0.09787234042553192 0.7859168241965974 0.05053191489361702 0.24102079395085066
0 0.3497340425531915 0.4120982986767486 0.04946808510638298 0.08506616257088846
0 0.6295212765957446 0.583648393194707 0.02074468085106383 0.21455576559546313
0 0.2800531914893617 0.4917296786389414 0.05851063829787234 0.21975425330812853
0 0.09388297872340426 0.5153591682419659 0.0398936170212766 0.19612476370510398
0 0.125 0.4664461247637051 0.043617021276595745 0.1937618147448015
0 0.22154255319148936 0.43714555765595464 0.0398936170212766 0.13516068052930058
0 0.18351063829787234 0.43572778827977315 0.03829787234042553 0.1323251417769376
0 0.18164893617021277 0.8903591682419659 0.06648936170212766 0.21928166351606806
0 0.5034574468085107 0.3931947069943289 0.034574468085106384 0.04725897920604915
0 0.6077127659574468 0.4120982986767486 0.040957446808510635 0.08506616257088846
0 0.16569148936170214 0.804820415879017 0.05585106382978723 0.21266540642722118
0 0.23085106382978723 0.7658317580340265 0.06382978723404255 0.2339319470699433