0 0.12023809523809524 0.3446327683615819 0.24047619047619048 0.4879943502824859
0 0.42698412698412697 0.278954802259887 0.23452380952380952 0.2867231638418079
0 0.7924603174603174 0.2768361581920904 0.34523809523809523 0.5536723163841808
0 0.24365079365079365 0.8036723163841808 0.06746031746031746 0.09887005649717515
0 0.37182539682539684 0.7902542372881356 0.06706349206349206 0.09533898305084745
0 0.39404761904761904 0.757768361581921 0.044444444444444446 0.06567796610169492
0 0.4595238095238095 0.7733050847457628 0.04126984126984127 0.07415254237288135
0 0.4857142857142857 0.8326271186440678 0.06706349206349206 0.08757062146892655
0 0.5523809523809524 0.8820621468926554 0.05317460317460317 0.1115819209039548
0 0.569047619047619 0.7810734463276836 0.01984126984126984 0.02754237288135593
0 0.5761904761904761 0.8269774011299436 0.037698412698412696 0.07909604519774012
0 0.8027777777777778 0.7203389830508474 0.0373015873015873 0.211864406779661