0 0.865257048092869 0.22828908554572266 0.11684908789386407 0.3870796460176992
0 0.5302653399668324 0.7699115044247787 0.03855721393034826 0.12831858407079647
0 0.2537313432835821 0.7868731563421829 0.03275290215588723 0.0855457227138643
0 0.5580431177446102 0.859882005899705 0.01616915422885572 0.27949852507374634
0 0.5688225538971807 0.8030973451327433 0.03814262023217247 0.25147492625368734
0 0.8557213930348259 0.8148967551622419 0.11028192371475953 0.3665191740412979
0 0.8747927031509121 0.6408554572271387 0.010364842454394693 0.030973451327433628
0 0.8855721393034826 0.6415929203539823 0.012437810945273632 0.05088495575221239
0 0.9506633499170812 0.644542772861357 0.012437810945273632 0.04129793510324484
0 0.9606135986733002 0.6393805309734514 0.011608623548922056 0.049410029498525077
0 0.9941956882255389 0.6312684365781711 0.011608623548922056 0.03908554572271387