0 0.08001658374792703 0.15265486725663716 0.09618573797678276 0.10914454277286136
0 0.16417910447761194 0.15117994100294985 0.10862354892205639 0.10988200589970501
0 0.23383084577114427 0.14896755162241887 0.09494195688225539 0.10324483775811209
0 0.29892205638474295 0.15117994100294985 0.08747927031509121 0.10398230088495575
0 0.3901326699834162 0.15117994100294985 0.10240464344941957 0.10176991150442478
0 0.4722222222222222 0.15117994100294985 0.09867330016583747 0.10103244837758112
0 0.5999170812603648 0.10988200589970501 0.0406301824212272 0.21976401179941002
0 0.6853233830845771 0.10988200589970501 0.1285240464344942 0.21976401179941002
0 0.8333333333333334 0.16519174041297935 0.13930348258706468 0.10914454277286136
0 0.714759535655058 0.18584070796460178 0.1077943615257048 0.06784660766961652
0 0.9125207296849088 0.10988200589970501 0.09867330016583747 0.21976401179941002
0 0.9817578772802653 0.10988200589970501 0.03648424543946932 0.21976401179941002
0 0.9228855721393034 0.16887905604719763 0.07628524046434494 0.10176991150442478
0 0.7873134328358209 0.10988200589970501 0.10696517412935323 0.21976401179941002
0 0.8325041459369817 0.06415929203539823 0.0912106135986733 0.12831858407079647
0 0.7520729684908789 0.035398230088495575 0.07960199004975124 0.07079646017699115
0 0.6587893864013267 0.10988200589970501 0.07379767827529021 0.21976401179941002
0 0.947346600331675 0.021386430678466076 0.04560530679933665 0.04277286135693215
0 0.9834162520729685 0.26991150442477874 0.03316749585406302 0.10029498525073746