0 0.305614406779661 0.2125796178343949 0.04025423728813559 0.10987261146496816
0 0.4846398305084746 0.18550955414012738 0.04449152542372881 0.14888535031847133
0 0.9216101694915254 0.3503184713375796 0.125 0.23885350318471338
0 0.6721398305084746 0.3662420382165605 0.09216101694915255 0.2070063694267516
0 0.9788135593220338 0.3343949044585987 0.0423728813559322 0.27070063694267515
0 0.5979872881355932 0.3996815286624204 0.08792372881355932 0.14012738853503184
0 0.8289194915254238 0.37738853503184716 0.09639830508474577 0.18471337579617833
0 0.7552966101694916 0.3614649681528662 0.08898305084745763 0.21656050955414013
0 0.545021186440678 0.35828025477707004 0.07097457627118645 0.2229299363057325
0 0.878707627118644 0.24681528662420382 0.06038135593220339 0.16878980891719744
0 0.6202330508474576 0.30971337579617836 0.07733050847457627 0.20222929936305734
0 0.5238347457627118 0.17993630573248406 0.028601694915254237 0.15286624203821655
0 0.5863347457627118 0.2213375796178344 0.05402542372881356 0.14331210191082802
0 0.6933262711864406 0.26671974522292996 0.07733050847457627 0.1767515923566879
0 0.8358050847457628 0.28503184713375795 0.07838983050847458 0.14968152866242038
0 0.8554025423728814 0.19028662420382167 0.03283898305084746 0.08439490445859872
0 0.7378177966101694 0.23885350318471338 0.045550847457627115 0.1178343949044586
0 0.6557203389830508 0.19665605095541402 0.04025423728813559 0.11624203821656051
0 0.5158898305084746 0.2659235668789809 0.012711864406779662 0.1751592356687898
0 0.7632415254237288 0.267515923566879 0.07944915254237288 0.16878980891719744
0 0.9692796610169492 0.25636942675159236 0.05296610169491525 0.12420382165605096
0 0.5614406779661016 0.26910828025477707 0.05296610169491525 0.14012738853503184
0 0.6334745762711864 0.1695859872611465 0.03177966101694915 0.08439490445859872
0 0.940677966101695 0.23964968152866242 0.036016949152542374 0.1321656050955414
0 0.7335805084745762 0.1942675159235669 0.05190677966101695 0.14331210191082802
0 0.3840042372881356 0.7890127388535032 0.2510593220338983 0.42197452229299365
0 0.1853813559322034 0.8192675159235668 0.28125 0.3606687898089172
0 0.11864406779661017 0.7651273885350318 0.024364406779661018 0.06369426751592357
0 0.5047669491525424 0.8113057324840764 0.009004237288135594 0.1305732484076433
0 0.4814618644067797 0.8009554140127388 0.04025423728813559 0.14570063694267515
0 0.055614406779661014 0.7603503184713376 0.012711864406779662 0.050955414012738856
0 0.0746822033898305 0.7587579617834395 0.015889830508474576 0.04777070063694268
0 0.503177966101695 0.7977707006369427 0.012711864406779662 0.11624203821656051
0 0.9438559322033898 0.7523885350318471 0.11228813559322035 0.3232484076433121
0 0.8172669491525424 0.8128980891719745 0.23516949152542374 0.3734076433121019
0 0.6054025423728814 0.7778662420382165 0.1917372881355932 0.4442675159235669
0 0.691207627118644 0.6162420382165605 0.08527542372881355 0.14570063694267515
0 0.7828389830508474 0.5995222929936306 0.06091101694915254 0.06847133757961783