0 0.06297297297297297 0.2298076923076923 0.1218918918918919 0.22692307692307692
0 0.3854054054054054 0.1918269230769231 0.11405405405405405 0.16875
0 0.3381081081081081 0.15528846153846154 0.058648648648648646 0.08942307692307692
0 0.1354054054054054 0.1735576923076923 0.09243243243243243 0.12548076923076923
0 0.17945945945945946 0.1673076923076923 0.05 0.055288461538461536
0 0.6475675675675676 0.29086538461538464 0.04972972972972973 0.11826923076923077
0 0.6308108108108108 0.18846153846153846 0.022702702702702703 0.11538461538461539
0 0.09945945945945946 0.7894230769230769 0.15405405405405406 0.4206730769230769
0 0.3348648648648649 0.7399038461538462 0.16675675675675675 0.5201923076923077
0 0.3021621621621622 0.7283653846153846 0.21054054054054053 0.5432692307692307
0 0.006216216216216216 0.7634615384615384 0.012432432432432432 0.2673076923076923