0 0.04894179894179894 0.7434086629001884 0.09788359788359788 0.5131826741996234
0 0.267989417989418 0.7387005649717514 0.1253968253968254 0.5225988700564972
0 0.43492063492063493 0.7198681732580038 0.11005291005291006 0.5602636534839924
0 0.15687830687830687 0.7198681732580038 0.15502645502645504 0.5602636534839924
0 0.3531746031746032 0.737758945386064 0.1052910052910053 0.524482109227872
0 0.6736772486772487 0.6471280602636534 0.05423280423280423 0.19538606403013184
0 0.7067460317460318 0.6212335216572504 0.041005291005291 0.20009416195856874
0 0.7018518518518518 0.4967043314500942 0.05026455026455026 0.11393596986817325
0 0.7543650793650793 0.5435499058380414 0.03571428571428571 0.1012241054613936
0 0.5650793650793651 0.4896421845574388 0.05185185185185185 0.09981167608286252
0 0.5599206349206349 0.629472693032015 0.056878306878306875 0.1977401129943503
0 0.7177248677248678 0.9194915254237288 0.05026455026455026 0.16101694915254236
0 0.9130952380952381 0.6165254237288136 0.046296296296296294 0.1906779661016949
0 0.8489417989417989 0.4957627118644068 0.03968253968253968 0.1120527306967985
0 0.891005291005291 0.5178907721280602 0.037037037037037035 0.15630885122410546
0 0.8798941798941798 0.4910546139359699 0.027513227513227514 0.10263653483992467
0 0.9513227513227513 0.5178907721280602 0.03597883597883598 0.15630885122410546
0 0.9791005291005291 0.5037664783427496 0.03015873015873016 0.128060263653484
0 0.9505291005291006 0.4661016949152542 0.03439153439153439 0.05273069679849341
0 0.9071428571428571 0.4778719397363465 0.03439153439153439 0.07627118644067797
0 0.6280423280423281 0.5051789077212806 0.042328042328042326 0.13088512241054615
0 0.6616402116402117 0.5051789077212806 0.038624338624338624 0.13088512241054615