0 0.24840933191940615 0.23837209302325582 0.03632025450689289 0.05571705426356589
0 0.18796394485683987 0.23982558139534885 0.034729586426299044 0.056686046511627904
0 0.1614528101802757 0.24273255813953487 0.03154825026511135 0.06637596899224807
0 0.08934252386002121 0.2446705426356589 0.05620360551431601 0.08139534883720931
0 0.053817603393425235 0.24563953488372092 0.05461293743372216 0.07703488372093023
0 0.013255567338282079 0.2437015503875969 0.026511134676564158 0.07315891472868218
0 0.7621951219512195 0.2441860465116279 0.31336161187698836 0.09108527131782945
0 0.36187698833510074 0.6555232558139535 0.0803287380699894 0.27228682170542634
0 0.12301166489925769 0.6812015503875969 0.11638388123011664 0.2824612403100775
0 0.18345705196182396 0.7921511627906976 0.13282078472958642 0.41569767441860467
0 0.4284199363732768 0.7984496124031008 0.1428950159066808 0.40310077519379844
0 0.5389713679745494 0.7931201550387597 0.12142099681866383 0.41375968992248063
0 0.06415694591728525 0.8052325581395349 0.12804878048780488 0.38953488372093026
0 0.3006362672322375 0.8173449612403101 0.14369034994697774 0.3648255813953488
0 0.6895546129374337 0.7805232558139535 0.15535524920466595 0.438953488372093
0 0.8666489925768823 0.7592054263565892 0.1606574761399788 0.48158914728682173
0 0.9695121951219512 0.7180232558139535 0.06097560975609756 0.563953488372093
0 0.6320254506892895 0.7548449612403101 0.06468716861081654 0.4903100775193798
0 0.7823435843054083 0.751453488372093 0.12460233297985154 0.49709302325581395
0 0.9376988335100742 0.7243217054263565 0.10763520678685047 0.5513565891472868