0 0.71353591160221 0.575147347740668 0.052486187845303865 0.16797642436149313
0 0.7411602209944751 0.4867387033398821 0.049723756906077346 0.23084479371316308
0 0.8013812154696133 0.04911591355599214 0.05138121546961326 0.09823182711198428
0 0.8 0.009823182711198428 0.05414364640883978 0.019646365422396856
0 0.9483425414364641 0.2743123772102161 0.04419889502762431 0.17927308447937132
0 0.9859116022099448 0.26031434184675833 0.0281767955801105 0.19646365422396855
0 0.9046961325966851 0.07612966601178782 0.04585635359116022 0.15225933202357564
0 0.938121546961326 0.003929273084479371 0.03756906077348066 0.007858546168958742
0 0.9408839779005524 0.07023575638506876 0.0430939226519337 0.14047151277013753
0 0.9709944751381215 0.07760314341846758 0.04033149171270718 0.15520628683693516
0 0.6480662983425415 0.027013752455795677 0.032044198895027624 0.054027504911591355
0 0.8939226519337017 0.03339882121807466 0.03756906077348066 0.06679764243614932
0 0.5878453038674033 0.04076620825147348 0.03314917127071823 0.08153241650294696
0 0.5555248618784531 0.04567779960707269 0.03149171270718232 0.09135559921414538
0 0.8578729281767956 0.4867387033398821 0.05386740331491713 0.26031434184675833
0 0.9331491712707183 0.47445972495088407 0.06077348066298342 0.22102161100196463
0 0.6941988950276243 0.11959724950884086 0.04696132596685083 0.18418467583497053
0 0.5486187845303867 0.21660117878192534 0.017679558011049725 0.1719056974459725
0 0.5788674033149172 0.3136051080550098 0.04834254143646409 0.17927308447937132
0 0.26988950276243096 0.8295677799607073 0.5397790055248619 0.34086444007858546
0 0.7803867403314917 0.7529469548133595 0.04060773480662983 0.10412573673870335