0 0.29282115869017633 0.3096590909090909 0.09949622166246852 0.4640151515151515
0 0.6706549118387909 0.3797348484848485 0.15491183879093198 0.3390151515151515
0 0.23299748110831234 0.6770833333333334 0.060453400503778336 0.23295454545454544
0 0.16435768261964737 0.803030303030303 0.10201511335012595 0.15151515151515152
0 0.14546599496221663 0.9176136363636364 0.1297229219143577 0.16477272727272727
0 0.3142317380352645 0.8948863636363636 0.20025188916876574 0.21022727272727273
0 0.506926952141058 0.7168560606060606 0.08438287153652393 0.3352272727272727
0 0.9741813602015114 0.8456439393939394 0.05163727959697733 0.3087121212121212
0 0.8142317380352645 0.8446969696969697 0.12216624685138538 0.3106060606060606
0 0.6272040302267002 0.8456439393939394 0.11838790931989925 0.3087121212121212
0 0.9093198992443325 0.8456439393939394 0.12342569269521411 0.3087121212121212
0 0.7172544080604534 0.8598484848484849 0.10453400503778337 0.2803030303030303
0 0.8249370277078085 0.6799242424242424 0.0982367758186398 0.2537878787878788
0 0.7298488664987406 0.6865530303030303 0.10453400503778337 0.2746212121212121
0 0.6454659949622166 0.6818181818181818 0.1070528967254408 0.26515151515151514
0 0.9124685138539043 0.6732954545454546 0.08942065491183879 0.23674242424242425
0 0.5749370277078085 0.7007575757575758 0.05163727959697733 0.29545454545454547
0 0.9691435768261965 0.7102272727272727 0.061712846347607056 0.2765151515151515