0 0.27403846153846156 0.2235202492211838 0.027534965034965036 0.18925233644859812
0 0.46940559440559443 0.3629283489096573 0.11888111888111888 0.3115264797507788
0 0.6005244755244755 0.32710280373831774 0.1993006993006993 0.38317757009345793
0 0.7041083916083916 0.2897196261682243 0.06993006993006994 0.20638629283489096
0 0.8107517482517482 0.2484423676012461 0.047639860139860137 0.14563862928348908
0 0.8116258741258742 0.1791277258566978 0.017045454545454544 0.03271028037383177
0 0.16958041958041958 0.7811526479750779 0.33916083916083917 0.43769470404984423
0 0.09265734265734266 0.8559190031152648 0.17089160839160839 0.2881619937694704
0 0.5782342657342657 0.5490654205607477 0.04807692307692308 0.06074766355140187
0 0.9178321678321678 0.5646417445482866 0.04195804195804196 0.09190031152647975
0 0.8736888111888111 0.5934579439252337 0.03583916083916084 0.14953271028037382