0 0.19947089947089947 0.2062146892655367 0.08042328042328042 0.410075329566855
0 0.5621693121693122 0.3940677966101695 0.14867724867724869 0.2829566854990584
0 0.7957671957671958 0.3192090395480226 0.14417989417989419 0.4279661016949153
0 0.7052910052910053 0.4322033898305085 0.1634920634920635 0.327683615819209
0 0.6730158730158731 0.269774011299435 0.13386243386243385 0.2730696798493409
0 0.005555555555555556 0.8695856873822976 0.011111111111111112 0.2024482109227872
0 0.13253968253968254 0.6393596986817326 0.03968253968253968 0.07909604519774012
0 0.1 0.626647834274953 0.0380952380952381 0.05367231638418079
0 0.26415343915343914 0.8229755178907722 0.04894179894179894 0.21657250470809794
0 0.23756613756613756 0.910075329566855 0.05396825396825397 0.17984934086629
0 0.07962962962962963 0.7441148775894538 0.05026455026455026 0.21421845574387946
0 0.049206349206349205 0.713512241054614 0.042328042328042326 0.20009416195856874
0 0.004761904761904762 0.794256120527307 0.009523809523809525 0.23069679849340866
0 0.4603174603174603 0.8309792843691148 0.19894179894179895 0.3366290018832392
0 0.782010582010582 0.8615819209039548 0.2624338624338624 0.2768361581920904
0 0.6933862433862434 0.8305084745762712 0.12301587301587301 0.1902071563088512
0 0.8444444444444444 0.7650659133709982 0.15264550264550264 0.1694915254237288
0 0.36137566137566135 0.8926553672316384 0.023015873015873017 0.21468926553672316