0 0.06655844155844155 0.25 0.1331168831168831 0.5
0 0.1737012987012987 0.3416370106761566 0.31277056277056275 0.3167259786476868
0 0.3354978354978355 0.15747330960854092 0.2077922077922078 0.31494661921708184
0 0.2050865800865801 0.14412811387900357 0.20454545454545456 0.28825622775800713
0 0.7002164502164502 0.06850533807829182 0.05844155844155844 0.13701067615658363
0 0.952922077922078 0.25 0.09415584415584416 0.5
0 0.5091991341991342 0.25 0.1396103896103896 0.5
0 0.8165584415584416 0.2526690391459075 0.06818181818181818 0.49466192170818507
0 0.6520562770562771 0.25 0.14826839826839827 0.5
0 0.5595238095238095 0.25 0.11255411255411256 0.5
0 0.8858225108225108 0.2508896797153025 0.13528138528138528 0.498220640569395
0 0.7651515151515151 0.25 0.11904761904761904 0.5