0 0.47188995215311 0.4627659574468085 0.13815789473684212 0.31648936170212766
0 0.37529904306220097 0.8925531914893617 0.06399521531100479 0.2148936170212766
0 0.319377990430622 0.801063829787234 0.04485645933014354 0.24468085106382978
0 0.06429425837320574 0.6941489361702128 0.05801435406698564 0.12872340425531914
0 0.4686004784688995 0.7101063829787234 0.05083732057416268 0.16063829787234044
0 0.1339712918660287 0.6632978723404256 0.05382775119617225 0.06702127659574468
0 0.24970095693779903 0.6872340425531915 0.05203349282296651 0.1148936170212766
0 0.8516746411483254 0.7824468085106383 0.04066985645933014 0.21382978723404256
0 0.7631578947368421 0.7675531914893617 0.04665071770334928 0.2553191489361702
0 0.81877990430622 0.7356382978723405 0.0409688995215311 0.21117021276595746
0 0.8462918660287081 0.6728723404255319 0.02631578947368421 0.07872340425531915
0 0.8005382775119617 0.698936170212766 0.02751196172248804 0.12180851063829787