0 0.98515625 0.43333333333333335 0.0296875 0.1925925925925926
0 0.9372395833333333 0.03981481481481482 0.0484375 0.07962962962962963
0 0.6567708333333333 0.16342592592592592 0.049479166666666664 0.125
0 0.704296875 0.24097222222222223 0.04296875 0.22453703703703703
0 0.7069010416666667 0.11828703703703704 0.04296875 0.12731481481481483
0 0.7067708333333333 0.02361111111111111 0.0375 0.04722222222222222
0 0.67421875 0.022685185185185187 0.03802083333333333 0.04537037037037037
0 0.653515625 0.30694444444444446 0.045572916666666664 0.18981481481481483
0 0.9673177083333333 0.1414351851851852 0.04296875 0.16898148148148148
0 0.7986979166666667 0.24560185185185185 0.041666666666666664 0.16898148148148148
0 0.7583333333333333 0.23287037037037037 0.036458333333333336 0.18518518518518517
0 0.8395833333333333 0.06527777777777778 0.042708333333333334 0.13055555555555556
0 0.8057291666666667 0.059722222222222225 0.040625 0.11944444444444445
0 0.7770833333333333 0.06666666666666667 0.0375 0.13333333333333333
0 0.5416666666666666 0.06296296296296296 0.023958333333333335 0.1259259259259259
0 0.7236979166666667 0.4726851851851852 0.05572916666666667 0.11388888888888889
0 0.8065104166666667 0.44814814814814813 0.0546875 0.16296296296296298
0 0.8709635416666667 0.4041666666666667 0.048177083333333336 0.23148148148148148
0 0.5390625 0.42407407407407405 0.01875 0.2111111111111111
0 0.85 0.025 0.035416666666666666 0.05
0 0.2234375 0.7550925925925925 0.05078125 0.1736111111111111
0 0.16588541666666667 0.8490740740740741 0.0859375 0.11296296296296296
0 0.15 0.9356481481481481 0.10911458333333333 0.1259259259259259
0 0.29192708333333334 0.9189814814814815 0.16848958333333333 0.1597222222222222
0 0.47291666666666665 0.7620370370370371 0.10911458333333333 0.2953703703703704