0 0.5862637362637363 0.31005859375 0.11318681318681319 0.2998046875
0 0.2982142857142857 0.756103515625 0.05631868131868132 0.20263671875
0 0.2638736263736264 0.729248046875 0.042582417582417584 0.20751953125
0 0.2684065934065934 0.62451171875 0.0521978021978022 0.0693359375
0 0.2144230769230769 0.648681640625 0.03708791208791209 0.10498046875
0 0.049587912087912085 0.724365234375 0.04807692307692308 0.19775390625
0 0.11620879120879121 0.62353515625 0.04120879120879121 0.0673828125
0 0.07197802197802197 0.646484375 0.038461538461538464 0.11328125
0 0.08379120879120878 0.61865234375 0.02912087912087912 0.0576171875
0 0.014010989010989012 0.646484375 0.028021978021978023 0.11328125
0 0.3456043956043956 0.63330078125 0.04395604395604396 0.0869140625
0 0.31043956043956045 0.63330078125 0.03956043956043956 0.0869140625
0 0.4107142857142857 0.6552734375 0.0478021978021978 0.130859375
0 0.460989010989011 0.699951171875 0.046703296703296704 0.20263671875
0 0.8740384615384615 0.88671875 0.050824175824175824 0.224609375
0 0.9013736263736264 0.94189453125 0.056593406593406594 0.1162109375
0 0.5993131868131868 0.697509765625 0.05631868131868132 0.20263671875
0 0.5648351648351648 0.68212890625 0.04285714285714286 0.1845703125
0 0.5543956043956044 0.9482421875 0.04945054945054945 0.103515625
0 0.7118131868131868 0.6259765625 0.0478021978021978 0.072265625
0 0.7618131868131868 0.666015625 0.046703296703296704 0.15234375