0 0.23926553672316384 0.3199195171026157 0.3677966101694915 0.6398390342052314
0 0.11807909604519774 0.25 0.16045197740112993 0.5
0 0.6073446327683616 0.5528169014084507 0.061016949152542375 0.17404426559356137
0 0.6545197740112995 0.03420523138832998 0.05367231638418079 0.06841046277665996
0 0.6774011299435029 0.443158953722334 0.05367231638418079 0.25653923541247486
0 0.9449152542372882 0.04527162977867203 0.05254237288135593 0.09054325955734406
0 0.4810734463276836 0.2017102615694165 0.06779661016949153 0.21629778672032193
0 0.8709039548022599 0.13003018108651912 0.062146892655367235 0.23390342052313884
0 0.6731638418079096 0.1551810865191147 0.0423728813559322 0.20875251509054327
0 0.7062146892655368 0.10311871227364185 0.04632768361581921 0.2062374245472837
0 0.8087570621468927 0.07193158953722334 0.0423728813559322 0.14386317907444668
0 0.768361581920904 0.07042253521126761 0.04067796610169491 0.14084507042253522
0 0.4943502824858757 0.07545271629778671 0.03502824858757062 0.15090543259557343
0 0.4745762711864407 0.04024144869215292 0.04067796610169491 0.08048289738430583
0 0.4516949152542373 0.03420523138832998 0.024293785310734464 0.06841046277665996
0 0.7663841807909605 0.5387323943661971 0.07062146892655367 0.2022132796780684
0 0.7494350282485875 0.46327967806841047 0.059322033898305086 0.22635814889336017
0 0.8186440677966101 0.42178068410462777 0.06779661016949153 0.24899396378269617
0 0.0576271186440678 0.7580482897384306 0.05367231638418079 0.1358148893360161
0 0.10918079096045198 0.8423038229376257 0.046610169491525424 0.24396378269617705
0 0.11200564971751413 0.7090040241448692 0.046610169491525424 0.13832997987927564
0 0.053954802259887004 0.9054325955734407 0.04915254237288136 0.1891348088531187
0 0.28135593220338984 0.9190140845070423 0.05536723163841808 0.1619718309859155
0 0.39449152542372884 0.7341549295774648 0.046610169491525424 0.1836016096579477
0 0.2115819209039548 0.8473340040241448 0.04519774011299435 0.1836016096579477
0 0.16779661016949152 0.8335010060362174 0.03954802259887006 0.2012072434607646
0 0.2559322033898305 0.6810865191146881 0.04632768361581921 0.08249496981891348
0 0.2192090395480226 0.6750503018108652 0.04406779661016949 0.07042253521126761
0 0.188135593220339 0.6825955734406438 0.04067796610169491 0.08551307847082495