0 0.5344262295081967 0.3655339805825243 0.05027322404371585 0.1679611650485437
0 0.7898907103825137 0.4956310679611651 0.05191256830601093 0.04757281553398058
0 0.8169398907103825 0.43640776699029127 0.04918032786885246 0.16601941747572815
0 0.8765027322404372 0.04174757281553398 0.05027322404371585 0.08349514563106795
0 0.9189890710382513 0.21990291262135922 0.05327868852459016 0.1941747572815534
0 0.9775956284153006 0.18446601941747573 0.04480874316939891 0.21165048543689322
0 0.6497267759562841 0.09029126213592233 0.04262295081967213 0.18058252427184465
0 0.6102459016393442 0.08155339805825243 0.03961748633879782 0.15048543689320387
0 0.5710382513661202 0.11504854368932038 0.022950819672131147 0.16019417475728157
0 0.5688524590163935 0.47135922330097085 0.018579234972677595 0.09611650485436893
0 0.5710382513661202 0.2684466019417476 0.022950819672131147 0.19902912621359223
0 0.5959016393442623 0.329126213592233 0.03551912568306011 0.1796116504854369
0 0.6293715846994535 0.3194174757281553 0.050546448087431695 0.21844660194174756
0 0.6081967213114754 0.18470873786407768 0.04644808743169399 0.1529126213592233
0 0.9871584699453552 0.019902912621359223 0.025683060109289616 0.039805825242718446
0 0.7509562841530054 0.08398058252427185 0.045081967213114756 0.14563106796116504
0 0.7565573770491804 0.03446601941747573 0.047540983606557376 0.06893203883495146
0 0.683879781420765 0.06601941747572816 0.03989071038251366 0.13203883495145632
0 0.2797814207650273 0.7786407766990291 0.5595628415300546 0.44271844660194176