0 0.3693370165745856 0.3575638506876228 0.02016574585635359 0.14587426326129665
0 0.5466850828729282 0.3526522593320236 0.13922651933701657 0.5392927308447937
0 0.21022099447513812 0.8104125736738703 0.10718232044198896 0.21267190569744598
0 0.8922651933701657 0.9661100196463654 0.049723756906077346 0.06777996070726916
0 0.5348066298342542 0.7480353634577603 0.052486187845303865 0.13261296660117877
0 0.7896408839779006 0.7971512770137524 0.05386740331491713 0.19646365422396855
0 0.7259668508287292 0.7637524557956779 0.05414364640883978 0.20923379174852652
0 0.6726519337016574 0.7426326129666012 0.04143646408839779 0.16699410609037327
0 0.6425414364640883 0.737721021611002 0.049723756906077346 0.15717092337917485
0 0.6049723756906077 0.7278978388998035 0.049723756906077346 0.137524557956778
0 0.6011049723756906 0.880648330058939 0.052486187845303865 0.2111984282907662
0 0.5838397790055249 0.8180255402750491 0.04558011049723757 0.1743614931237721
0 0.39281767955801106 0.8777013752455796 0.026519337016574586 0.2013752455795678
0 0.4069060773480663 0.7156188605108055 0.034806629834254144 0.11296660117878192
0 0.9593922651933702 0.6959724950884086 0.04585635359116022 0.07367387033398821