0 0.23950559701492538 0.17490671641791045 0.3122667910447761 0.3498134328358209
0 0.23542444029850745 0.18952114427860697 0.1515858208955224 0.26990049751243783
0 0.754081156716418 0.19651741293532338 0.4918376865671642 0.30659203980099503
0 0.28999533582089554 0.6103855721393034 0.03684701492537314 0.1029228855721393
0 0.15951492537313433 0.48056592039800994 0.021455223880597014 0.08240049751243782
0 0.1298973880597015 0.47823383084577115 0.025186567164179104 0.08240049751243782
0 0.11019123134328358 0.4763681592039801 0.017957089552238806 0.08115671641791045
0 0.22679570895522388 0.3628731343283582 0.016091417910447763 0.026119402985074626
0 0.21373600746268656 0.36162935323383083 0.017024253731343284 0.0236318407960199
0 0.3917910447761194 0.37297885572139305 0.014458955223880597 0.046330845771144276
0 0.660331156716418 0.8311567164179104 0.08488805970149253 0.15625
0 0.7911613805970149 0.6749067164179104 0.41767723880597013 0.6501865671641791