0 0.19424083769633507 0.660148975791434 0.22774869109947643 0.6797020484171322
0 0.9827225130890053 0.9371508379888268 0.03455497382198953 0.12569832402234637
0 0.5845549738219895 0.8358938547486033 0.049738219895287955 0.20716945996275604
0 0.6107329842931937 0.7276536312849162 0.04712041884816754 0.21880819366852886
0 0.6675392670157068 0.319366852886406 0.048167539267015703 0.08007448789571694
0 0.949738219895288 0.4436685288640596 0.049738219895287955 0.12569832402234637
0 0.9019633507853403 0.5216480446927374 0.04319371727748691 0.22579143389199255
0 0.8993455497382199 0.3982774674115456 0.04319371727748691 0.12802607076350092
0 0.8994764397905759 0.30307262569832405 0.03769633507853403 0.04748603351955307
0 0.9321989528795811 0.3021415270018622 0.03821989528795811 0.04562383612662942
0 0.48664921465968586 0.29748603351955305 0.034031413612565446 0.036312849162011177
0 0.5197643979057591 0.4483240223463687 0.04319371727748691 0.148975791433892
0 0.525392670157068 0.3240223463687151 0.034031413612565446 0.0893854748603352
0 0.9530104712041885 0.5879888268156425 0.04581151832460733 0.1908752327746741
0 0.9445026178010472 0.888268156424581 0.03926701570680628 0.21415270018621974
0 0.8952879581151832 0.9078212290502793 0.05654450261780105 0.18435754189944134
0 0.8770942408376964 0.8405493482309124 0.051047120418848166 0.23044692737430167
0 0.7985602094240838 0.7811918063314711 0.05366492146596859 0.21880819366852886
0 0.7422774869109947 0.6298882681564246 0.051047120418848166 0.22346368715083798
0 0.637565445026178 0.42155493482309125 0.04319371727748691 0.16992551210428306
0 0.8070680628272251 0.5263035381750466 0.041884816753926704 0.16992551210428306
0 0.8476439790575916 0.5135009310986964 0.03664921465968586 0.186219739292365
0 0.7657068062827225 0.34497206703910616 0.043455497382198956 0.13128491620111732
0 0.7997382198952879 0.3393854748603352 0.04031413612565445 0.12011173184357542
0 0.8285340314136126 0.3463687150837989 0.03821989528795811 0.1340782122905028
0 0.5447643979057591 0.30679702048417135 0.029842931937172777 0.05493482309124767
0 0.5225130890052356 0.2984171322160149 0.030366492146596858 0.038175046554934824
0 0.44947643979057594 0.4134078212290503 0.03926701570680628 0.15828677839851024