0 0.2916666666666667 0.2099802371541502 0.28833333333333333 0.4199604743083004
0 0.8455555555555555 0.22332015810276679 0.23805555555555555 0.37351778656126483
0 0.21472222222222223 0.7786561264822134 0.16166666666666665 0.4426877470355731
0 0.4102777777777778 0.7653162055335968 0.13944444444444445 0.3824110671936759
0 0.6088888888888889 0.7008399209486166 0.05555555555555555 0.22974308300395258
0 0.6998611111111112 0.8280632411067194 0.059722222222222225 0.22727272727272727
0 0.5702777777777778 0.8829051383399209 0.058333333333333334 0.2341897233201581
0 0.49166666666666664 0.9174901185770751 0.023333333333333334 0.1650197628458498
0 0.49027777777777776 0.7786561264822134 0.020555555555555556 0.24703557312252963
0 0.5863888888888888 0.45849802371541504 0.05277777777777778 0.07707509881422925
0 0.9766666666666667 0.5227272727272727 0.04666666666666667 0.20553359683794467
0 0.8094444444444444 0.45454545454545453 0.05444444444444444 0.0691699604743083