0 0.20168539325842696 0.22 0.23370786516853934 0.1595
0 0.9665730337078652 0.154 0.06685393258426967 0.1225
0 0.8808988764044944 0.1585 0.07050561797752809 0.1455
0 0.7898876404494382 0.182 0.11910112359550562 0.191
0 0.7230337078651685 0.1245 0.016292134831460674 0.032
0 0.4058988764044944 0.9025 0.0550561797752809 0.071
0 0.35898876404494384 0.9145 0.03876404494382023 0.059
0 0.1907303370786517 0.888 0.0550561797752809 0.118
0 0.9480337078651685 0.7615 0.10393258426966293 0.477
0 0.6265505617977528 0.6330699999999999 0.05264044943820215 0.31969999999999993
0 0.5789325842696629 0.6345 0.03876404494382023 0.363