0 0.36481700118063753 0.45535714285714285 0.05430932703659976 0.1880252100840336
0 0.11393152302243212 0.4495798319327731 0.03925619834710744 0.19957983193277312
0 0.08884297520661157 0.4485294117647059 0.024793388429752067 0.18119747899159663
0 0.2907319952774498 0.4432773109243697 0.047815820543093274 0.21218487394957983
0 0.3037190082644628 0.42436974789915966 0.023907910271546637 0.13655462184873948
0 0.1511216056670602 0.4227941176470588 0.023907910271546637 0.12342436974789917
0 0.07378984651711924 0.4322478991596639 0.016233766233766232 0.11817226890756302
0 0.9225206611570248 0.39285714285714285 0.06345926800472255 0.2415966386554622
0 0.4613341204250295 0.22872899159663865 0.05608028335301062 0.23371848739495799
0 0.49055489964580873 0.11502100840336134 0.053128689492325853 0.23004201680672268
0 0.8538961038961039 0.028361344537815126 0.04427390791027155 0.05672268907563025
0 0.6996753246753247 0.20246848739495799 0.06641086186540732 0.2494747899159664
0 0.7919126328217237 0.358718487394958 0.06198347107438017 0.27836134453781514
0 0.7793683589138135 0.23923319327731093 0.05755608028335301 0.21271008403361344