0 0.43226600985221675 0.35185185185185186 0.027093596059113302 0.15987654320987654
0 0.7988505747126436 0.43148148148148147 0.18801313628899835 0.25493827160493826
0 0.8481116584564861 0.21172839506172839 0.3021346469622332 0.42345679012345677
0 0.26559934318555006 0.7796296296296297 0.12233169129720854 0.44074074074074077
0 0.4573070607553366 0.7895061728395062 0.06403940886699508 0.42098765432098767
0 0.3772577996715928 0.8018518518518518 0.09770114942528736 0.3962962962962963
0 0.0603448275862069 0.8012345679012346 0.1206896551724138 0.39753086419753086
0 0.15024630541871922 0.7870370370370371 0.10837438423645321 0.42592592592592593
0 0.5299671592775042 0.8561728395061728 0.07963875205254516 0.2876543209876543
0 0.9281609195402298 0.8580246913580247 0.0812807881773399 0.2839506172839506
0 0.6917077175697866 0.8697530864197531 0.07635467980295567 0.26049382716049385
0 0.8555008210180624 0.8672839506172839 0.06732348111658457 0.2654320987654321
0 0.7528735632183908 0.8697530864197531 0.06239737274220033 0.26049382716049385
0 0.5899014778325123 0.8703703703703703 0.055008210180623976 0.25925925925925924
0 0.798440065681445 0.8820987654320988 0.05665024630541872 0.23580246913580247
0 0.6334154351395731 0.8728395061728395 0.05993431855500821 0.254320987654321