0 0.48421926910299 0.35132890365448505 0.008305647840531562 0.35714285714285715
0 0.47259136212624586 0.2782392026578073 0.03156146179401993 0.31727574750830567
0 0.1669435215946844 0.29401993355481726 0.11960132890365449 0.462624584717608
0 0.1461794019933555 0.07308970099667775 0.011627906976744186 0.03903654485049834
0 0.1345514950166113 0.0739202657807309 0.013289036544850499 0.06395348837209303
0 0.06395348837209303 0.07807308970099668 0.013289036544850499 0.05232558139534884
0 0.053156146179401995 0.07142857142857142 0.012458471760797342 0.06229235880398671
0 0.014950166112956811 0.061461794019933555 0.016611295681063124 0.049003322259136214
0 0.6378737541528239 0.3803986710963455 0.29900332225913623 0.29900332225913623
0 0.9401993355481728 0.3239202657807309 0.11960132890365449 0.4119601328903654
0 0.5581395348837209 0.26411960132890366 0.13953488372093023 0.5282392026578073
0 0.7691029900332226 0.7649501661129569 0.14950166112956811 0.4700996677740864
0 0.6569767441860465 0.7649501661129569 0.14451827242524917 0.4700996677740864
0 0.9011627906976745 0.5764119601328903 0.1079734219269103 0.09302325581395349