0 0.25994655581947745 0.24841605068637804 0.5198931116389549 0.36272439281942975
0 0.28800475059382424 0.6438753959873285 0.05166270783847981 0.22412882787750793
0 0.08387767220902613 0.7352164730728616 0.09753562945368172 0.20248152059134109
0 0.1995249406175772 0.6565469904963042 0.05210807600950119 0.20142555438225976
0 0.26811163895486934 0.5308870116156283 0.03948931116389549 0.12328405491024287
0 0.16909144893111638 0.8426610348468849 0.11668646080760095 0.2278247096092925
0 0.27731591448931114 0.4746568109820486 0.025831353919239904 0.07259767687434002
0 0.126187648456057 0.6573389651531151 0.0625 0.15469904963041184
0 0.20605700712589073 0.5892291446673706 0.04602137767220903 0.1494192185850053
0 0.6380641330166271 0.5762935586061246 0.015439429928741092 0.07602956705385427
0 0.6643408551068883 0.5728616684266103 0.010688836104513063 0.07418162618796198