0 0.4260797342192691 0.32215447154471544 0.11794019933554817 0.21341463414634146
0 0.3280730897009967 0.3241869918699187 0.06478405315614617 0.20934959349593496
0 0.08471760797342193 0.31808943089430897 0.16943521594684385 0.22154471544715448
0 0.1511627906976744 0.31910569105691056 0.10299003322259136 0.21951219512195122
0 0.20431893687707642 0.3353658536585366 0.06312292358803986 0.18699186991869918
0 0.8413621262458472 0.2784552845528455 0.31727574750830567 0.3008130081300813
0 0.6910299003322259 0.2936991869918699 0.16279069767441862 0.2703252032520325
0 0.8048172757475083 0.21443089430894308 0.3903654485049834 0.42886178861788615
0 0.32558139534883723 0.7723577235772358 0.3014950166112957 0.45528455284552843
0 0.1362126245847176 0.7296747967479674 0.25249169435215946 0.540650406504065
0 0.9700996677740864 0.7144308943089431 0.059800664451827246 0.5711382113821138
0 0.7251328903654485 0.7204674796747969 0.15146179401993365 0.5428048780487804
0 0.8529900332225914 0.5599593495934959 0.09800664451827243 0.2621951219512195
0 0.6212624584717608 0.5904471544715447 0.023255813953488372 0.31910569105691056