0 0.6434065934065935 0.171875 0.02967032967032967 0.123046875
0 0.5596153846153846 0.17333984375 0.023626373626373626 0.1142578125
0 0.5343406593406593 0.17724609375 0.024725274725274724 0.1259765625
0 0.6335164835164835 0.30810546875 0.07142857142857142 0.2099609375
0 0.5337912087912088 0.35986328125 0.028021978021978023 0.0986328125
0 0.5428571428571428 0.38134765625 0.03956043956043956 0.2138671875
0 0.5769230769230769 0.4287109375 0.046153846153846156 0.162109375
0 0.4834615384615385 0.723544921875 0.04262087912087896 0.19721679687500004
0 0.13802747252747255 0.7620703125 0.03368681318681316 0.3024609375
0 0.08628021978021977 0.78837890625 0.050461538461538544 0.2856640625
0 0.02903846153846149 0.8426171875 0.047703296703296795 0.27483398437500006
0 0.7055384615384614 0.662685546875 0.036653846153846176 0.22391601562499996
0 0.8776428571428571 0.5720898437499999 0.013736263736263736 0.05941406250000003
0 0.8617692307692308 0.582509765625 0.012065934065934087 0.027851562499999982