0 0.9129784688995215 0.2643617021276596 0.17374401913875598 0.5281914893617021
0 0.6330741626794258 0.13031914893617022 0.09360047846889952 0.2601063829787234
0 0.6689593301435407 0.13031914893617022 0.0430622009569378 0.2601063829787234
0 0.7099282296650717 0.13297872340425532 0.023923444976076555 0.15638297872340426
0 0.5912081339712919 0.13085106382978723 0.02631578947368421 0.1196808510638298
0 0.10780502392344497 0.8712765957446809 0.06429425837320574 0.24468085106382978
0 0.1638755980861244 0.7648936170212766 0.04485645933014354 0.24468085106382978
0 0.21994617224880383 0.8300531914893617 0.06429425837320574 0.29521276595744683
0 0.24072966507177032 0.7154255319148937 0.05801435406698564 0.2521276595744681
0 0.3304425837320574 0.6781914893617021 0.06160287081339713 0.1776595744680851
0 0.5032894736842105 0.8377659574468085 0.04724880382775119 0.324468085106383
0 0.7547846889952153 0.8404255319148937 0.04665071770334928 0.3191489361702128
0 0.659988038277512 0.8398936170212766 0.0735645933014354 0.3202127659574468
0 0.8761961722488039 0.8398936170212766 0.08971291866028708 0.3202127659574468
0 0.7123205741626795 0.8382978723404255 0.045454545454545456 0.32340425531914896
0 0.5364832535885168 0.825531914893617 0.05143540669856459 0.34893617021276596
0 0.5765550239234449 0.8494680851063829 0.061004784688995214 0.30106382978723406
0 0.93122009569378 0.8329787234042553 0.050239234449760764 0.33404255319148934
0 0.9766746411483254 0.8313829787234043 0.04665071770334928 0.3372340425531915
0 0.7975478468899522 0.8462765957446808 0.05921052631578947 0.3074468085106383
0 0.618421052631579 0.8319148936170213 0.04425837320574163 0.32978723404255317
0 0.8379186602870813 0.8377659574468085 0.04784688995215311 0.324468085106383