0 0.3351602023608769 0.25975975975975973 0.20067453625632378 0.3385885885885886
0 0.18507588532883643 0.3325825825825826 0.19097807757166949 0.19369369369369369
0 0.6020236087689713 0.1403903903903904 0.11804384485666104 0.2807807807807808
0 0.6572512647554806 0.023273273273273273 0.03962900505902192 0.046546546546546545
0 0.010961214165261383 0.7717717717717718 0.021922428330522766 0.13063063063063063
0 0.003372681281618887 0.8453453453453453 0.006745362563237774 0.19144144144144143
0 0.5286677908937606 0.6561561561561562 0.06450252951096122 0.12387387387387387
0 0.5847386172006745 0.8063063063063063 0.16989881956155142 0.38738738738738737
0 0.7061551433389545 0.8235735735735735 0.1045531197301855 0.35285285285285284
0 0.734822934232715 0.8093093093093093 0.06913996627318718 0.38063063063063063
0 0.7748735244519392 0.6539039039039038 0.1467116357504216 0.32657657657657657
0 0.8731028667790893 0.6831831831831832 0.07419898819561552 0.31681681681681684