0 0.9237983587338804 0.22964509394572025 0.15240328253223914 0.4592901878914405
0 0.7582063305978898 0.22964509394572025 0.134232121922626 0.4592901878914405
0 0.8531652989449003 0.22964509394572025 0.10609613130128957 0.4592901878914405
0 0.6544548651817116 0.22964509394572025 0.14009378663540445 0.4592901878914405
0 0.5899765533411488 0.22964509394572025 0.1201641266119578 0.4592901878914405
0 0.05422039859320047 0.5949895615866388 0.01992966002344666 0.10177453027139875
0 0.0668229777256741 0.6278705636743215 0.016998827667057445 0.11899791231732777
0 0.050996483001172335 0.8883089770354906 0.021981242672919107 0.13778705636743216
0 0.12104337631887456 0.6826722338204593 0.02579132473622509 0.10751565762004175
0 0.15621336459554513 0.6941544885177453 0.016998827667057445 0.12265135699373696
0 0.13130128956623682 0.6148225469728601 0.01846424384525205 0.11116910229645094
0 0.2429660023446659 0.6837160751565762 0.02579132473622509 0.10960334029227557
0 0.26260257913247365 0.6075156576200418 0.021395076201641265 0.08507306889352818
0 0.2924970691676436 0.6450939457202505 0.017584994138335287 0.08872651356993737
0 0.31008206330597887 0.5876826722338204 0.021981242672919107 0.09029227557411273
0 0.3596131301289566 0.6221294363256785 0.022860492379835874 0.09603340292275574
0 0.369284876905041 0.8324634655532359 0.027842907385697536 0.13204592901878914
0 0.4879835873388042 0.6790187891440501 0.022860492379835874 0.12265135699373696
0 0.24765533411488863 0.49582463465553234 0.019343493552168817 0.07306889352818371
0 0.3226846424384525 0.5052192066805845 0.015533411488862838 0.0511482254697286
0 0.30656506447831183 0.48068893528183715 0.015533411488862838 0.04279749478079332
0 0.451348182883939 0.4911273486430063 0.016412661195779603 0.06315240083507306
0 0.4835873388042204 0.4900835073068894 0.014654161781946073 0.061064718162839246
0 0.7618698710433763 0.8494258872651357 0.05715123094958968 0.24269311064718163
0 0.8629835873388042 0.7150313152400835 0.05715123094958968 0.2609603340292276
0 0.9771395076201641 0.9436325678496869 0.04572098475967175 0.1127348643006263
0 0.9882766705744431 0.889874739039666 0.023446658851113716 0.22025052192066805