0 0.7091145833333333 0.3458333333333333 0.13541666666666666 0.3055555555555556
0 0.36276041666666664 0.78125 0.049479166666666664 0.20601851851851852
0 0.33671875 0.6736111111111112 0.046875 0.2175925925925926
0 0.046875 0.5402777777777777 0.042708333333333334 0.08055555555555556
0 0.009375 0.5648148148148148 0.01875 0.12962962962962962
0 0.011979166666666667 0.8333333333333334 0.023958333333333335 0.21296296296296297
0 0.14114583333333333 0.5287037037037037 0.041666666666666664 0.05740740740740741
0 0.10104166666666667 0.5263888888888889 0.036458333333333336 0.05277777777777778
0 0.5776041666666667 0.711574074074074 0.023958333333333335 0.21944444444444444
0 0.22669270833333333 0.6736111111111112 0.05078125 0.24537037037037038
0 0.5770833333333333 0.5462962962962963 0.025 0.09259259259259259
0 0.4895833333333333 0.5472222222222223 0.04583333333333333 0.09444444444444444
0 0.16614583333333333 0.6388888888888888 0.046875 0.20833333333333334
0 0.065234375 0.6805555555555556 0.045572916666666664 0.20833333333333334