0 0.4596256684491979 0.9348859315589354 0.05080213903743316 0.13022813688212928
0 0.43288770053475933 0.8654942965779467 0.0481283422459893 0.22338403041825095
0 0.08636363636363636 0.6045627376425855 0.05080213903743316 0.07034220532319392
0 0.3331550802139037 0.6435361216730038 0.052406417112299465 0.1482889733840304
0 0.2716577540106952 0.6307034220532319 0.052406417112299465 0.12262357414448669
0 0.22005347593582888 0.6102661596958175 0.040106951871657755 0.0817490494296578
0 0.19090909090909092 0.6055133079847909 0.0481283422459893 0.07224334600760456
0 0.15454545454545454 0.5960076045627376 0.0481283422459893 0.053231939163498096
0 0.15080213903743314 0.7038973384030418 0.05080213903743316 0.20437262357414449
0 0.1339572192513369 0.6482889733840305 0.04438502673796792 0.15779467680608364
0 0.2574866310160428 0.9672053231939164 0.06149732620320856 0.0655893536121673
0 0.10775401069518717 0.9363117870722434 0.05080213903743316 0.12737642585551331
0 0.732620320855615 0.8346007604562737 0.1804812834224599 0.33079847908745247
0 0.879144385026738 0.8925855513307985 0.06470588235294118 0.21482889733840305