0 0.17994505494505494 0.13916015625 0.17087912087912088 0.2421875
0 0.7782967032967033 0.27294921875 0.025824175824175823 0.0732421875
0 0.814010989010989 0.28173828125 0.024725274725274724 0.0556640625
0 0.8338296703296704 0.26297851562499996 0.01569780219780204 0.054404296875000036
0 0.8475659340659342 0.26646484375 0.016483516483516484 0.05022460937500006
0 0.864010989010989 0.271484375 0.018131868131868133 0.076171875
0 0.875 0.2744140625 0.02032967032967033 0.0703125
0 0.8964285714285715 0.279296875 0.028021978021978023 0.060546875
0 0.9120879120879121 0.27880859375 0.014285714285714285 0.0615234375
0 0.09972527472527473 0.4990234375 0.01703296703296703 0.04150390625
0 0.1945054945054945 0.60498046875 0.03818681318681319 0.29541015625
0 0.4662087912087912 0.70556640625 0.19285714285714287 0.5888671875
0 0.881043956043956 0.68994140625 0.22994505494505493 0.6201171875