0 0.20754716981132076 0.39764150943396226 0.13647798742138365 0.3231132075471698
0 0.25440251572327044 0.21273584905660378 0.061949685534591195 0.2268867924528302
0 0.5314465408805031 0.34764150943396227 0.04937106918238994 0.35754716981132073
0 0.7364779874213836 0.3391509433962264 0.06289308176100629 0.36698113207547167
0 0.679559748427673 0.344811320754717 0.052515723270440254 0.3632075471698113
0 0.580503144654088 0.3490566037735849 0.05817610062893082 0.3466981132075472
0 0.8402515723270441 0.3471698113207547 0.055345911949685536 0.344811320754717
0 0.8933962264150943 0.35 0.05880503144654088 0.3330188679245283
0 0.6336477987421384 0.3433962264150943 0.04937106918238994 0.35471698113207545
0 0.9355345911949685 0.3136792452830189 0.06037735849056604 0.38632075471698113
0 0.7886792452830189 0.3433962264150943 0.05125786163522013 0.35235849056603774
0 0.8638364779874214 0.1957547169811321 0.031446540880503145 0.12122641509433962
0 0.6062893081761006 0.325 0.0389937106918239 0.360377358490566
0 0.8128930817610063 0.3287735849056604 0.0330188679245283 0.3410377358490566
0 0.679874213836478 0.19339622641509435 0.06509433962264151 0.1320754716981132
0 0.7654088050314466 0.31981132075471697 0.033647798742138364 0.33679245283018866
0 0.7657232704402516 0.2018867924528302 0.03553459119496855 0.1009433962264151
0 0.11855345911949686 0.6575471698113208 0.07641509433962264 0.17547169811320754
0 0.07735849056603773 0.6768867924528302 0.040566037735849055 0.12311320754716981
0 0.6367924528301887 0.7797169811320754 0.31383647798742137 0.44056603773584907
0 0.8581761006289308 0.7797169811320754 0.28364779874213836 0.44056603773584907