0 0.16967509025270758 0.20487364620938628 0.33935018050541516 0.40974729241877256
0 0.11191335740072202 0.1967509025270758 0.22382671480144403 0.3104693140794224
0 0.7247292418772563 0.20487364620938628 0.5505415162454874 0.40974729241877256
0 0.23916967509025272 0.7996389891696751 0.07851985559566788 0.4007220216606498
0 0.14350180505415164 0.7572202166064982 0.10830324909747292 0.3447653429602888
0 0.1092057761732852 0.7942238267148014 0.11823104693140794 0.41155234657039713
0 0.0740072202166065 0.7915162454873647 0.148014440433213 0.41696750902527074
0 0.31227436823104693 0.7915162454873647 0.05324909747292419 0.41696750902527074
0 0.04422382671480144 0.5839350180505415 0.02256317689530686 0.08935018050541517
0 0.7752707581227437 0.6435018050541517 0.19494584837545126 0.45126353790613716
0 0.9305054151624549 0.7102888086642599 0.13898916967509026 0.5794223826714802
0 0.6660649819494585 0.766245487364621 0.29422382671480146 0.41335740072202165
0 0.48014440433212996 0.7247292418772563 0.2815884476534296 0.5505415162454874