0 0.20334928229665072 0.2047872340425532 0.4063995215311005 0.4095744680851064
0 0.6827153110047847 0.2047872340425532 0.28648325358851673 0.4095744680851064
0 0.3397129186602871 0.9154255319148936 0.0645933014354067 0.16914893617021276
0 0.47338516746411485 0.551595744680851 0.07177033492822966 0.22872340425531915
0 0.060406698564593304 0.5042553191489362 0.06578947368421052 0.18936170212765957
0 0.27003588516746413 0.5111702127659574 0.04485645933014354 0.20319148936170212
0 0.2347488038277512 0.4829787234042553 0.049641148325358854 0.14680851063829786
0 0.12649521531100477 0.45 0.04485645933014354 0.08085106382978724
0 0.16895933014354067 0.44840425531914896 0.04366028708133971 0.07765957446808511
0 0.4590311004784689 0.45372340425531915 0.037679425837320576 0.08829787234042553
0 0.11378588516746412 0.7603723404255319 0.06728468899521531 0.2526595744680851
0 0.20723684210526316 0.8888297872340426 0.06279904306220095 0.22234042553191488
0 0.1945275119617225 0.7976063829787234 0.0583133971291866 0.2154255319148936