0 0.26929530201342283 0.24034334763948498 0.5184563758389261 0.3562231759656652
0 0.8162751677852349 0.2478540772532189 0.05201342281879195 0.07510729613733906
0 0.9781879194630873 0.20493562231759657 0.0436241610738255 0.09656652360515021
0 0.825503355704698 0.17703862660944206 0.07046979865771812 0.10944206008583691
0 0.7105704697986577 0.16416309012875535 0.04865771812080537 0.13090128755364808
0 0.07046979865771812 0.9152360515021459 0.14093959731543623 0.16952789699570817
0 0.08808724832214765 0.4892703862660944 0.06879194630872483 0.14163090128755365
0 0.24496644295302014 0.44957081545064376 0.053691275167785234 0.06223175965665236
0 0.3523489932885906 0.5053648068669528 0.05704697986577181 0.17381974248927037
0 0.39848993288590606 0.49356223175965663 0.04865771812080537 0.15021459227467812
0 0.4429530201342282 0.44206008583690987 0.040268456375838924 0.04721030042918455
0 0.446023489932886 0.6122961373390559 0.10347315436241623 0.2575107296137339
0 0.45721476510067116 0.4769957081545064 0.06991610738255045 0.07748927038626613