0 0.050555555555555555 0.825098814229249 0.10111111111111111 0.34980237154150196
0 0.145 0.8473320158102767 0.10444444444444445 0.30533596837944665
0 0.2525 0.8157114624505929 0.11944444444444445 0.3685770750988142
0 0.46111111111111114 0.8769762845849802 0.057777777777777775 0.24604743083003952
0 0.385 0.8344861660079052 0.16111111111111112 0.3310276679841897
0 0.8819444444444444 0.9016798418972332 0.059444444444444446 0.1966403162055336
0 0.83 0.8181818181818182 0.041666666666666664 0.22727272727272727
0 0.7638888888888888 0.7346837944664032 0.06 0.23023715415019763
0 0.6758333333333333 0.7040513833992095 0.058333333333333334 0.16897233201581027
0 0.6069444444444444 0.6729249011857708 0.051666666666666666 0.1067193675889328
0 0.9752777777777778 0.6818181818181818 0.049444444444444444 0.12450592885375494
0 0.8091666666666667 0.8502964426877471 0.05555555555555555 0.25691699604743085