0 0.7487562189054726 0.16216216216216217 0.10012437810945274 0.19498069498069498
0 0.9197761194029851 0.1476833976833977 0.054104477611940295 0.13803088803088803
0 0.847636815920398 0.09942084942084942 0.04664179104477612 0.10424710424710425
0 0.8090796019900498 0.09266409266409266 0.041666666666666664 0.1476833976833977
0 0.7761194029850746 0.059845559845559844 0.054104477611940295 0.09362934362934362
0 0.7089552238805971 0.04054054054054054 0.026741293532338308 0.05019305019305019
0 0.6548507462686567 0.04343629343629344 0.048507462686567165 0.08687258687258688
0 0.41044776119402987 0.30115830115830117 0.11691542288557213 0.25096525096525096
0 0.26865671641791045 0.2384169884169884 0.07960199004975124 0.17953667953667954
0 0.11194029850746269 0.7191119691119691 0.13432835820895522 0.5617760617760618
0 0.023009950248756218 0.7191119691119691 0.046019900497512436 0.5617760617760618
0 0.19900497512437812 0.7191119691119691 0.05970149253731343 0.5617760617760618
0 0.030472636815920398 0.5231660231660231 0.060945273631840796 0.16988416988416988
0 0.17412935323383086 0.7191119691119691 0.07213930348258707 0.5617760617760618
0 0.17475124378109452 0.5164092664092664 0.07587064676616916 0.15637065637065636
0 0.7810945273631841 0.7200772200772201 0.19900497512437812 0.5057915057915058
0 0.9390547263681592 0.7480694980694981 0.12189054726368159 0.5
0 0.9446517412935324 0.6756756756756757 0.07960199004975124 0.3465250965250965
0 0.5211442786069652 0.7451737451737451 0.31094527363184077 0.3918918918918919
0 0.4931592039800995 0.6901544401544402 0.11753731343283583 0.23745173745173745
0 0.31281094527363185 0.6573359073359073 0.13992537313432835 0.3484555984555985
0 0.2736318407960199 0.7326254826254827 0.08955223880597014 0.3532818532818533