0 0.166566985645933 0.14574468085106382 0.10616028708133972 0.10531914893617021
0 0.4171650717703349 0.15159574468085107 0.08253588516746412 0.09946808510638298
0 0.5550239234449761 0.15159574468085107 0.060406698564593304 0.07712765957446809
0 0.008971291866028708 0.12606382978723404 0.017643540669856458 0.06542553191489361
0 0.04485645933014354 0.12978723404255318 0.03110047846889952 0.05425531914893617
0 0.06788277511961723 0.12180851063829787 0.026614832535885168 0.06063829787234042
0 0.10017942583732058 0.12393617021276596 0.03229665071770335 0.059574468085106386
0 0.13486842105263158 0.12872340425531914 0.03110047846889952 0.03723404255319149
0 0.23086124401913877 0.12978723404255318 0.022129186602870814 0.05585106382978723
0 0.24611244019138756 0.13829787234042554 0.017643540669856458 0.038829787234042554
0 0.3522727272727273 0.12659574468085105 0.03229665071770335 0.05053191489361702
0 0.5041866028708134 0.12287234042553191 0.02063397129186603 0.0425531914893617
0 0.5263157894736842 0.11117021276595744 0.017643540669856458 0.019148936170212766
0 0.5272129186602871 0.12978723404255318 0.025119617224880382 0.03723404255319149
0 0.6007775119617225 0.1324468085106383 0.016148325358851676 0.040957446808510635
0 0.6163277511961722 0.1324468085106383 0.017643540669856458 0.040957446808510635
0 0.8064294258373205 0.17550000000000002 0.0317822966507179 0.13741489361702136
0 0.6701794258373206 0.14415957446808508 0.021423444976076518 0.0906808510638298
0 0.6510705741626795 0.1450425531914894 0.013779904306220074 0.09600000000000002
0 0.7107177033492824 0.12495744680851067 0.012105263157894742 0.08419148936170223
0 0.6985944976076555 0.1282234042553191 0.016136363636363647 0.07594680851063841
0 0.780011961722488 0.14654255319148937 0.02878588516746418 0.12440425531914899
0 0.9788995215311005 0.12231914893617023 0.037805023923445 0.1373936170212767
0 0.26913875598086123 0.7202127659574468 0.17254784688995214 0.5595744680851064
0 0.11124401913875598 0.698936170212766 0.17254784688995214 0.6021276595744681
0 0.7075358851674641 0.6882978723404255 0.13516746411483255 0.6234042553191489
0 0.8714114832535885 0.6835106382978723 0.25717703349282295 0.6329787234042553