0 0.2999108734402852 0.2849206349206349 0.5998217468805704 0.5698412698412698
0 0.6270053475935828 0.06031746031746032 0.015151515151515152 0.07301587301587302
0 0.6974153297682709 0.11349206349206349 0.036541889483065956 0.1492063492063492
0 0.7522281639928698 0.11428571428571428 0.0338680926916221 0.16825396825396827
0 0.6078431372549019 0.17777777777777778 0.016042780748663103 0.10793650793650794
0 0.7954545454545454 0.4857142857142857 0.06862745098039216 0.16825396825396827
0 0.5762032085561497 0.9238095238095239 0.04723707664884135 0.1523809523809524
0 0.20811051693404634 0.7928571428571428 0.04367201426024955 0.23333333333333334
0 0.8190730837789661 0.7603174603174603 0.04590017825311943 0.24285714285714285
0 0.9193404634581105 0.7642857142857142 0.0374331550802139 0.18253968253968253
0 0.9759358288770054 0.8238095238095238 0.0481283422459893 0.2634920634920635