0 0.9148351648351648 0.32666015625 0.1620879120879121 0.3310546875
0 0.6123626373626374 0.3076171875 0.0456043956043956 0.25
0 0.6686813186813186 0.2958984375 0.09368131868131868 0.23388671875
0 0.5689560439560439 0.865234375 0.04120879120879121 0.224609375
0 0.2993131868131868 0.676025390625 0.05631868131868132 0.20263671875
0 0.2649725274725275 0.649169921875 0.042582417582417584 0.20751953125
0 0.2695054945054945 0.53955078125 0.0521978021978022 0.0791015625
0 0.2914835164835165 0.52392578125 0.03571428571428571 0.0478515625
0 0.3252747252747253 0.52880859375 0.03956043956043956 0.0576171875
0 0.21552197802197803 0.568603515625 0.03708791208791209 0.10498046875
0 0.06565934065934066 0.58740234375 0.04010989010989011 0.1748046875
0 0.07664835164835165 0.5615234375 0.04010989010989011 0.123046875
0 0.025274725274725275 0.60400390625 0.04395604395604396 0.185546875
0 0.2675824175824176 0.947265625 0.05384615384615385 0.10546875
0 0.4002747252747253 0.67236328125 0.054945054945054944 0.2099609375
0 0.4118131868131868 0.5322265625 0.053296703296703295 0.064453125
0 0.12335164835164836 0.5458984375 0.03461538461538462 0.091796875
0 0.00989010989010989 0.56298828125 0.01978021978021978 0.1259765625
0 0.7241758241758242 0.76708984375 0.05961538461538462 0.22900390625
0 0.6585164835164835 0.71875 0.018131868131868133 0.0849609375
0 0.8414835164835165 0.71875 0.020879120879120878 0.0986328125
0 0.7873626373626373 0.701171875 0.06483516483516484 0.193359375