0 0.6180637544273908 0.24632352941176472 0.13046044864226683 0.49264705882352944
0 0.7172373081463991 0.2610294117647059 0.13046044864226683 0.4522058823529412
0 0.2709563164108619 0.7899159663865546 0.2975206611570248 0.42016806722689076
0 0.9577036599763872 0.7699264705882353 0.031369539551357926 0.1356827731092438
0 0.6408559622195985 0.8048949579831932 0.03168240850059036 0.26338235294117646
0 0.8232231404958678 0.7389810924369747 0.021145218417945654 0.08953781512605043
0 0.8043624557260922 0.7398529411764706 0.013600944510035398 0.09478991596638657
0 0.8632349468713106 0.7200210084033614 0.011948051948051954 0.08313025210084043
0 0.8512691853600944 0.7232457983193277 0.015926800472255028 0.07498949579831943
0 0.9316292798110979 0.7413340336134454 0.028412042502951658 0.12283613445378157
0 0.7051416765053129 0.715640756302521 0.01723730814639895 0.0708823529411765
0 0.6857910271546636 0.7270168067226891 0.016582054309327122 0.06912815126050414