0 0.3631346578366446 0.38604240282685515 0.25165562913907286 0.46760895170789163
0 0.1346578366445916 0.4106301531213192 0.2642384105960265 0.41828621908127206
0 0.6239514348785872 0.2918138987043581 0.008167770419426049 0.0812720848056537
0 0.6219646799116998 0.2399882214369847 0.0041942604856512146 0.04946996466431095
0 0.6385143487858719 0.23586572438162545 0.01625386313465786 0.05418138987043581
0 0.6281368653421634 0.23910482921083628 0.01156070640176598 0.06537102473498234
0 0.6224061810154525 0.2317432273262662 0.005077262693156733 0.0624263839811543
0 0.7844128035320089 0.21849234393404005 0.018496688741721848 0.044169611307420496
0 0.955916114790287 0.25500588928150764 0.02339293598234001 0.04181389870435807
0 0.24668874172185432 0.7053886925795053 0.017770419426048564 0.06213191990577149
0 0.29812362030905076 0.7360129564193169 0.022737306843267108 0.0712603062426384
0 0.09856512141280353 0.6595995288574794 0.012362030905077263 0.03180212014134275
0 0.13101545253863134 0.666813898704358 0.010927152317880795 0.013987043580683157
0 0.28101545253863136 0.7211425206124853 0.04205298013245033 0.039458186101295645
0 0.3183222958057395 0.7432273262661955 0.025717439293598234 0.02856301531213192
0 0.77560706401766 0.8367196702002355 0.31147902869757177 0.32597173144876324
0 0.9707505518763797 0.8306831566548881 0.05838852097130243 0.3386336866902238
0 0.7647902869757175 0.7865135453474676 0.1511037527593819 0.24411071849234395