0 0.7758724428399518 0.4863636363636364 0.16125150421179302 0.3267379679144385
0 0.5550541516245487 0.49010695187165776 0.11552346570397112 0.31925133689839574
0 0.6289109506618532 0.4855614973262032 0.07851985559566788 0.32834224598930484
0 0.486913357400722 0.47406417112299465 0.08032490974729242 0.3513368983957219
0 0.5454031287605295 0.3293689839572193 0.03698555956678702 0.10879144385026741
0 0.3647743682310469 0.3343850267379679 0.03255114320096271 0.14387165775401067
0 0.3948616125150421 0.3452834224598931 0.02623345367027679 0.13698395721925125
0 0.4307190132370638 0.3795561497326203 0.037809867629362164 0.21596256684491974
0 0.4643832731648616 0.3708663101604278 0.034244885679903705 0.18728877005347594
0 0.5013026474127557 0.29890374331550806 0.01959386281588451 0.06074331550802147
0 0.45172683513838746 0.2998983957219251 0.026534296028880813 0.09488235294117639
0 0.4848646209386282 0.31340641711229944 0.01995788206979547 0.08366310160427798
0 0.3372442839951865 0.8272727272727273 0.23465703971119134 0.33796791443850266