0 0.30023296447291786 0.7147668393782384 0.28625509609784505 0.5704663212435234
0 0.06726849155503786 0.46917098445595856 0.04411764705882353 0.07901554404145078
0 0.1271112405358183 0.6826424870466321 0.05460104834012813 0.1494818652849741
0 0.07498543972044264 0.8090673575129533 0.03567268491555038 0.12590673575129532
0 0.18273150844496214 0.7158031088082901 0.05751310425160163 0.15569948186528498
0 0.19831100757134537 0.6344559585492228 0.05198019801980198 0.1489637305699482
0 0.25 0.6694300518134715 0.0629004076878276 0.20518134715025907
0 0.4346243447874199 0.644300518134715 0.04761211415259173 0.166580310880829
0 0.46432731508444963 0.7619170984455959 0.031158998252766454 0.47590673575129533
0 0.4330227140361095 0.5217616580310881 0.05926033779848573 0.08601036269430051
0 0.4400116482236459 0.48523316062176164 0.07979033197437391 0.11139896373056994
0 0.23820617355853232 0.455440414507772 0.048340128130460104 0.05181347150259067
0 0.17152009318578917 0.4743523316062176 0.04237041351193943 0.07124352331606218
0 0.14414676761793827 0.47253886010362695 0.02984857309260338 0.08316062176165803
0 0.07134536983110076 0.5968911917098445 0.049796156086196856 0.1572538860103627
0 0.13031450203843914 0.6082901554404145 0.04877693651718113 0.08808290155440414
0 0.7604863133372162 0.9271036269430052 0.03774024461269654 0.12787564766839388
0 0.6970034944670939 0.9232072538860103 0.030390215492137485 0.13319170984455955
0 0.6634682585905649 0.9115751295336787 0.027964472917880016 0.11060621761658021
0 0.7157658707047175 0.9230932642487046 0.02545136866627842 0.1300362694300517
0 0.6072073383808969 0.8828341968911917 0.016607454863133364 0.07441968911917105
0 0.6276849155503786 0.8983108808290156 0.02391962725684336 0.10761139896373059
0 0.648407105416424 0.9044715025906737 0.017422830518345932 0.09374093264248709
0 0.6826761793826441 0.9124766839378238 0.021619103086779203 0.1037720207253887
0 0.7314181712288876 0.901300518134715 0.01841875364006989 0.11135233160621755
0 0.4907571345369831 0.8730207253886011 0.008712871287128702 0.050963730569948254