0 0.09493302271403611 0.26580310880829017 0.1783634245777519 0.3077720207253886
0 0.0553290623179965 0.14637305699481865 0.064065230052417 0.12694300518134716
0 0.156814210832848 0.14196891191709846 0.0896913220733838 0.11813471502590674
0 0.4468549796156086 0.23911917098445595 0.14589400116482237 0.3
0 0.3928363424577752 0.1772020725388601 0.0885264997087944 0.14585492227979274
0 0.3367792661619103 0.16347150259067358 0.10017472335468841 0.1383419689119171
0 0.20675596971461851 0.5955958549222798 0.13905066977285963 0.23730569948186528
0 0.8459522422830519 0.8803108808290155 0.03013977868375073 0.1383419689119171
0 0.6274024461269656 0.7862694300518135 0.026645311589982526 0.1339378238341969
0 0.6413803145020385 0.7160621761658031 0.025189283634245777 0.14145077720207253
0 0.6719569015725102 0.4489637305699482 0.026062900407687828 0.05829015544041451
0 0.8226557949912638 0.5326424870466321 0.026645311589982526 0.08134715025906736
0 0.7526208503203261 0.5235751295336788 0.020966802562609202 0.11424870466321244
0 0.7680547466511357 0.5189119170984456 0.025189283634245777 0.11139896373056994
0 0.7868375072801398 0.5069948186528498 0.025189283634245777 0.11139896373056994
0 0.7307804309842749 0.43523316062176165 0.018345952242283053 0.031088082901554404
0 0.7453407105416424 0.43316062176165804 0.021840419336051253 0.02694300518134715
0 0.7638322655794991 0.4378238341968912 0.025189283634245777 0.03601036269430052
0 0.9012813046010484 0.6124352331606218 0.027227722772277228 0.12331606217616581
0 0.9075422248107163 0.5212435233160622 0.021694816540477578 0.10673575129533679
0 0.8873034362259755 0.49196891191709846 0.017472335468841003 0.11139896373056994
0 0.935934769947583 0.4873056994818653 0.02373325567850903 0.11139896373056994
0 0.9034653465346535 0.42642487046632127 0.019073966220151426 0.013212435233160623
0 0.8870122306348281 0.43031088082901553 0.016744321490972627 0.02098445595854922
0 0.9193360512521841 0.43316062176165804 0.020966802562609202 0.02694300518134715
0 0.610221316249272 0.44430051813471505 0.024170064065230052 0.04922279792746114
0 0.8114443797320908 0.7974093264248705 0.026645311589982526 0.15362694300518134
0 0.7236458940011649 0.5733160621761658 0.0244612696563774 0.13238341968911918
0 0.7472335468841002 0.9160621761658031 0.034944670937682006 0.16787564766839377
0 0.7368957483983692 0.822279792746114 0.03013977868375073 0.161139896373057
0 0.7960104834012813 0.5784974093264249 0.026645311589982526 0.14300518134715026
0 0.8002329644729179 0.6207253886010363 0.030722189866045427 0.14300518134715026
0 0.9089982527664531 0.5492227979274611 0.020238788584740826 0.10233160621761658
0 0.6046884100174723 0.5077720207253886 0.023150844496214327 0.09481865284974093
0 0.5717821782178217 0.48523316062176164 0.020238788584740826 0.09792746113989638
0 0.5483401281304601 0.5196891191709845 0.02242283051834595 0.11891191709844559
0 0.5455736750145603 0.46113989637305697 0.019656377402446128 0.07072538860103626
0 0.529120559114735 0.5093264248704663 0.018637157833430402 0.10569948186528498
0 0.5247524752475248 0.48419689119170983 0.009755387303436227 0.10829015544041451
0 0.5311589982527665 0.6567357512953368 0.020238788584740826 0.1339378238341969
0 0.7778101339545719 0.8546632124352331 0.027955736750145604 0.14455958549222797
0 0.6788002329644729 0.5310880829015544 0.025917297612114153 0.11139896373056994