0 0.22473684210526315 0.27970065481758655 0.4494736842105263 0.520112254443405
0 0.6586842105263158 0.205799812909261 0.017105263157894738 0.10243217960710944
0 0.905 0.8170579981290925 0.02194473684210535 0.10358746492048634
0 0.9214631578947369 0.7435126286248831 0.022789473684210384 0.08226379794200192
0 0.6583368421052632 0.8892142188961647 0.030671052631578995 0.1156828811973807
0 0.7564552631578947 0.8805519176800748 0.04268684210526317 0.10100093545369507
0 0.8754 0.8569504209541629 0.02858421052631576 0.09405519176800756
0 0.8001236842105264 0.899153414405987 0.04020263157894748 0.1361085126286249
0 0.7906894736842105 0.8304770813844714 0.026471052631578985 0.09482226379794201
0 0.9741078947368421 0.7992843779232928 0.019950000000000107 0.09753507951356417
0 0.9564657894736842 0.7959494855004677 0.021652631578947302 0.09360149672591202
0 0.8149842105263158 0.8524087932647334 0.020081578947368527 0.05346117867165584
0 0.8320184210526316 0.823044901777362 0.021794736842105186 0.09152946679139386