0 0.5410175267770204 0.5212524334847501 0.031888997078870496 0.07689811810512655
0 0.6060126582278481 0.5300129785853342 0.032862706913339826 0.05937702790395847
0 0.5951801363193768 0.5188189487345879 0.02629016553067186 0.08176508760545101
0 0.7642405063291139 0.3312783906554186 0.027020447906523856 0.06846203763789747
0 0.7052093476144109 0.3312783906554186 0.027020447906523856 0.07624918883841661
0 0.6734420642648491 0.3281959766385464 0.01777020447906524 0.06489292667099286
0 0.61404576436222 0.27141466580142765 0.022395326192794548 0.056132381570408826
0 0.9537487828627069 0.34441920830629463 0.027994157740993186 0.06975989617131732
0 0.7969814995131451 0.29510058403634004 0.015822784810126583 0.038611291369240755
0 0.3231499513145083 0.7830953926022064 0.09323271665043817 0.42504866969500327
0 0.24233203505355405 0.7793640493186242 0.11331548198636807 0.4391628812459442
0 0.1611489776046738 0.7798507462686567 0.11903602726387537 0.44029850746268656
0 0.058300876338851025 0.7798507462686567 0.11660175267770205 0.44029850746268656
0 0.5048685491723467 0.6640168721609344 0.08836416747809153 0.11096690460739779
0 0.699732229795521 0.6330304996755354 0.04186952288218111 0.11745619727449708
0 0.517161635832522 0.7542180402336145 0.08337390457643622 0.15152498377676835
0 0.45046251217137295 0.7242050616482804 0.06511684518013632 0.1390330953926022
0 0.42465920155793574 0.9511680726800779 0.10978578383641675 0.09766385463984426