0 0.20421903052064633 0.3282747603833866 0.07091561938958707 0.20287539936102236
0 0.11535008976660682 0.3218849840255591 0.04937163375224417 0.21565495207667731
0 0.25987432675044886 0.31789137380191695 0.05834829443447038 0.22364217252396165
0 0.07764811490125673 0.16613418530351437 0.01526032315978456 0.05750798722044728
0 0.118491921005386 0.1509584664536741 0.012567324955116697 0.0463258785942492
0 0.24326750448833034 0.13498402555910544 0.012567324955116697 0.04952076677316294
0 0.2001795332136445 0.1365814696485623 0.01615798922800718 0.04313099041533546
0 0.4254937163375224 0.051118210862619806 0.02333931777378815 0.10223642172523961
0 0.2666068222621185 0.9337060702875399 0.08707360861759425 0.13258785942492013
0 0.1992818671454219 0.6038338658146964 0.10771992818671454 0.09824281150159744
0 0.34470377019748655 0.8035143769968051 0.008976660682226212 0.06389776357827476
0 0.34470377019748655 0.7803514376996805 0.008976660682226212 0.023961661341853034
0 0.3276481149012567 0.7827476038338658 0.02378815080789946 0.029552715654952075
0 0.3276481149012567 0.8011182108626198 0.02333931777378815 0.038338658146964855
0 0.3087971274685817 0.7819488817891374 0.012118491921005385 0.036741214057507986
0 0.2971274685816876 0.797923322683706 0.02423698384201077 0.03354632587859425
0 0.2836624775583483 0.7819488817891374 0.017953321364452424 0.02875399361022364
0 0.26077199281867147 0.8146964856230032 0.0381508078994614 0.0902555910543131
0 0.22845601436265708 0.7795527156549521 0.019299820466786355 0.03514376996805112
0 0.22935368043087973 0.8154952076677316 0.01481149012567325 0.08067092651757188
0 0.21723518850987433 0.8354632587859425 0.026929982046678635 0.1253993610223642
0 0.1988330341113106 0.8130990415335463 0.02064631956912029 0.06389776357827476
0 0.1701077199281867 0.8306709265175719 0.05475763016157989 0.12060702875399361
0 0.15035906642728905 0.8099041533546326 0.02289048473967684 0.06789137380191693
0 0.131508078994614 0.7803514376996805 0.01436265709156194 0.0231629392971246
0 0.12612208258527827 0.8035143769968051 0.0296229802513465 0.05351437699680511
0 0.09605026929982047 0.8083067092651757 0.02289048473967684 0.07747603833865814
0 0.07271095152603231 0.8091054313099042 0.02199281867145422 0.06789137380191693
0 0.05296229802513465 0.7731629392971247 0.018402154398563735 0.0231629392971246
0 0.06732495511669659 0.7715654952076677 0.010323159784560144 0.019968051118210862
0 0.05206463195691203 0.7971246006389776 0.017953321364452424 0.04552715654952077
0 0.035457809694793535 0.7723642172523961 0.010771992818671455 0.016773162939297124
0 0.03052064631956912 0.8059105431309904 0.025583482944344704 0.07348242811501597
0 0.008976660682226212 0.8099041533546326 0.017953321364452424 0.054313099041533544
0 0.1687612208258528 0.9712460063897763 0.28186714542190305 0.05750798722044728