0 0.9396453089244852 0.4231160896130346 0.06121281464530892 0.09266802443991853
0 0.504862700228833 0.3345213849287169 0.03032036613272311 0.22708757637474541
0 0.5214530892448512 0.21639511201629327 0.05148741418764302 0.23930753564154786
0 0.8395308924485125 0.05702647657841141 0.04748283752860412 0.11405295315682282
0 0.8953089244851259 0.0840122199592668 0.05034324942791762 0.1680244399185336
0 0.8858695652173914 0.37219959266802444 0.04290617848970252 0.1945010183299389
0 0.7356979405034325 0.04429735234215886 0.04576659038901602 0.08859470468431772
0 0.7803203661327232 0.04175152749490835 0.04004576659038902 0.0835030549898167
0 0.6423054919908466 0.21639511201629327 0.05577803203661327 0.269857433808554
0 0.7202517162471396 0.20366598778004075 0.06292906178489703 0.22912423625254583
0 0.8167906178489702 0.26221995926680247 0.06149885583524028 0.23421588594704684
0 0.24742562929061784 0.524949083503055 0.05434782608695652 0.1109979633401222
0 0.1955091533180778 0.5969959266802444 0.04719679633867277 0.2469450101832994
0 0.19250572082379863 0.5005091649694501 0.04748283752860412 0.062118126272912425
0 0.2512871853546911 0.6695519348268839 0.05005720823798627 0.20875763747454176
0 0.24170480549199086 0.9404276985743381 0.04290617848970252 0.11914460285132383
0 0.4642448512585812 0.5020366598778004 0.036041189931350116 0.06517311608961303
0 0.09181922196796338 0.6020875763747454 0.04576659038901602 0.18584521384928718
0 0.13615560640732266 0.5880855397148677 0.04004576659038902 0.20366598778004075
0 0.012871853546910755 0.8223014256619144 0.02574370709382151 0.269857433808554
0 0.4774027459954233 0.5478615071283096 0.02459954233409611 0.15682281059063136
0 0.3718535469107552 0.5106924643584522 0.034324942791762014 0.0824847250509165
0 0.41361556064073224 0.4994908350305499 0.04576659038901602 0.06008146639511202
0 0.4193363844393593 0.5804480651731161 0.04576659038901602 0.1680244399185336
0 0.40145881006864986 0.7153767820773931 0.05577803203661327 0.17311608961303462
0 0.38501144164759726 0.8706720977596741 0.04862700228832952 0.23421588594704684
0 0.02946224256292906 0.5071283095723014 0.03832951945080092 0.07535641547861507
0 0.06464530892448513 0.7841140529531568 0.05148741418764302 0.22912423625254583
0 0.1754862700228833 0.829938900203666 0.05005720823798627 0.22912423625254583
0 0.5443363844393593 0.5789205702647657 0.03032036613272311 0.15580448065173116
0 0.5374713958810069 0.5122199592668024 0.041475972540045765 0.07942973523421588
0 0.6004004576659039 0.5381873727087576 0.039473684210526314 0.09979633401221996
0 0.6252860411899314 0.5575356415478615 0.02145308924485126 0.07637474541751528