0 0.31654676258992803 0.8864541832669323 0.019784172661870502 0.037848605577689244
0 0.30935251798561153 0.8406374501992032 0.023381294964028777 0.055776892430278883
0 0.49550359712230213 0.9213147410358565 0.023381294964028777 0.0398406374501992
0 0.5593525179856115 0.9631474103585658 0.017985611510791366 0.025896414342629483
0 0.5377697841726619 0.799800796812749 0.01618705035971223 0.053784860557768925
0 0.5494604316546763 0.7878486055776892 0.017985611510791366 0.045816733067729085
0 0.512589928057554 0.8316733067729084 0.019784172661870502 0.025896414342629483
0 0.49640287769784175 0.8296812749003984 0.014388489208633094 0.043824701195219126
0 0.4550359712230216 0.9103585657370518 0.02158273381294964 0.053784860557768925
0 0.37949640287769787 0.9223107569721115 0.04136690647482014 0.045816733067729085
0 0.2652877697841727 0.7659362549800797 0.012589928057553957 0.05179282868525897
0 0.1960431654676259 0.7778884462151394 0.014388489208633094 0.055776892430278883
0 0.1357913669064748 0.7310756972111554 0.01079136690647482 0.053784860557768925
0 0.1223021582733813 0.75199203187251 0.012589928057553957 0.04780876494023904
0 0.4460431654676259 0.8406374501992032 0.02877697841726619 0.055776892430278883
0 0.47302158273381295 0.8326693227091634 0.017985611510791366 0.04780876494023904
0 0.48111510791366907 0.8615537848605578 0.025179856115107913 0.029880478087649404
0 0.24550359712230216 0.6703187250996016 0.01079136690647482 0.027888446215139442
0 0.23381294964028776 0.6563745019920318 0.014388489208633094 0.03187250996015936
0 0.19874100719424462 0.6543824701195219 0.007194244604316547 0.03386454183266932
0 0.18075539568345322 0.6613545816733067 0.008992805755395683 0.029880478087649404
0 0.16906474820143885 0.648406374501992 0.007194244604316547 0.03187250996015936
0 0.1528776978417266 0.650398406374502 0.014388489208633094 0.03187250996015936
0 0.2805755395683453 0.6693227091633466 0.01618705035971223 0.03187250996015936
0 0.2814748201438849 0.7051792828685259 0.01618705035971223 0.025896414342629483
0 0.5215827338129496 0.6772908366533864 0.01079136690647482 0.035856573705179286
0 0.5026978417266187 0.6613545816733067 0.014388489208633094 0.037848605577689244
0 0.5053956834532374 0.701195219123506 0.012589928057553957 0.045816733067729085
0 0.48830935251798563 0.7081673306772909 0.01079136690647482 0.04780876494023904
0 0.4433453237410072 0.6962151394422311 0.008992805755395683 0.037848605577689244
0 0.4523381294964029 0.6972111553784861 0.01079136690647482 0.03386454183266932
0 0.4748201438848921 0.7091633466135459 0.012589928057553957 0.04780876494023904
0 0.4766187050359712 0.6673306772908366 0.014388489208633094 0.03187250996015936
0 0.420863309352518 0.6822709163346613 0.008992805755395683 0.037848605577689244
0 0.4064748201438849 0.6792828685258964 0.01618705035971223 0.0398406374501992
0 0.39388489208633093 0.6733067729083665 0.012589928057553957 0.0398406374501992
0 0.375 0.6683266932270916 0.012589928057553957 0.045816733067729085
0 0.36241007194244607 0.6693227091633466 0.019784172661870502 0.037848605577689244
0 0.34172661870503596 0.6743027888446215 0.008992805755395683 0.03187250996015936
0 0.3237410071942446 0.6653386454183267 0.01079136690647482 0.03386454183266932
0 0.18705035971223022 0.5358565737051793 0.012589928057553957 0.03187250996015936
0 0.5116906474820144 0.5338645418326693 0.01618705035971223 0.021912350597609563
0 0.2589928057553957 0.7081673306772909 0.01618705035971223 0.029880478087649404
0 0.454136690647482 0.6653386454183267 0.012589928057553957 0.037848605577689244
0 0.5620503597122302 0.6772908366533864 0.012589928057553957 0.04780876494023904
0 0.3435251798561151 0.5258964143426295 0.01079136690647482 0.03386454183266932
0 0.2446043165467626 0.5258964143426295 0.008992805755395683 0.027888446215139442
0 0.25359712230215825 0.5229083665338645 0.01079136690647482 0.027888446215139442
0 0.10161870503597123 0.7808764940239044 0.012589928057553957 0.05179282868525897
0 0.03597122302158273 0.8406374501992032 0.01618705035971223 0.053784860557768925
0 0.017985611510791366 0.8426294820717132 0.02158273381294964 0.055776892430278883
0 0.06384892086330936 0.7290836653386454 0.017985611510791366 0.0398406374501992
0 0.053057553956834536 0.7420318725099602 0.019784172661870502 0.035856573705179286
0 0.09262589928057553 0.7410358565737052 0.01618705035971223 0.043824701195219126
0 0.11241007194244604 0.7460159362549801 0.019784172661870502 0.04780876494023904
0 0.07284172661870504 0.6762948207171314 0.012589928057553957 0.043824701195219126
0 0.007194244604316547 0.5836653386454184 0.008992805755395683 0.0398406374501992
0 0.044064748201438846 0.5687250996015937 0.012589928057553957 0.03386454183266932
0 0.039568345323741004 0.7280876494023905 0.008992805755395683 0.0398406374501992
0 0.7329856115107914 0.6383764940239044 0.18510791366906468 0.26480079681274904