0 0.15851063829787235 0.5319148936170213 0.19361702127659575 0.3148936170212766
0 0.3946808510638298 0.5191489361702127 0.21063829787234042 0.3404255319148936
0 0.6670212765957447 0.2542553191489362 0.22340425531914893 0.49148936170212765
0 0.8563829787234043 0.4968085106382979 0.2872340425531915 0.3851063829787234
0 0.3840425531914894 0.9159574468085107 0.23191489361702128 0.16808510638297872
0 0.7019574468085107 0.8231914893617021 0.013765957446808507 0.028148936170212743
0 0.789191489361702 0.8638723404255318 0.023170212765957418 0.03804255319148935
0 0.8162765957446808 0.8573191489361702 0.019425531914893608 0.0402553191489362
0 0.675531914893617 0.9712765957446808 0.027659574468085105 0.0574468085106383
0 0.5202127659574468 0.9904255319148936 0.036170212765957444 0.019148936170212766
0 0.55 0.9776595744680852 0.023404255319148935 0.04468085106382979
0 0.561 0.9571702127659575 0.017808510638297883 0.02036170212765956
0 0.8202127659574469 0.9744680851063829 0.023404255319148935 0.05106382978723404
0 0.8430000000000001 0.9509574468085106 0.021829787234042535 0.043680851063829726
0 0.8766170212765957 0.9431276595744681 0.015872340425531872 0.034829787234042564
0 0.8905744680851063 0.9624468085106384 0.01748936170212772 0.04112765957446805
0 0.9617021276595744 0.9776595744680852 0.02127659574468085 0.04468085106382979
0 0.9904255319148936 0.9776595744680852 0.014893617021276596 0.04468085106382979
0 0.9442127659574467 0.9369999999999999 0.0182765957446808 0.04300000000000002
0 0.9807234042553191 0.9297446808510639 0.02153191489361703 0.03704255319148935
0 0.9234255319148936 0.8913617021276595 0.013510638297872388 0.02255319148936169
0 0.8993404255319148 0.896127659574468 0.015382978723404293 0.02255319148936169
0 0.8767872340425532 0.8729787234042553 0.012808510638297833 0.023914893617021295
0 0.8572978723404255 0.8460851063829786 0.016382978723404232 0.02459574468085107
0 0.8415531914893617 0.8232765957446808 0.013829787234042552 0.019808510638297878
0 0.8175531914893617 0.8091489361702128 0.01687234042553193 0.022191489361702142
0 0.8364468085106382 0.8000425531914893 0.010404255319148906 0.02270212765957447
0 0.8470000000000001 0.8008085106382978 0.009340425531914864 0.01572340425531915
0 0.9002765957446809 0.8741702127659575 0.012148936170212723 0.02834042553191488
0 0.9127021276595745 0.870936170212766 0.014085106382978734 0.01302127659574469
0 0.7854468085106382 0.7544893617021277 0.00887234042553195 0.01161702127659573
0 0.7984680851063829 0.755936170212766 0.005978723404255324 0.012808510638297865
0 0.5339148936170213 0.8523829787234043 0.014744680851063828 0.020170212765957426
0 0.5217446808510638 0.8497446808510638 0.009127659574468084 0.013191489361702103