0 0.370253164556962 0.286340038935756 0.1336416747809153 0.19208306294613886
0 0.24695715676728336 0.2793640493186243 0.1522638753651412 0.18510707332900714
0 0.16626095423563778 0.3999026606099935 0.15019474196689386 0.20603504218040233
0 0.15847127555988316 0.331765087605451 0.07254138266796495 0.12232316677482155
0 0.25949367088607594 0.7029526281635302 0.15640214216163584 0.2462686567164179
0 0.732838364167478 0.9143413367942894 0.023369036027263874 0.10350421804023362
0 0.939143135345667 0.9042829331602855 0.022395326192794548 0.1236210253082414
0 0.9611733203505355 0.9062297209604153 0.028967867575462512 0.12232316677482155
0 0.7759250243427459 0.754055807916937 0.019717624148003893 0.08987670343932512
0 0.6195228821811101 0.6859182349123946 0.03091528724440117 0.02628163530175211
0 0.5620740019474196 0.6972744970798183 0.04113924050632911 0.07105775470473719