0 0.08179347826086956 0.4071566731141199 0.16331521739130433 0.425531914893617
0 0.688858695652174 0.4671179883945841 0.13070652173913044 0.23404255319148937
0 0.27010869565217394 0.8099613152804642 0.11440217391304348 0.38007736943907156
0 0.16005434782608696 0.8099613152804642 0.10081521739130435 0.38007736943907156
0 0.07309782608695652 0.8099613152804642 0.11277173913043478 0.38007736943907156
0 0.012228260869565218 0.824468085106383 0.024456521739130436 0.35106382978723405
0 0.16521739130434782 0.8099613152804642 0.21304347826086956 0.38007736943907156
0 0.7043478260869566 0.960348162475822 0.058695652173913045 0.07930367504835589
0 0.7994565217391304 0.6455512572533849 0.04456521739130435 0.05125725338491296
0 0.45570652173913045 0.6407156673114119 0.04184782608695652 0.041586073500967116
0 0.7464673913043478 0.6711798839458414 0.04728260869565217 0.10251450676982592
0 0.7551630434782609 0.9119922630560928 0.04076086956521739 0.1760154738878143
0 0.80625 0.9298839458413927 0.058152173913043476 0.1402321083172147
0 0.8252717391304348 0.8829787234042553 0.05271739130434783 0.23404255319148937
0 0.9069293478260869 0.8239845261121856 0.05570652173913043 0.22727272727272727
0 0.9652173913043478 0.7011605415860735 0.05326086956521739 0.16247582205029013
0 0.6029891304347826 0.6397485493230174 0.04076086956521739 0.039651837524177946
0 0.5970108695652174 0.7292069632495164 0.04728260869565217 0.218568665377176