0 0.14216216216216215 0.22163461538461537 0.0927027027027027 0.06490384615384616
0 0.2664864864864865 0.2980769230769231 0.061621621621621624 0.11826923076923077
0 0.8237837837837838 0.03990384615384615 0.043243243243243246 0.0798076923076923
0 0.8221621621621622 0.011057692307692308 0.04216216216216216 0.022115384615384617
0 0.7639189189189189 0.47692307692307695 0.05 0.22115384615384615
0 0.7367567567567568 0.5370192307692307 0.055135135135135134 0.12596153846153846
0 0.722972972972973 0.008653846153846154 0.02972972972972973 0.01730769230769231
0 0.7191891891891892 0.06394230769230769 0.036216216216216214 0.12788461538461537
0 0.5381081081081082 0.4826923076923077 0.036216216216216214 0.2326923076923077
0 0.524054054054054 0.45625 0.008108108108108109 0.24326923076923077
0 0.6004054054054054 0.2954326923076923 0.041891891891891894 0.19951923076923078
0 0.567972972972973 0.28942307692307695 0.03918918918918919 0.1875
0 0.57 0.2076923076923077 0.02972972972972973 0.10576923076923077
0 0.5402702702702703 0.23173076923076924 0.032432432432432434 0.1875
0 0.6004054054054054 0.15360576923076924 0.0445945945945946 0.16105769230769232
0 0.6056756756756757 0.06875 0.036216216216216214 0.1375
0 0.9829729729729729 0.13413461538461538 0.03405405405405405 0.15673076923076923
0 0.8963513513513514 0.25216346153846153 0.0472972972972973 0.19951923076923078
0 0.9233783783783783 0.15240384615384617 0.0472972972972973 0.20673076923076922
0 0.6416216216216216 0.04471153846153846 0.032432432432432434 0.08942307692307692
0 0.09108108108108108 0.739423076923077 0.11486486486486487 0.21057692307692308
0 0.3245945945945946 0.7379807692307693 0.1316216216216216 0.2
0 0.4664864864864865 0.83125 0.10702702702702703 0.3269230769230769
0 0.43 0.7514423076923077 0.08108108108108109 0.19326923076923078
0 0.6572972972972972 0.8 0.27297297297297296 0.4