0 0.19453551912568307 0.04563106796116505 0.12459016393442623 0.0912621359223301
0 0.024043715846994537 0.0912621359223301 0.048087431693989074 0.1825242718446602
0 0.7016393442622951 0.14029126213592233 0.11448087431693989 0.2446601941747573
0 0.5934426229508196 0.14223300970873787 0.1453551912568306 0.2407766990291262
0 0.4628415300546448 0.1563106796116505 0.02622950819672131 0.07135922330097087
0 0.14781420765027323 0.5475728155339806 0.05191256830601093 0.09514563106796116
0 0.12595628415300547 0.916504854368932 0.05191256830601093 0.1669902912621359
0 0.31612021857923495 0.7237864077669903 0.06557377049180328 0.2087378640776699
0 0.130327868852459 0.6788834951456311 0.040983606557377046 0.20145631067961164
0 0.09808743169398908 0.6140776699029126 0.0453551912568306 0.22815533980582525
0 0.0953551912568306 0.5242718446601942 0.0453551912568306 0.04854368932038835
0 0.009836065573770493 0.5839805825242719 0.019672131147540985 0.1679611650485437
0 0.037978142076502734 0.5825242718446602 0.03989071038251366 0.1650485436893204
0 0.30300546448087434 0.587378640776699 0.03442622950819672 0.17475728155339806
0 0.3221311475409836 0.5533980582524272 0.03989071038251366 0.10679611650485436
0 0.34863387978142074 0.5475728155339806 0.03278688524590164 0.09514563106796116
0 0.37076502732240435 0.5257281553398059 0.030054644808743168 0.05145631067961165
0 0.056557377049180325 0.933495145631068 0.05737704918032787 0.13300970873786408
0 0.011202185792349727 0.9077669902912622 0.022404371584699455 0.18446601941747573
0 0.4382513661202186 0.6616504854368932 0.022950819672131147 0.20097087378640777
0 0.5289617486338798 0.7553398058252427 0.15300546448087432 0.4815533980582524