0 0.19221967963386727 0.31924643584521384 0.1244279176201373 0.5941955193482689
0 0.4645308924485126 0.3375763747454175 0.10955377574370709 0.5829938900203666
0 0.9213386727688787 0.45519348268839105 0.15732265446224256 0.34826883910386963
0 0.7831807780320366 0.4485743380855397 0.15102974828375287 0.3615071283095723
0 0.6544622425629291 0.46334012219959264 0.13501144164759726 0.3319755600814664
0 0.5600686498855835 0.4465376782077393 0.12700228832951946 0.3655804480651731
0 0.7133867276887872 0.2545824847250509 0.10640732265446225 0.3329938900203666
0 0.8163615560640732 0.23727087576374745 0.11556064073226545 0.3818737270875764
0 0.9239130434782609 0.2530549898167006 0.11956521739130435 0.3329938900203666
0 0.6267162471395881 0.24490835030549898 0.09525171624713959 0.31873727087576376
0 0.5420480549199085 0.21384928716904278 0.09639588100686498 0.29633401221995925
0 0.21882151029748284 0.9363543788187373 0.06121281464530892 0.12729124236252545
0 0.14816933638443935 0.84979633401222 0.05434782608695652 0.25967413441955195
0 0.02631578947368421 0.9541751527494908 0.05263157894736842 0.09164969450101833
0 0.013157894736842105 0.8778004073319755 0.02631578947368421 0.24439918533604887
0 0.07951945080091533 0.9119144602851323 0.057208237986270026 0.17617107942973523
0 0.6779176201372997 0.6965376782077393 0.05835240274599542 0.13441955193482688
0 0.7136727688787186 0.6838085539714868 0.044050343249427915 0.10896130346232179
0 0.7256864988558352 0.9327902240325866 0.05434782608695652 0.13441955193482688
0 0.9367848970251716 0.6787169042769857 0.04977116704805492 0.09877800407331976
0 0.5320366132723112 0.6761710794297352 0.05034324942791762 0.09368635437881874