0 0.5071942446043165 0.3527027027027027 0.36510791366906475 0.6114864864864865
0 0.7733812949640287 0.3398648648648649 0.1672661870503597 0.6797297297297298
0 0.2976618705035971 0.9054054054054054 0.06429856115107914 0.10608108108108108
0 0.35881294964028776 0.9101351351351351 0.05260791366906475 0.10608108108108108
0 0.42401079136690645 0.9087837837837838 0.05485611510791367 0.10405405405405406
0 0.7419064748201439 0.7601351351351351 0.06654676258992806 0.1554054054054054
0 0.9019784172661871 0.8445945945945946 0.07913669064748201 0.3108108108108108
0 0.7936151079136691 0.8472972972972973 0.07464028776978417 0.3054054054054054
0 0.8475719424460432 0.8608108108108108 0.11780575539568346 0.27837837837837837
0 0.7329136690647482 0.8743243243243243 0.08633093525179857 0.25135135135135134
0 0.9658273381294964 0.8405405405405405 0.0683453237410072 0.31891891891891894