0 0.6170364050056882 0.40865384615384615 0.05546075085324232 0.2353238866396761
0 0.7151592718998863 0.2783400809716599 0.05546075085324232 0.25303643724696356
0 0.8364618885096701 0.4924089068825911 0.06541524459613197 0.09412955465587045
0 0.8623435722411832 0.4402834008097166 0.07394766780432309 0.19838056680161945
0 0.9573378839590444 0.45546558704453444 0.07394766780432309 0.1680161943319838
0 0.5284414106939704 0.5824898785425101 0.022753128555176336 0.0860323886639676
0 0.31897042093287825 0.847419028340081 0.058304891922639365 0.21002024291497975
0 0.28341865756541523 0.819585020242915 0.044084186575654154 0.21508097165991902
0 0.2883959044368601 0.6614372469635628 0.0540386803185438 0.1720647773279352
0 0.2322241183162685 0.736082995951417 0.03839590443686007 0.10880566801619433
0 0.43543799772468716 0.6356275303643725 0.055176336746302616 0.19230769230769232
0 0.4412684869169511 0.8284412955465587 0.0611490329920364 0.2125506072874494
0 0.06157565415244596 0.8145242914979757 0.04977246871444824 0.2049595141700405
0 0.13054607508532423 0.6551113360323887 0.042662116040955635 0.17965587044534412
0 0.08503981797497157 0.6993927125506073 0.03981797497155859 0.18724696356275303
0 0.09712741751990898 0.6513157894736842 0.029863481228668942 0.16700404858299595
0 0.02033560864618885 0.7006578947368421 0.03839590443686007 0.1847165991902834
0 0.0034129692832764505 0.6685222672064778 0.006825938566552901 0.18724696356275303
0 0.020762229806598406 0.6103238866396761 0.036973833902161544 0.1417004048582996
0 0.06797497155858931 0.6234817813765182 0.036973833902161544 0.16700404858299595
0 0.11405005688282138 0.5647773279352226 0.04152445961319681 0.05060728744939271
0 0.04778156996587031 0.5536437246963563 0.04550625711035267 0.02834008097165992
0 0.36803185437997726 0.6829453441295547 0.04550625711035267 0.16447368421052633
0 0.33176905574516496 0.6740890688259109 0.04124004550625711 0.18218623481781376
0 0.985494880546075 0.7145748987854251 0.02901023890784983 0.23279352226720648
0 0.5821956769055745 0.9418016194331984 0.055176336746302616 0.11639676113360324
0 0.7130261660978384 0.5814777327935222 0.05858930602957907 0.0840080971659919
0 0.6774744027303754 0.5688259109311741 0.04436860068259386 0.058704453441295545
0 0.8353242320819113 0.5723684210526315 0.0608646188850967 0.06578947368421052
0 0.8233788395904437 0.9433198380566802 0.07679180887372014 0.11336032388663968
0 0.6655290102389079 0.8499493927125507 0.0540386803185438 0.25050607287449395