0 0.08134257047300525 0.26496815286624203 0.16256569517439082 0.5299363057324841
0 0.14823220258002867 0.26496815286624203 0.08337314859053989 0.5299363057324841
0 0.23471094123268035 0.2562101910828026 0.0895843287147635 0.23869426751592357
0 0.31270903010033446 0.29124203821656053 0.24558050645007168 0.2982484076433121
0 0.725752508361204 0.27022292993630576 0.21512183468705207 0.4036624203821656
0 0.8736263736263736 0.30971337579617836 0.1773769708552317 0.3807324840764331
0 0.546583850931677 0.30445859872611464 0.5483755375059723 0.45095541401273886
0 0.16387959866220736 0.7611464968152867 0.05207835642618251 0.43901273885350317
0 0.6338987099856666 0.5764331210191083 0.031294792164357384 0.0929936305732484
0 0.5701146679407549 0.5912420382165605 0.032250358337314856 0.12006369426751592
0 0.5805064500716675 0.5807324840764331 0.025800286669851888 0.1015923566878981