0 0.10887096774193548 0.20698924731182797 0.20967741935483872 0.2849462365591398
0 0.007056451612903226 0.11155913978494623 0.014112903225806451 0.11021505376344086
0 0.719758064516129 0.17473118279569894 0.5604838709677419 0.34946236559139787
0 0.04536290322580645 0.7594086021505376 0.0907258064516129 0.31451612903225806
0 0.17842741935483872 0.793010752688172 0.12701612903225806 0.41397849462365593
0 0.4173387096774194 0.7580645161290323 0.04435483870967742 0.3870967741935484
0 0.719758064516129 0.7405913978494624 0.5604838709677419 0.5188172043010753
0 0.9445564516129032 0.7849462365591398 0.11088709677419355 0.43010752688172044
0 0.9445564516129032 0.5564516129032258 0.11088709677419355 0.34408602150537637
0 0.8266129032258065 0.6088709677419355 0.04838709677419355 0.1532258064516129
0 0.8941532258064516 0.6330645161290323 0.06653225806451613 0.1478494623655914