0 0.22375 0.2678041543026706 0.2525 0.2626112759643917
0 0.23875 0.3056379821958457 0.09916666666666667 0.18694362017804153
0 0.9745833333333334 0.3724035608308605 0.030833333333333334 0.05341246290801187
0 0.8795833333333334 0.3701780415430267 0.0125 0.057863501483679525
0 0.25583333333333336 0.5304154302670623 0.05 0.1142433234421365
0 0.16583333333333333 0.5459940652818991 0.04666666666666667 0.1661721068249258
0 0.13875 0.5816023738872403 0.05583333333333333 0.1632047477744807
0 0.21583333333333332 0.5830860534124629 0.04666666666666667 0.1632047477744807
0 0.3325 0.5853115727002968 0.035 0.14985163204747776
0 0.28833333333333333 0.620919881305638 0.045 0.16468842729970326
0 0.32125 0.7091988130563798 0.0575 0.24925816023738873
0 0.25416666666666665 0.7344213649851632 0.08333333333333333 0.37388724035608306
0 0.03916666666666667 0.7366468842729971 0.07833333333333334 0.526706231454006
0 0.10041666666666667 0.766320474777448 0.10416666666666667 0.46735905044510384
0 0.17791666666666667 0.771513353115727 0.07583333333333334 0.456973293768546
0 0.22625 0.836053412462908 0.0975 0.327893175074184
0 0.3125 0.8583086053412463 0.075 0.28338278931750743