0 0.8845505617977528 0.50375 0.05337078651685393 0.2225
0 0.8564606741573034 0.3875 0.05056179775280899 0.235
0 0.5095505617977528 0.0825 0.019101123595505618 0.135
0 0.5439606741573034 0.16625 0.046348314606741575 0.2425
0 0.5466292134831461 0.051 0.046067415730337076 0.102
0 0.9540730337078651 0.0875 0.046348314606741575 0.16
0 0.5067415730337078 0.2375 0.01348314606741573 0.205
0 0.5095505617977528 0.5325 0.019101123595505618 0.175
0 0.5508426966292135 0.551 0.060112359550561795 0.138
0 0.5705056179775281 0.5025 0.05449438202247191 0.235
0 0.6549157303370786 0.445 0.05758426966292135 0.235
0 0.7153089887640449 0.2825 0.054775280898876406 0.24
0 0.8275280898876405 0.075 0.046067415730337076 0.15
0 0.6457865168539326 0.17125 0.0449438202247191 0.1825
0 0.6022471910112359 0.1575 0.03932584269662921 0.2
0 0.6898876404494382 0.0235 0.046067415730337076 0.047
0 0.653370786516854 0.0175 0.043820224719101124 0.035
0 0.6224719101123596 0.025 0.04044943820224719 0.05
0 0.7963483146067416 0.81 0.40730337078651685 0.38