0 0.5740008783487044 0.29598711189220855 0.05412823891084761 0.05492091388400703
0 0.6135265700483091 0.29847685998828355 0.03282828282828283 0.051259519625073226
0 0.785024154589372 0.1971294669009959 0.22178304787000439 0.3255711775043937
0 0.3549626701800615 0.8570591681312244 0.03667105841018885 0.11804335090802577
0 0.415788317962231 0.8604276508494435 0.035024154589371984 0.12024018746338606
0 0.4424681598594642 0.8661394258933802 0.03162055335968379 0.14074399531341536
0 0.5150417215634607 0.8706795547744581 0.05665349143610013 0.17252489748096075
0 0.5508344312692138 0.8728763913298184 0.055006587615283264 0.1634446397188049
0 0.5991436100131752 0.8683362624487405 0.04161176987263944 0.1543643819566491
0 0.786084760649978 0.40939367311072056 0.022938076416337293 0.0849443468072642
0 0.8007246376811594 0.39381956649091976 0.023495827843653932 0.06766256590509666