0 0.696590909090909 0.37357954545454547 0.22954545454545455 0.15056818181818182
0 0.6204545454545455 0.22443181818181818 0.12272727272727273 0.44886363636363635
0 0.7329545454545454 0.22443181818181818 0.3477272727272727 0.44886363636363635
0 0.9897727272727272 0.16477272727272727 0.020454545454545454 0.30113636363636365
0 0.9568181818181818 0.171875 0.05 0.2869318181818182
0 0.9181818181818182 0.17755681818181818 0.045454545454545456 0.26420454545454547
0 0.4250227272727273 0.7118892045454546 0.08631818181818186 0.1510511363636364
0 0.05956818181818177 0.7164914772727272 0.085409090909091 0.21139204545454537
0 0.6954545454545454 0.7244318181818182 0.2727272727272727 0.5511363636363636
0 0.9238636363636363 0.671875 0.025 0.15625
0 0.8977272727272727 0.6775568181818182 0.031818181818181815 0.15056818181818182
0 0.9806818181818182 0.6832386363636364 0.038636363636363635 0.13352272727272727