0 0.6722027972027972 0.5601659751037344 0.05536130536130536 0.058091286307053944
0 0.701048951048951 0.49688796680497926 0.05244755244755245 0.18464730290456433
0 0.7645687645687645 0.058091286307053944 0.053613053613053616 0.11618257261410789
0 0.7634032634032634 0.016597510373443983 0.05710955710955711 0.03319502074688797
0 0.9198717948717948 0.3021265560165975 0.046620046620046623 0.18931535269709543
0 0.965034965034965 0.28786307053941906 0.04079254079254079 0.2074688796680498
0 0.9090909090909091 0.01037344398340249 0.039627039627039624 0.02074688796680498
0 0.9117132867132867 0.0803941908713693 0.04487179487179487 0.1607883817427386
0 0.9437645687645687 0.08817427385892117 0.042540792540792544 0.17634854771784234
0 0.6031468531468531 0.03475103734439834 0.0337995337995338 0.06950207468879668
0 0.9883449883449883 0.07105809128630705 0.023310023310023312 0.1421161825726141
0 0.6518065268065268 0.1387448132780083 0.049533799533799536 0.19450207468879668
0 0.5375874125874126 0.3433609958506224 0.035547785547785545 0.1887966804979253
0 0.856497668997669 0.1517116182572614 0.039335664335664336 0.1841286307053942
0 0.8476107226107226 0.058091286307053944 0.03904428904428905 0.11618257261410789
0 0.8921911421911422 0.47977178423236516 0.05244755244755245 0.21887966804979253
0 0.9898018648018648 0.5031120331950207 0.020396270396270396 0.17219917012448133
0 0.8015734265734266 0.5342323651452282 0.06118881118881119 0.10995850622406639
0 0.5326340326340326 0.03630705394190872 0.02564102564102564 0.07261410788381743
0 0.5259324009324009 0.07365145228215768 0.012237762237762238 0.14730290456431536
0 0.7389277389277389 0.8278008298755186 0.3505244755244755 0.3184647302904564