0 0.3968253968253968 0.21601208459214502 0.36281179138321995 0.4259818731117825
0 0.14625850340136054 0.22507552870090636 0.2925170068027211 0.4078549848942598
0 0.06575963718820861 0.16540785498489427 0.07369614512471655 0.11329305135951662
0 0.020975056689342405 0.17447129909365558 0.04195011337868481 0.10120845921450151
0 0.2789115646258503 0.1510574018126888 0.013038548752834467 0.028700906344410877
0 0.2409297052154195 0.1472809667673716 0.01870748299319728 0.0324773413897281
0 0.11564625850340136 0.14652567975830816 0.026077097505668934 0.045317220543806644
0 0.7732426303854876 0.0634441087613293 0.04081632653061224 0.1268882175226586
0 0.8883219954648526 0.6246223564954683 0.21428571428571427 0.39123867069486407
0 0.6281179138321995 0.5558912386706949 0.09750566893424037 0.2537764350453172
0 0.7250566893424036 0.595166163141994 0.18253968253968253 0.3323262839879154