0 0.30564784053156147 0.3829787234042553 0.29900332225913623 0.31063829787234043
0 0.11877076411960133 0.3627659574468085 0.1611295681063123 0.35106382978723405
0 0.05813953488372093 0.3478723404255319 0.11627906976744186 0.38085106382978723
0 0.1478405315614618 0.23085106382978723 0.16943521594684385 0.20638297872340425
0 0.22591362126245848 0.22021276595744682 0.09302325581395349 0.19361702127659575
0 0.3546511627906977 0.2404255319148936 0.1611295681063123 0.251063829787234
0 0.5224252491694352 0.3127659574468085 0.0946843853820598 0.2978723404255319
0 0.28488372093023256 0.7734042553191489 0.5697674418604651 0.4531914893617021
0 0.7358803986710963 0.9351063829787234 0.07308970099667775 0.12978723404255318
0 0.8231395348837209 0.9168723404255319 0.10149501661129572 0.13695744680851066
0 0.8496677740863787 0.9659574468085106 0.10465116279069768 0.06808510638297872
0 0.590531561461794 0.8819148936170212 0.04152823920265781 0.23617021276595745
0 0.898687707641196 0.8841276595744681 0.07461794019933549 0.13221276595744677