0 0.9265119549929677 0.2811181434599156 0.02531645569620253 0.17616033755274263
0 0.8952180028129395 0.32964135021097046 0.061533052039381156 0.1877637130801688
0 0.06751054852320675 0.7916666666666666 0.10829817158931083 0.4166666666666667
0 0.569620253164557 0.9098101265822784 0.09142053445850915 0.18037974683544303
0 0.7151898734177216 0.689873417721519 0.04922644163150492 0.2805907172995781
0 0.15436005625879043 0.6619198312236287 0.08227848101265822 0.22468354430379747
0 0.4792545710267229 0.6740506329113924 0.09353023909985936 0.2489451476793249
0 0.28375527426160335 0.9119198312236287 0.1090014064697609 0.17616033755274263
0 0.38150492264416314 0.9166666666666666 0.09212376933895922 0.16666666666666666
0 0.479957805907173 0.9193037974683544 0.07805907172995781 0.16139240506329114
0 0.23593530239099858 0.6566455696202531 0.08227848101265822 0.2141350210970464
0 0.7039381153305204 0.8417721518987342 0.07172995780590717 0.23839662447257384
0 0.6121659634317862 0.6677215189873418 0.09212376933895922 0.23628691983122363
0 0.10232067510548523 0.9261603375527426 0.08649789029535865 0.14767932489451477
0 0.340365682137834 0.6492616033755274 0.08016877637130802 0.19936708860759494
0 0.18670886075949367 0.9282700421940928 0.08368495077355836 0.14345991561181434
0 0.4866385372714487 0.8481012658227848 0.0829817158931083 0.2468354430379747
0 0.16244725738396623 0.8185654008438819 0.09563994374120956 0.24261603375527427
0 0.6346694796061885 0.8792194092827004 0.07946554149085795 0.22046413502109705
0 0.23277074542897327 0.8111814345991561 0.07735583684950774 0.2890295358649789
0 0.5534458509142054 0.8016877637130801 0.10407876230661041 0.24472573839662448
0 0.6666666666666666 0.9330168776371308 0.08016877637130802 0.1339662447257384
0 0.5428973277074542 0.635548523206751 0.057665260196905765 0.1719409282700422
0 0.4033052039381153 0.6677215189873418 0.07383966244725738 0.23628691983122363
0 0.6814345991561181 0.6592827004219409 0.06047819971870605 0.21940928270042195
0 0.3459915611814346 0.8001054852320675 0.06751054852320675 0.2563291139240506
0 0.640295358649789 0.7505274261603375 0.09071729957805907 0.16350210970464135
0 0.400492264416315 0.8248945147679325 0.06680731364275667 0.229957805907173
0 0.280239099859353 0.8428270042194093 0.09915611814345991 0.22573839662447256
0 0.3069620253164557 0.6445147679324894 0.0639943741209564 0.189873417721519