0 0.7283707865168539 0.5445 0.05449438202247191 0.151
0 0.8577247191011236 0.10825 0.05758426966292135 0.2075
0 0.8224719101123595 0.0935 0.043820224719101124 0.187
0 0.7719101123595505 0.026 0.038202247191011236 0.052
0 0.8106741573033708 0.43575 0.05337078651685393 0.2475
0 0.6089887640449438 0.0885 0.038202247191011236 0.177
0 0.6264044943820225 0.027 0.03932584269662921 0.054
0 0.972752808988764 0.036 0.04887640449438202 0.072
0 0.8674157303370786 0.5785 0.07191011235955057 0.083
0 0.9676966292134831 0.5185 0.06460674157303371 0.203
0 0.07078651685393259 0.8925 0.14157303370786517 0.215
0 0.45814606741573033 0.955 0.1196629213483146 0.09
0 0.7634831460674157 0.846 0.048033707865168536 0.116