0 0.25769230769230766 0.31877729257641924 0.1673076923076923 0.43995633187772926
0 0.41346153846153844 0.2903930131004367 0.20897435897435898 0.4978165938864629
0 0.09615384615384616 0.33624454148471616 0.19166666666666668 0.40611353711790393
0 0.1608974358974359 0.9093886462882096 0.03974358974358974 0.1812227074235808
0 0.12115384615384615 0.9017467248908297 0.06025641025641026 0.1965065502183406
0 0.060653846153846086 0.9031222707423581 0.05060256410256414 0.18491266375545864
0 0.29615384615384616 0.9137554585152838 0.046153846153846156 0.17248908296943233
0 0.23012820512820512 0.9104803493449781 0.052564102564102565 0.17903930131004367
0 0.517948717948718 0.9290393013100436 0.038461538461538464 0.14192139737991266
0 0.491025641025641 0.9279475982532751 0.03076923076923077 0.14410480349344978
0 0.9532051282051283 0.7008733624454149 0.09294871794871795 0.31877729257641924
0 0.5980769230769231 0.6353711790393013 0.016025641025641024 0.12336244541484716
0 0.7378205128205129 0.7314410480349345 0.24935897435897436 0.3165938864628821