0 0.030837004405286344 0.31323529411764706 0.06167400881057269 0.2323529411764706
0 0.3568281938325991 0.3264705882352941 0.12334801762114538 0.20588235294117646
0 0.5627753303964758 0.34411764705882353 0.09030837004405286 0.17058823529411765
0 0.07819383259911894 0.31029411764705883 0.03303964757709251 0.17352941176470588
0 0.1013215859030837 0.33676470588235297 0.02643171806167401 0.12058823529411765
0 0.2599118942731278 0.3014705882352941 0.048458149779735685 0.15588235294117647
0 0.486784140969163 0.2897058823529412 0.030837004405286344 0.1323529411764706
0 0.5198237885462555 0.2529411764705882 0.02643171806167401 0.058823529411764705
0 0.5209251101321586 0.31029411764705883 0.037444933920704845 0.11470588235294117
0 0.6310572687224669 0.3191176470588235 0.024229074889867842 0.1264705882352941
0 0.6541850220264317 0.3191176470588235 0.02643171806167401 0.1264705882352941
0 0.8898678414096917 0.24705882352941178 0.19383259911894274 0.36470588235294116
0 0.8744493392070485 0.21470588235294116 0.16740088105726872 0.4294117647058823
0 0.3579295154185022 0.7147058823529412 0.6409691629955947 0.5705882352941176
0 0.2433920704845815 0.9044117647058824 0.3898678414096916 0.19117647058823528
0 0.14537444933920704 0.7514705882352941 0.2907488986784141 0.4970588235294118