0 0.2799145299145299 0.30982905982905984 0.5598290598290598 0.5170940170940171
0 0.023504273504273504 0.23717948717948717 0.04700854700854701 0.038461538461538464
0 0.14636752136752137 0.22542735042735043 0.0405982905982906 0.027777777777777776
0 0.9198717948717948 0.07051282051282051 0.08333333333333333 0.14102564102564102
0 0.16773504273504272 0.7841880341880342 0.33547008547008544 0.43162393162393164
0 0.9529914529914529 0.7457264957264957 0.04700854700854701 0.1282051282051282
0 0.9145299145299145 0.7382478632478633 0.038461538461538464 0.1388888888888889
0 0.9711538461538461 0.7029914529914529 0.049145299145299144 0.2222222222222222
0 0.5769230769230769 0.7596153846153846 0.03418803418803419 0.21153846153846154
0 0.7286324786324786 0.7948717948717948 0.18376068376068377 0.1581196581196581
0 0.7350427350427351 0.7457264957264957 0.11965811965811966 0.1794871794871795
0 0.7852564102564102 0.7061965811965812 0.057692307692307696 0.202991452991453
0 0.8504273504273504 0.6987179487179487 0.07692307692307693 0.2094017094017094
0 0.9102564102564102 0.7061965811965812 0.07692307692307693 0.202991452991453
0 0.6420940170940171 0.7094017094017094 0.0876068376068376 0.23076923076923078
0 0.5897435897435898 0.7019230769230769 0.05982905982905983 0.2329059829059829