0 0.9929658671586716 0.32026445264452646 0.014068265682656827 0.10178351783517835
0 0.8752306273062731 0.19203567035670357 0.021217712177121772 0.08148831488314884
0 0.8459409594095941 0.18972939729397295 0.024907749077490774 0.08148831488314884
0 0.8264529520295203 0.18788437884378845 0.01775830258302583 0.08025830258302583
0 0.9417666051660517 0.06611316113161132 0.015913284132841328 0.04489544895448955
0 0.9288514760147601 0.06257687576875769 0.01683579335793358 0.047355473554735544
0 0.9905442804428044 0.04305043050430504 0.01429889298892989 0.04151291512915129
0 0.9843173431734318 0.032441574415744155 0.01775830258302583 0.046125461254612546
0 0.2717942804428044 0.8886838868388683 0.016374538745387454 0.06150061500615006
0 0.2578413284132841 0.8791512915129152 0.00922509225092251 0.04258917589175892
0 0.027444649446494464 0.9498769987699877 0.031019372693726937 0.10009225092250923
0 0.18473247232472326 0.877460024600246 0.010493542435424354 0.03643911439114391
0 0.16870387453874539 0.866389913899139 0.008533210332103322 0.019065190651906518
0 0.1738929889298893 0.8608548585485855 0.004727859778597786 0.010608856088560886
0 0.6938422509225092 0.8548585485854858 0.38191881918819187 0.2902829028290283
0 0.7431964944649446 0.8900676506765067 0.257380073800738 0.2197109471094711