0 0.2074898785425101 0.3674089068825911 0.4149797570850202 0.6619433198380567
0 0.3501619433198381 0.7873279352226721 0.023542510121457482 0.054230769230769214
0 0.29163967611336034 0.8418623481781377 0.059595141700404856 0.13508097165991906
0 0.17757085020242916 0.8177732793522268 0.058238866396761096 0.1195748987854251
0 0.14246963562753034 0.8192510121457489 0.0231578947368421 0.044048582995951414
0 0.014777327935222694 0.7717004048582996 0.018623481781376496 0.04975708502024291
0 0.05226720647773278 0.7653441295546558 0.012044534412955443 0.025587044534412958
0 0.09700404858299592 0.7579352226720648 0.01888663967611333 0.01917004048582996
0 0.1276518218623482 0.7665384615384616 0.017611336032388642 0.020991902834008105
0 0.1101417004048583 0.7708502024291498 0.015202429149797553 0.026842105263157907
0 0.08382591093117409 0.7596963562753036 0.011963562753036488 0.010101214574898775
0 0.604251012145749 0.8674089068825911 0.2611336032388664 0.23380566801619435