0 0.25825471698113206 0.31843575418994413 0.22248427672955975 0.41899441340782123
0 0.11949685534591195 0.3079608938547486 0.2389937106918239 0.44273743016759776
0 0.18238993710691823 0.8414804469273743 0.279874213836478 0.3170391061452514
0 0.33687106918238996 0.5537709497206704 0.05267295597484277 0.04888268156424581
0 0.5444182389937107 0.8135474860335196 0.125 0.3729050279329609
0 0.6324685534591195 0.7360335195530726 0.10927672955974843 0.2590782122905028
0 0.7303459119496856 0.7339385474860335 0.09669811320754718 0.19832402234636873
0 0.8317610062893082 0.7374301675977654 0.12853773584905662 0.23184357541899442
0 0.6352201257861635 0.8973463687150838 0.24135220125786164 0.2053072625698324
0 0.8726415094339622 0.8931564245810056 0.25471698113207547 0.21368715083798884
0 0.6835691823899371 0.6256983240223464 0.03812893081761006 0.0935754189944134