0 0.39831460674157304 0.32 0.16292134831460675 0.64
0 0.6726629213483145 0.53953 0.018219101123595413 0.10805999999999995
0 0.6943539325842697 0.53064 0.021651685393258405 0.07917000000000007
0 0.8969101123595505 0.5835 0.04325842696629213 0.113
0 0.1404494382022472 0.8525 0.16067415730337078 0.295
0 0.41320224719101123 0.9265 0.0643258426966292 0.1465
0 0.4609550561797753 0.9555 0.03735955056179775 0.089
0 0.23426966292134832 0.849 0.0550561797752809 0.0635
0 0.3707865168539326 0.9495 0.03932584269662921 0.101
0 0.47359550561797753 0.888 0.012359550561797753 0.0325
0 0.9089887640449438 0.8965 0.06882022471910113 0.133
0 0.7544943820224719 0.8885 0.07668539325842696 0.162
0 0.6699438202247191 0.8825 0.05730337078651685 0.136
0 0.5528089887640449 0.8675 0.045786516853932584 0.1145
0 0.5353932584269663 0.8435 0.012640449438202247 0.0205
0 0.9943820224719101 0.85 0.011235955056179775 0.052