0 0.7445737704918033 0.1274927113702624 0.044483606557377035 0.08734693877551022
0 0.9872950819672132 0.2886297376093295 0.02540983606557377 0.3206997084548105
0 0.48442622950819675 0.8928571428571429 0.18401639344262294 0.18440233236151604
0 0.2598360655737705 0.8221574344023324 0.35655737704918034 0.3556851311953353
0 0.07418032786885245 0.6924198250728864 0.13524590163934427 0.20116618075801748
0 0.6307377049180328 0.684402332361516 0.056557377049180325 0.20262390670553937
0 0.6709016393442623 0.6574344023323615 0.038114754098360654 0.21865889212827988
0 0.7438524590163934 0.6173469387755102 0.03524590163934426 0.1618075801749271
0 0.6213114754098361 0.8367346938775511 0.075 0.21574344023323616
0 0.6823770491803278 0.8396501457725948 0.07172131147540983 0.24198250728862974
0 0.6983606557377049 0.7055393586005831 0.05573770491803279 0.1282798833819242
0 0.7561475409836066 0.7696793002915452 0.05819672131147541 0.24198250728862974
0 0.8131147540983606 0.7536443148688047 0.06434426229508197 0.239067055393586
0 0.7106557377049181 0.6122448979591837 0.045081967213114756 0.15451895043731778
0 0.7799180327868852 0.6042274052478134 0.04221311475409836 0.15597667638483964