0 0.32457627118644067 0.3822937625754527 0.12994350282485875 0.19114688128772636
0 0.40423728813559323 0.3963782696177062 0.17768361581920905 0.3254527162977867
0 0.4062146892655367 0.3566398390342052 0.0940677966101695 0.26609657947686116
0 0.9810734463276836 0.04124748490945674 0.03785310734463277 0.08249496981891348
0 0.9169491525423729 0.053822937625754526 0.04519774011299435 0.10764587525150905
0 0.9192090395480226 0.023641851106639838 0.04406779661016949 0.047283702213279676
0 0.9768361581920904 0.5231388329979879 0.04632768361581921 0.23138832997987926
0 0.9895480225988701 0.6096579476861167 0.020903954802259886 0.1790744466800805
0 0.6975988700564971 0.32821931589537223 0.05790960451977401 0.20875251509054327
0 0.6622881355932203 0.3005533199195171 0.043785310734463276 0.2137826961770624
0 0.6672316384180791 0.14336016096579476 0.05367231638418079 0.1710261569416499
0 0.6898305084745763 0.1056338028169014 0.03672316384180791 0.18108651911468812
0 0.7244350282485875 0.12449698189134809 0.04096045197740113 0.16348088531187122
0 0.6200564971751412 0.21730382293762576 0.020903954802259886 0.10865191146881288
0 0.8134180790960452 0.11443661971830986 0.05508474576271186 0.19869215291750503
0 0.8190677966101695 0.30935613682092555 0.06073446327683616 0.2112676056338028
0 0.65 0.6161971830985915 0.05367231638418079 0.1659959758551308
0 0.6932203389830508 0.8495975855130785 0.1096045197740113 0.3008048289738431
0 0.8127118644067797 0.8812877263581489 0.10564971751412429 0.23742454728370221
0 0.8745762711864407 0.8631790744466801 0.08248587570621468 0.27364185110663986
0 0.9587570621468926 0.7434607645875252 0.07909604519774012 0.08853118712273642
0 0.888135593220339 0.7505030181086519 0.08135593220338982 0.10261569416498995
0 0.9474576271186441 0.852112676056338 0.07570621468926554 0.29577464788732394
0 0.9861581920903955 0.8606639839034205 0.02768361581920904 0.27867203219315895
0 0.7669491525423728 0.8495975855130785 0.07853107344632769 0.3008048289738431
0 0.8327683615819209 0.7912474849094567 0.0768361581920904 0.1841046277665996
0 0.6372881355932203 0.8495975855130785 0.05536723163841808 0.3008048289738431
0 0.7324858757062147 0.8495975855130785 0.07288135593220339 0.3008048289738431