0 0.39693877551020407 0.4029038112522686 0.14744897959183673 0.46823956442831216
0 0.3678571428571429 0.24500907441016334 0.027040816326530614 0.06805807622504537
0 0.26377551020408163 0.34754990925589835 0.04387755102040816 0.2177858439201452
0 0.18112244897959184 0.33756805807622503 0.04897959183673469 0.23502722323049002
0 0.23520408163265305 0.4337568058076225 0.08826530612244898 0.40018148820326677
0 0.7892857142857143 0.2604355716878403 0.08877551020408163 0.3393829401088929
0 0.8306122448979592 0.4673321234119782 0.1306122448979592 0.3430127041742287
0 0.7163265306122449 0.4727767695099819 0.12653061224489795 0.33212341197822143
0 0.9872448979591837 0.3892921960072595 0.025510204081632654 0.49909255898366606
0 0.7137755102040816 0.25045372050816694 0.07040816326530612 0.27586206896551724
0 0.6612244897959184 0.2894736842105263 0.09387755102040816 0.35390199637023595
0 0.5591836734693878 0.4909255898366606 0.07959183673469387 0.2958257713248639
0 0.8642857142857143 0.31851179673321234 0.08571428571428572 0.2558983666061706
0 0.9795918367346939 0.4782214156079855 0.04081632653061224 0.32123411978221417
0 0.5346938775510204 0.3511796733212341 0.030612244897959183 0.5353901996370236
0 0.5683673469387756 0.26678765880217786 0.09795918367346938 0.35571687840290384
0 0.9244897959183673 0.48548094373865697 0.11020408163265306 0.30671506352087113
0 0.939795918367347 0.30671506352087113 0.0836734693877551 0.24319419237749546
0 0.6188775510204082 0.49727767695099817 0.08673469387755102 0.2831215970961887
0 0.050510204081632655 0.7268602540834845 0.0663265306122449 0.17604355716878403
0 0.02959183673469388 0.7495462794918331 0.05918367346938776 0.22141560798548093
0 0.7693877551020408 0.8266787658802178 0.4010204081632653 0.2676950998185118