0 0.005793226381461676 0.6087301587301587 0.011586452762923352 0.173015873015873
0 0.24420677361853832 0.6912698412698413 0.0374331550802139 0.20793650793650795
0 0.17067736185383245 0.6452380952380953 0.025846702317290554 0.12222222222222222
0 0.19385026737967914 0.6158730158730159 0.022281639928698752 0.08571428571428572
0 0.19919786096256684 0.6222222222222222 0.013368983957219251 0.06349206349206349
0 0.9875222816399287 0.7595238095238095 0.024955436720142603 0.48095238095238096
0 0.7829768270944741 0.6730158730158731 0.031194295900178252 0.1492063492063492
0 0.750445632798574 0.6936507936507936 0.030303030303030304 0.10158730158730159
0 0.7232620320855615 0.7325396825396825 0.03297682709447415 0.2015873015873016
0 0.6987522281639929 0.7087301587301588 0.03208556149732621 0.17936507936507937
0 0.6590909090909091 0.6865079365079365 0.059714795008912656 0.16666666666666666