0 0.08131578947368422 0.299625468164794 0.12473684210526316 0.27902621722846443
0 0.27210526315789474 0.26685393258426965 0.135 0.3441011235955056
0 0.24552631578947368 0.25936329588014984 0.1705263157894737 0.3595505617977528
0 0.005526315789473684 0.28136704119850187 0.011052631578947368 0.175561797752809
0 0.6728947368421052 0.08707865168539326 0.025789473684210525 0.10112359550561797
0 0.9010526315789473 0.31226591760299627 0.03263157894736842 0.17883895131086142
0 0.29973684210526313 0.7673220973782772 0.06315789473684211 0.36282771535580527
0 0.24447368421052632 0.7677902621722846 0.05052631578947368 0.3160112359550562
0 0.18578947368421053 0.7851123595505618 0.04710526315789473 0.24204119850187267
0 0.06552631578947368 0.7275280898876404 0.05052631578947368 0.34597378277153557
0 0.20605263157894738 0.7471910112359551 0.04710526315789473 0.3146067415730337
0 0.1118421052631579 0.7144194756554307 0.060526315789473685 0.3258426966292135
0 0.871578947368421 0.8553370786516854 0.012368421052631579 0.04400749063670412
0 0.8513157894736842 0.8558052434456929 0.01368421052631579 0.04260299625468165
0 0.6586842105263158 0.8422284644194756 0.011052631578947368 0.03323970037453183
0 0.635 0.8445692883895131 0.0060526315789473685 0.025749063670411985
0 0.6486842105263158 0.8445692883895131 0.0060526315789473685 0.031835205992509365