0 0.1554192229038855 0.6923076923076923 0.010224948875255624 0.02564102564102564
0 0.16973415132924335 0.6923076923076923 0.010736196319018405 0.031135531135531136
0 0.19376278118609408 0.6923076923076923 0.020961145194274028 0.046703296703296704
0 0.2796523517382413 0.6959706959706959 0.019938650306748466 0.054945054945054944
0 0.23415132924335377 0.7014652014652014 0.034764826175869123 0.07051282051282051
0 0.3890593047034765 0.7206959706959707 0.05061349693251534 0.07875457875457875
0 0.29754601226993865 0.7793040293040293 0.06390593047034765 0.23534798534798534
0 0.9197341513292433 0.8351648351648352 0.1605316973415133 0.32967032967032966
0 0.7321063394683026 0.8562271062271062 0.2658486707566462 0.2875457875457875
0 0.6395705521472392 0.7866300366300366 0.08077709611451943 0.4267399267399267
0 0.8532719836400818 0.8223443223443223 0.17075664621676892 0.3553113553113553