0 0.335 0.27899906454630496 0.67 0.4616463985032741
0 0.9468421052631579 0.21141253507951357 0.022105263157894735 0.13376987839101964
0 0.6377631578947368 0.961178671655753 0.03763157894736842 0.07764265668849392
0 0.6613157894736842 0.9567352666043031 0.017368421052631578 0.08652946679139382
0 0.6091210526315789 0.9199064546304958 0.03156315789473674 0.06466323666978485
0 0.5632184210526315 0.9351870907390084 0.028710526315789568 0.11145463049579044
0 0.52855 0.8778811973807297 0.03779736842105266 0.09973339569691302
0 0.030526315789473683 0.989242282507016 0.025789473684210525 0.021515434985968196
0 0.1143421052631579 0.9735734331150608 0.02973684210526316 0.052853133769878394
0 0.005789473684210527 0.9742750233863424 0.011578947368421053 0.05144995322731525
0 0.5296052631578947 0.94644527595884 0.02394736842105263 0.10710944808231992
0 0.8268421052631579 0.7820392890551918 0.31144736842105264 0.38961646398503275