0 0.7743055555555556 0.32021604938271603 0.04774305555555555 0.33564814814814814
0 0.6692708333333334 0.3256172839506173 0.0390625 0.2523148148148148
0 0.6080729166666666 0.4089506172839506 0.05251736111111111 0.36496913580246915
0 0.921875 0.9220679012345679 0.12152777777777778 0.1558641975308642
0 0.6866319444444444 0.8433641975308642 0.07378472222222222 0.13503086419753085
0 0.6089409722222222 0.8387345679012346 0.058159722222222224 0.22530864197530864
0 0.72265625 0.8341049382716049 0.05555555555555555 0.12885802469135801
0 0.8706597222222222 0.8819444444444444 0.1015625 0.1728395061728395
0 0.8502604166666666 0.8248456790123457 0.06987847222222222 0.08796296296296297
0 0.8502604166666666 0.7932098765432098 0.023871527777777776 0.06944444444444445
0 0.7395833333333334 0.7939814814814815 0.032552083333333336 0.06867283950617284
0 0.8355034722222222 0.8016975308641975 0.024739583333333332 0.07561728395061729
0 0.7330729166666666 0.75 0.028645833333333332 0.04398148148148148
0 0.8324652777777778 0.7577160493827161 0.017361111111111112 0.020061728395061727
0 0.8229166666666666 0.7669753086419753 0.017361111111111112 0.05709876543209876
0 0.8094618055555556 0.7561728395061729 0.009548611111111112 0.03935185185185185
0 0.7625868055555556 0.7592592592592593 0.009548611111111112 0.018518518518518517
0 0.7517361111111112 0.7569444444444444 0.016059027777777776 0.013888888888888888
0 0.7087673611111112 0.9120370370370371 0.14453125 0.17515432098765432