0 0.9019769357495881 0.23607038123167157 0.128500823723229 0.47214076246334313
0 0.2883031301482702 0.7866568914956011 0.11079077429983525 0.42668621700879766
0 0.17915980230642503 0.6876832844574781 0.06013179571663921 0.20821114369501467
0 0.11490939044481055 0.6854838709677419 0.05683690280065898 0.21627565982404692
0 0.4336902800658979 0.6605571847507331 0.03130148270181219 0.11143695014662756
0 0.06260296540362438 0.6458944281524927 0.025535420098846788 0.0747800586510264
0 0.006589785831960461 0.6480938416422287 0.013179571663920923 0.09090909090909091
0 0.03212520593080725 0.6392961876832844 0.018533772652388796 0.06451612903225806
0 0.6297364085667215 0.6656891495601173 0.04612850082372323 0.20307917888563048
0 0.6911037891268533 0.8988269794721407 0.07825370675453047 0.20161290322580644
0 0.570840197693575 0.7287390029325513 0.03830313014827018 0.16715542521994134
0 0.7034596375617792 0.5689149560117303 0.03500823723228995 0.10043988269794721
0 0.7837726523887973 0.5263929618768328 0.027182866556836903 0.07844574780058651
0 0.8389621087314663 0.5725806451612904 0.028830313014827018 0.13709677419354838
0 0.8624382207578254 0.5718475073313783 0.02512355848434926 0.10483870967741936
0 0.8855024711696869 0.5366568914956011 0.02059308072487644 0.038856304985337244
0 0.886326194398682 0.6532258064516129 0.05313014827018122 0.17155425219941348
0 0.8920922570016474 0.5630498533724341 0.035831960461285006 0.051319648093841645
0 0.9538714991762768 0.6935483870967742 0.04695222405271829 0.16422287390029325
0 0.9703459637561779 0.6231671554252199 0.02182866556836903 0.0593841642228739
0 0.9691103789126854 0.5615835777126099 0.02018121911037891 0.08211143695014662