0 0.13737201365187712 0.44281376518218624 0.00938566552901024 0.18572874493927125
0 0.1558589306029579 0.4230769230769231 0.007963594994311717 0.17611336032388664
0 0.14988623435722412 0.44281376518218624 0.006541524459613196 0.13815789473684212
0 0.14334470989761092 0.4175101214574899 0.00938566552901024 0.20242914979757085
0 0.6616951080773606 0.435587044534413 0.03395904436860058 0.13129554655870448
0 0.9527872582480091 0.4907388663967612 0.038799772468714466 0.20167004048582995
0 0.9837542662116041 0.4822672064777328 0.02819681456200237 0.19988866396761135
0 0.7538282138794085 0.4102935222672065 0.01213310580204774 0.05368421052631575
0 0.7380261660978384 0.4108603238866396 0.01315130830489186 0.05541497975708502
0 0.720164960182025 0.40917004048582994 0.01345847554038672 0.05204453441295554
0 0.7301251422070535 0.40130566801619433 0.012514220705346985 0.07004048582995956
0 0.12087599544937429 0.8997975708502024 0.06882821387940842 0.20040485829959515
0 0.05261660978384528 0.8997975708502024 0.06427758816837315 0.20040485829959515