0 0.293952802359882 0.1694648478488982 0.15781710914454278 0.2759706190975866
0 0.30221238938053097 0.6146379853095488 0.07256637168141593 0.08971668415529906
0 0.7153392330383481 0.6146379853095488 0.04129793510324484 0.08971668415529906
0 0.7511799410029498 0.6169989506820567 0.034513274336283185 0.08499475341028331
0 0.7936637168141593 0.6072298006295909 0.03337463126843668 0.08729275970619103
0 0.8534218289085546 0.5080482686253934 0.04200000000000003 0.144616998950682
0 0.889684365781711 0.5069622245540398 0.03921238938053106 0.16268625393494224
0 0.8211386430678466 0.4327177334732424 0.03538053097345121 0.07253410283315845
0 0.7590442477876106 0.4543913955928646 0.02888495575221241 0.12502098635886671
0 0.7308230088495574 0.3855771248688353 0.042368731563421864 0.11187303252885625
0 0.8036076696165192 0.5919569779643232 0.026058997050147536 0.07633263378803766
0 0.8656342182890856 0.6133263378803777 0.0415929203539823 0.09233997901364113
0 0.7158761061946903 0.4807712486883525 0.036887905604719815 0.14730325288562446
0 0.6463126843657817 0.6169989506820567 0.03716814159292035 0.08499475341028331
0 0.48525073746312686 0.8772298006295908 0.1491150442477876 0.24554039874081846
0 0.7910029498525074 0.862277019937041 0.03775811209439528 0.11752360965372508
0 0.8303834808259587 0.7358342077649528 0.022271386430678466 0.08814270724029381
0 0.8486725663716814 0.751311647429171 0.02064896755162242 0.0944386149003148
0 0.9554572271386431 0.6794333683105981 0.012094395280235988 0.03987408184679958
0 0.942330383480826 0.6762854144805877 0.010914454277286136 0.033578174186778595
0 0.7505899705014749 0.756295907660021 0.01902654867256637 0.04407135362014691
0 0.906047197640118 0.662906610703043 0.006194690265486726 0.006820566631689402
0 0.8873156342182891 0.6657922350472193 0.012094395280235988 0.012329485834207765