0 0.22717391304347825 0.3108695652173913 0.041304347826086954 0.0782608695652174
0 0.675 0.26956521739130435 0.65 0.5391304347826087
0 0.5206521739130435 0.41956521739130437 0.34130434782608693 0.2391304347826087
0 0.175 0.7945652173913044 0.35 0.4108695652173913
0 0.07717391304347826 0.7695652173913043 0.15434782608695652 0.4608695652173913
0 0.18369565217391304 0.7695652173913043 0.33260869565217394 0.4608695652173913
0 0.6271739130434782 0.7858695652173913 0.5543478260869565 0.4282608695652174
0 0.5902173913043478 0.5891304347826087 0.07608695652173914 0.1
0 0.9456521739130435 0.6695652173913044 0.10869565217391304 0.2608695652173913
0 0.9434782608695652 0.6532608695652173 0.11304347826086956 0.22826086956521738
0 0.6902173913043478 0.6217391304347826 0.20652173913043478 0.16521739130434782