0 0.630939226519337 0.11984282907662082 0.03314917127071823 0.11984282907662082
0 0.8179558011049723 0.17288801571709234 0.02154696132596685 0.12770137524557956
0 0.8455801104972376 0.15275049115913555 0.029281767955801105 0.09724950884086445
0 0.5900552486187846 0.04174852652259332 0.017679558011049725 0.02455795677799607
0 0.6209944751381216 0.02406679764243615 0.015469613259668509 0.036345776031434185
0 0.09834254143646409 0.8241650294695482 0.04419889502762431 0.21414538310412573
0 0.4593922651933702 0.9155206286836935 0.05359116022099448 0.15913555992141454
0 0.13591160220994475 0.8020628683693517 0.03867403314917127 0.2013752455795678
0 0.3207182320441989 0.9484282907662083 0.06906077348066299 0.1031434184675835
0 0.2662983425414365 0.6630648330058939 0.03867403314917127 0.10019646365422397
0 0.23922651933701658 0.6183693516699411 0.020994475138121547 0.08153241650294696
0 0.7930939226519337 0.8968565815324165 0.044751381215469614 0.206286836935167
0 0.813889502762431 0.8172888015717092 0.02130939226519346 0.0912180746561885