0 0.30080213903743314 0.24603174603174602 0.15196078431372548 0.44761904761904764
0 0.9416221033868093 0.10555555555555556 0.07397504456327986 0.2111111111111111
0 0.4126559714795009 0.28095238095238095 0.04634581105169341 0.37777777777777777
0 0.5129233511586453 0.35714285714285715 0.09714795008912656 0.2253968253968254
0 0.45187165775401067 0.37142857142857144 0.12477718360071301 0.19682539682539682
0 0.9068627450980392 0.7563492063492063 0.020053475935828877 0.03968253968253968
0 0.8943850267379679 0.8253968253968254 0.0427807486631016 0.17063492063492064
0 0.8636363636363636 0.8476190476190476 0.02807486631016043 0.0746031746031746
0 0.8324420677361853 0.8642857142857143 0.0481283422459893 0.24841269841269842
0 0.7486631016042781 0.85 0.06327985739750445 0.2976190476190476
0 0.6809269162210339 0.8507936507936508 0.06996434937611408 0.2976190476190476
0 0.7121212121212122 0.780952380952381 0.03297682709447415 0.0992063492063492
0 0.6185383244206774 0.8452380952380952 0.04634581105169341 0.2714285714285714
0 0.5668449197860963 0.8476190476190476 0.062388591800356503 0.2785714285714286
0 0.46301247771836007 0.861904761904762 0.10962566844919786 0.2761904761904762
0 0.4184491978609626 0.7714285714285715 0.023172905525846704 0.10396825396825397
0 0.4661319073083779 0.7246031746031746 0.015597147950089126 0.026984126984126985
0 0.5133689839572193 0.7722222222222223 0.034759358288770054 0.11666666666666667
0 0.4879679144385027 0.7412698412698413 0.018270944741532978 0.06428571428571428