0 0.7801810865191147 0.32315112540192925 0.1006036217303823 0.3834405144694534
0 0.8556338028169014 0.3070739549839228 0.06941649899396378 0.43810289389067525
0 0.8998993963782697 0.4139871382636656 0.1312877263581489 0.6093247588424437
0 0.7364185110663984 0.4107717041800643 0.17303822937625754 0.612540192926045
0 0.7937625754527163 0.2692926045016077 0.06237424547283702 0.2628617363344051
0 0.45321931589537223 0.9823151125401929 0.047283702213279676 0.03536977491961415
0 0.4184808853118713 0.9234887459807073 0.033018108651911404 0.07660771704180079
0 0.39066398390342055 0.8960610932475884 0.02497987927565385 0.0709324758842442
0 0.23563380281690144 0.9192282958199357 0.02383299798792762 0.06620578778135058
0 0.2661066398390342 0.8653376205787782 0.03979879275653918 0.05106109324758841
0 0.29421529175050304 0.8317524115755628 0.03565392354124754 0.06525723472668815
0 0.26994969818913483 0.8237138263665595 0.02737424547283706 0.06430868167202572
0 0.3289738430583501 0.7620578778135049 0.026156941649899398 0.08681672025723473
0 0.3083501006036217 0.7516077170418006 0.013078470824949699 0.06591639871382636
0 0.32696177062374243 0.7355305466237942 0.02012072434607646 0.03376205787781351
0 0.3455734406438632 0.7483922829581994 0.015090543259557344 0.0594855305466238
0 0.6343058350100603 0.8496784565916399 0.03118712273641851 0.10128617363344052
0 0.5927364185110665 0.8771543408360127 0.03839034205231374 0.11631832797427656
0 0.5856338028169014 0.8289228295819935 0.03025150905432589 0.10308681672025724
0 0.6104828973843057 0.7546784565916399 0.01959758551307849 0.07188102893890681
0 0.6212273641851107 0.7548231511254019 0.015090543259557344 0.07234726688102894
0 0.5231388329979879 0.9509646302250804 0.03219315895372234 0.09807073954983923
0 0.007042253521126761 0.9557877813504824 0.014084507042253521 0.0819935691318328
0 0.03377263581488939 0.9169292604501607 0.03425553319919512 0.08789389067524109
0 0.04551307847082496 0.8287781350482315 0.026207243460764543 0.0819935691318328
0 0.050714285714285684 0.807604501607717 0.028551307847082603 0.09646302250803858
0 0.005030181086519115 0.8456591639871383 0.01006036217303823 0.08038585209003216
0 0.158682092555332 0.7768006430868167 0.026519114688128672 0.047700964630225016
0 0.1921529175050302 0.727491961414791 0.028169014084507043 0.017684887459807074
0 0.21026156941649898 0.7387459807073955 0.03822937625754527 0.04019292604501608
0 0.2640845070422535 0.7331189710610932 0.043259557344064385 0.028938906752411574
0 0.20193158953722337 0.8440514469453376 0.03790744466800811 0.05573954983922823
0 0.21032193158953716 0.7845659163987139 0.034567404426559256 0.05680064308681679
0 0.2379879275653923 0.7832315112540194 0.034839034205231496 0.07234726688102894
0 0.4386317907444668 0.7612540192926045 0.022132796780684104 0.08520900321543408