0 0.5955766192733017 0.3946629213483146 0.01263823064770932 0.15660112359550563
0 0.659952606635071 0.34480337078651685 0.011848341232227487 0.03932584269662921
0 0.6674565560821485 0.4122191011235955 0.02527646129541864 0.16713483146067415
0 0.6856240126382307 0.4332865168539326 0.0169826224328594 0.07303370786516854
0 0.7045813586097947 0.45014044943820225 0.02843601895734597 0.24297752808988765
0 0.7543443917851501 0.43609550561797755 0.037914691943127965 0.2914325842696629
0 0.7946287519747235 0.44030898876404495 0.041469194312796206 0.2984550561797753
0 0.7760663507109005 0.3686797752808989 0.019352290679304898 0.0976123595505618
0 0.8317535545023697 0.4311797752808989 0.02764612954186414 0.26615168539325845
0 0.8625592417061612 0.4339887640449438 0.03712480252764613 0.27247191011235955
0 0.9241706161137441 0.4508426966292135 0.06477093206951026 0.27808988764044945
0 0.9826224328593997 0.40941011235955055 0.0339652448657188 0.22963483146067415
0 0.9506319115323855 0.35884831460674155 0.01382306477093207 0.10182584269662921
0 0.9225908372827805 0.31390449438202245 0.009083728278041074 0.026685393258426966
0 0.8945497630331753 0.36025280898876405 0.02093206951026856 0.11376404494382023
0 0.9095576619273301 0.32935393258426965 0.011058451816745656 0.06320224719101124
0 0.24210110584518169 0.8567415730337079 0.15758293838862558 0.28581460674157305
0 0.4585308056872038 0.8370786516853933 0.08451816745655608 0.06460674157303371
0 0.13507109004739337 0.9009831460674157 0.07740916271721959 0.19803370786516855
0 0.35624012638230645 0.839185393258427 0.14652448657187994 0.32162921348314605
0 0.868088467614534 0.7507022471910112 0.0315955766192733 0.13342696629213482
0 0.9221958925750395 0.7422752808988764 0.022906793048973143 0.125
0 0.9530015797788309 0.7408707865168539 0.02764612954186414 0.1446629213483146