0 0.9054726368159204 0.34882005899705015 0.1011608623548922 0.2610619469026549
0 0.8370646766169154 0.35693215339233036 0.0675787728026534 0.2448377581120944
0 0.8822553897180763 0.26843657817109146 0.03855721393034826 0.07890855457227139
0 0.8644278606965174 0.1902654867256637 0.07006633499170813 0.08849557522123894
0 0.8055555555555556 0.19616519174041297 0.06840796019900497 0.19321533923303835
0 0.7827529021558872 0.3001474926253687 0.061774461028192375 0.2028023598820059
0 0.7375621890547264 0.3148967551622419 0.07504145936981758 0.18215339233038347
0 0.648424543946932 0.30457227138643067 0.074212271973466 0.2028023598820059
0 0.6791044776119403 0.29056047197640117 0.04767827529021559 0.19174041297935104
0 0.7077114427860697 0.25737463126843657 0.04311774461028192 0.10914454277286136
0 0.5912106135986733 0.32890855457227136 0.06260364842454395 0.26253687315634217
0 0.5733830845771144 0.32669616519174044 0.02736318407960199 0.2588495575221239
0 0.6297678275290216 0.18657817109144542 0.013266998341625208 0.019174041297935103
0 0.7056384742951907 0.1902654867256637 0.033582089552238806 0.03687315634218289
0 0.25538971807628524 0.81047197640118 0.04560530679933665 0.07079646017699115
0 0.34328358208955223 0.8030973451327433 0.054311774461028195 0.07964601769911504
0 0.43449419568822556 0.8030973451327433 0.054311774461028195 0.07669616519174041
0 0.2197346600331675 0.8082595870206489 0.043532338308457715 0.07743362831858407
0 0.392620232172471 0.806047197640118 0.0472636815920398 0.07300884955752213
0 0.4361525704809287 0.7286135693215339 0.02197346600331675 0.02654867256637168
0 0.8971807628524047 0.6135693215339233 0.06301824212271974 0.26843657817109146