0 0.706140350877193 0.3068181818181818 0.35526315789473684 0.39701704545454547
0 0.2727272727272727 0.36292613636363635 0.16586921850079744 0.5326704545454546
0 0.4621212121212121 0.3231534090909091 0.1726475279106858 0.2990056818181818
0 0.430622009569378 0.359375 0.48165869218500795 0.5397727272727273
0 0.07695374800637958 0.8430397727272727 0.08054226475279107 0.14914772727272727
0 0.38915470494417864 0.7492897727272727 0.03189792663476874 0.15198863636363635
0 0.28708133971291866 0.6505681818181818 0.01594896331738437 0.04261363636363636
0 0.5015948963317385 0.7535511363636364 0.03189792663476874 0.16335227272727273
0 0.3628389154704944 0.7705965909090909 0.02711323763955343 0.1434659090909091
0 0.3189792663476874 0.6484375 0.01594896331738437 0.03551136363636364
0 0.6220095693779905 0.7095170454545454 0.014354066985645933 0.09517045454545454