0 0.60609375 0.10196000000000001 0.043385416666666655 0.09962
0 0.644296875 0.11834 0.04226562500000005 0.11312
0 0.7109375 0.194 0.08854166666666667 0.252
0 0.708828125 0.06462000000000001 0.023177083333333275 0.01902000000000001
0 0.720390625 0.06402 0.02312499999999999 0.02375999999999999
0 0.7640104166666667 0.06358 0.04395833333333332 0.03175999999999999
0 0.7625520833333334 0.14352 0.05804687500000005 0.1315
0 0.8463802083333333 0.12716 0.045078125000000004 0.12156
0 0.9046614583333333 0.05084 0.03656250000000005 0.02997999999999999
0 0.8862239583333333 0.09308 0.032682291666666696 0.07591999999999999
0 0.928671875 0.09418000000000001 0.05372395833333332 0.061840000000000034
0 0.9481510416666667 0.20836000000000002 0.103515625 0.21168000000000006
0 0.7288020833333334 0.03766 0.015208333333333268 0.030259999999999992
0 0.8199479166666667 0.0418 0.016927083333333332 0.032640000000000016
0 0.7990104166666666 0.038099999999999995 0.013645833333333357 0.034120000000000004
0 0.7662239583333333 0.036840000000000005 0.017526041666666714 0.02122
0 0.7839843750000001 0.03766 0.009791666666666643 0.024340000000000004
0 0.2838541666666667 0.66 0.5677083333333334 0.68