0 0.0992063492063492 0.2495291902071563 0.1880952380952381 0.4199623352165725
0 0.2761904761904762 0.2664783427495292 0.17433862433862435 0.3860640301318267
0 0.4113756613756614 0.269774011299435 0.17222222222222222 0.3790018832391714
0 0.4798941798941799 0.2867231638418079 0.0582010582010582 0.3451035781544256
0 0.0291005291005291 0.16854990583804144 0.0328042328042328 0.0692090395480226
0 0.05714285714285714 0.15207156308851225 0.025396825396825397 0.04519774011299435
0 0.32724867724867723 0.1647834274952919 0.044444444444444446 0.06779661016949153
0 0.20687830687830688 0.14500941619585686 0.09285714285714286 0.11817325800376648
0 0.5126984126984127 0.2085687382297552 0.013756613756613757 0.18314500941619585
0 0.5582010582010583 0.3281544256120527 0.07724867724867725 0.2627118644067797
0 0.37566137566137564 0.7297551789077212 0.24444444444444444 0.5404896421845574