0 0.5946236559139785 0.31978967495219884 0.05913978494623656 0.07934990439770555
0 0.06075268817204301 0.635755258126195 0.07096774193548387 0.3240917782026769
0 0.10456989247311828 0.5678776290630975 0.04596774193548387 0.16634799235181644
0 0.13091397849462366 0.5152963671128107 0.034408602150537634 0.08030592734225621
0 0.16586021505376344 0.7155831739961759 0.059408602150537636 0.5372848948374761
0 0.31290322580645163 0.739961759082218 0.07150537634408602 0.512906309751434
0 0.3247311827956989 0.4684512428298279 0.04086021505376344 0.05736137667304015
0 0.40940860215053765 0.6596558317399618 0.0467741935483871 0.4431166347992352
0 0.5473118279569893 0.6892925430210325 0.02446236559139785 0.5841300191204589
0 0.5056451612903226 0.5712237093690249 0.04543010752688172 0.2872848948374761
0 0.4629032258064516 0.46175908221797324 0.02661290322580645 0.06596558317399617
0 0.4443548387096774 0.5023900573613767 0.03602150537634408 0.1505736137667304
0 0.2760752688172043 0.49569789674952197 0.031720430107526884 0.08078393881453155
0 0.24865591397849462 0.5 0.013440860215053764 0.058795411089866155
0 0.2349462365591398 0.6735181644359465 0.07446236559139785 0.4134799235181644
0 0.012634408602150538 0.49569789674952197 0.013440860215053764 0.0607074569789675