0 0.09973404255319149 0.1999054820415879 0.19946808510638298 0.3998109640831758
0 0.5816489361702127 0.28591682419659736 0.12287234042553191 0.2277882797731569
0 0.972872340425532 0.29206049149338376 0.05425531914893617 0.21550094517958412
0 0.6436702127659574 0.2311814744801512 0.04384042553191493 0.19665406427221177
0 0.6005212765957447 0.1847164461247637 0.03910106382978723 0.13209829867674858
0 0.1851063829787234 0.7169187145557656 0.1321808510638298 0.33695652173913043
0 0.7013297872340426 0.6620982986767486 0.04069148936170213 0.06427221172022685
0 0.46861702127659577 0.6049149338374291 0.039361702127659576 0.14177693761814744
0 0.5 0.5912098298676749 0.05 0.15831758034026466
0 0.5688829787234042 0.6252362948960303 0.04601063829787234 0.08270321361058601
0 0.6941489361702128 0.6016068052930057 0.055053191489361705 0.0940453686200378
0 0.7840425531914894 0.5902646502835539 0.03803191489361702 0.11247637051039698