0 0.32727272727272727 0.27424242424242423 0.22272727272727272 0.5484848484848485
0 0.38181818181818183 0.27424242424242423 0.11363636363636363 0.5484848484848485
0 0.5636363636363636 0.31666666666666665 0.11363636363636363 0.27575757575757576
0 0.9261363636363636 0.3378787878787879 0.09772727272727273 0.15454545454545454
0 0.6045454545454545 0.20909090909090908 0.06363636363636363 0.13333333333333333
0 0.21931818181818183 0.7742424242424243 0.43863636363636366 0.45151515151515154
0 0.7954545454545454 0.8196969696969697 0.4090909090909091 0.3606060606060606
0 0.6636363636363637 0.8181818181818182 0.45 0.36363636363636365
0 0.4681818181818182 0.7742424242424243 0.05909090909090909 0.45151515151515154
0 0.5409090909090909 0.7742424242424243 0.12727272727272726 0.45151515151515154
0 0.7181818181818181 0.7318181818181818 0.14545454545454545 0.36666666666666664