0 0.814176245210728 0.28450920245398775 0.37116858237547895 0.3289877300613497
0 0.6240421455938697 0.31058282208588955 0.14128352490421456 0.276840490797546
0 0.31247126436781614 0.7665030674846626 0.022691570881226107 0.06315950920245408
0 0.3414846743295019 0.7150920245398773 0.03789272030651336 0.04871165644171778
0 0.36824712643678165 0.6830521472392639 0.033946360153256756 0.062254601226993916
0 0.34514367816091956 0.6753834355828221 0.02606321839080463 0.06134969325153374
0 0.4014846743295019 0.6135889570552148 0.02492337164750956 0.09111963190184044
0 0.38176245210727966 0.5950920245398773 0.01252873563218384 0.0866104294478528
0 0.40007662835249036 0.5752453987730062 0.01958812260536403 0.06495398773006139
0 0.4175383141762452 0.5910276073619632 0.015086206896551725 0.08391104294478534
0 0.085 0.8024079754601227 0.03358237547892715 0.07822085889570553
0 0.12027777777777783 0.7643098159509202 0.03261494252873559 0.08384969325153369
0 0.131455938697318 0.6802147239263804 0.024952107279693443 0.07822085889570553
0 0.13640804597701148 0.6600153374233129 0.027183908045977118 0.09202453987730061
0 0.08340996168582379 0.6970858895705522 0.02911877394636024 0.07618098159509196
0 0.06648467432950189 0.6687116564417178 0.016350574712643617 0.049079754601226995
0 0.05914750957854406 0.6733128834355828 0.02911877394636024 0.0705521472392638
0 0.05148467432950191 0.6868558282208589 0.03295019157088131 0.07618098159509196
0 0.04046934865900383 0.7369631901840491 0.03327586206896531 0.08845092024539888
0 0.008620689655172414 0.696319018404908 0.017241379310344827 0.07668711656441718
0 0.017806513409961606 0.7101226993865031 0.020986590038314035 0.08179447852760742
0 0.13122605363984674 0.48006134969325154 0.01532567049808429 0.06134969325153374
0 0.15619731800766287 0.4803220858895706 0.023994252873563174 0.060843558282208526
0 0.14726053639846745 0.49412576687116566 0.013141762452107306 0.06799079754601234
0 0.2392049808429119 0.6306288343558283 0.025249042145593772 0.04550613496932509
0 0.2281896551724138 0.5575153374233128 0.027480842911877447 0.04345092024539884
0 0.2573946360153257 0.5370705521472393 0.023323754789271945 0.04345092024539884
0 0.26011494252873557 0.5452453987730062 0.02045019157088114 0.039371165644171716
0 0.2649042145593869 0.5636503067484663 0.02619731800766275 0.0352760736196319
0 0.27176245210727973 0.5751533742331288 0.026513409961685885 0.034769938650306684
0 0.2885249042145594 0.5881901840490797 0.036408045977011486 0.05164110429447846
0 0.3399233716475096 0.5728527607361963 0.04086206896551732 0.0598159509202454
0 0.32459770114942527 0.5462730061349693 0.028735632183908046 0.04038343558282215
0 0.28309386973180073 0.48440184049079754 0.02045019157088114 0.060843558282208526
0 0.2685727969348659 0.48773006134969327 0.015028735632183961 0.07157975460122692
0 0.24664750957854406 0.4762269938650307 0.016283524904214558 0.05368098159509203
0 0.257183908045977 0.47162576687116564 0.016283524904214558 0.04447852760736196
0 0.2868773946360153 0.4624233128834356 0.012452107279693486 0.02607361963190184
0 0.31226053639846746 0.46549079754601225 0.019157088122605363 0.032208588957055216
0 0.21839080459770116 0.45858895705521474 0.011494252873563218 0.018404907975460124
0 0.20545977011494254 0.4593558282208589 0.016283524904214558 0.019938650306748466
0 0.28038314176245216 0.6947852760736196 0.036091954022988565 0.05317484662576681
0 0.2883716475095785 0.6380368098159509 0.03291187739463592 0.05418711656441724
0 0.3147126436781609 0.6367638036809816 0.03317049808429129 0.06901840490797546
0 0.35111111111111104 0.4874693251533742 0.01722222222222224 0.055720858895705584
0 0.3702107279693487 0.4754601226993865 0.018199233716475097 0.05214723926380368
0 0.3620689655172414 0.4570552147239264 0.017241379310344827 0.015337423312883436