0 0.26247030878859856 0.2748414376321353 0.06264845605700713 0.3176532769556025
0 0.34530878859857483 0.19291754756871035 0.07541567695961995 0.16437632135306554
0 0.8319477434679335 0.06923890063424948 0.030581947743467935 0.1379492600422833
0 0.3394655581947743 0.7937737843551796 0.04341448931116384 0.2134883720930233
0 0.39176365795724466 0.765 0.03185866983372927 0.17237843551797033
0 0.16723871733966744 0.8483932346723044 0.03157957244655579 0.2381395348837209
0 0.009204275534441805 0.8081395348837209 0.01840855106888361 0.34143763213530653
0 0.12764845605700711 0.7432663847780127 0.027630641330166253 0.13126849894291762
0 0.22068883610451306 0.7250634249471458 0.023652019002375253 0.10426004228329797
0 0.3685035629453681 0.7097885835095138 0.02493467933491687 0.06432346723044388
0 0.7894893111638955 0.8969344608879493 0.2235748218527316 0.20613107822410148