0 0.1334033613445378 0.34138655462184875 0.2668067226890756 0.21638655462184875
0 0.24579831932773108 0.2972689075630252 0.22268907563025211 0.30462184873949577
0 0.29096638655462187 0.19747899159663865 0.15336134453781514 0.15966386554621848
0 0.29096638655462187 0.1407563025210084 0.052521008403361345 0.12605042016806722
0 0.3235294117647059 0.1565126050420168 0.0546218487394958 0.13655462184873948
0 0.32983193277310924 0.07668067226890757 0.037815126050420166 0.03571428571428571
0 0.35084033613445376 0.0934873949579832 0.037815126050420166 0.10294117647058823
0 0.3802521008403361 0.07352941176470588 0.02100840336134454 0.07142857142857142
0 0.4810924369747899 0.07983193277310924 0.01680672268907563 0.03361344537815126
0 0.31932773109243695 0.7279411764705882 0.10084033613445378 0.22058823529411764
0 0.3644957983193277 0.8130252100840336 0.22478991596638656 0.3739495798319328
0 0.4327731092436975 0.8203781512605042 0.1134453781512605 0.3592436974789916
0 0.08718487394957983 0.6754201680672269 0.06932773109243698 0.09453781512605042
0 0.03466386554621849 0.740546218487395 0.06932773109243698 0.20798319327731093
0 0.6376050420168067 0.7247899159663865 0.296218487394958 0.5504201680672269
0 0.8319327731092437 0.7247899159663865 0.33613445378151263 0.5504201680672269