0 0.6478609625668449 0.32604562737642584 0.15668449197860962 0.5475285171102662
0 0.7957219251336899 0.34838403041825095 0.14625668449197862 0.502851711026616
0 0.9090909090909091 0.3526615969581749 0.1443850267379679 0.49429657794676807
0 0.9665775401069518 0.375 0.04866310160427807 0.44961977186311786
0 0.5885026737967914 0.2224334600760456 0.027540106951871656 0.09125475285171103
0 0.6120320855614974 0.20104562737642587 0.0213903743315508 0.0594106463878327
0 0.8387700534759358 0.21815589353612166 0.037165775401069516 0.08935361216730038
0 0.7377005347593583 0.1920152091254753 0.07807486631016043 0.15636882129277566
0 0.9941176470588236 0.27566539923954375 0.011497326203208556 0.2423954372623574
0 0.44893048128342244 0.9006653992395437 0.011764705882352941 0.03184410646387833
0 0.4294117647058823 0.9011406844106464 0.012834224598930482 0.030893536121673004
0 0.24679144385026738 0.8911596958174905 0.010427807486631016 0.02423954372623574
0 0.22433155080213904 0.8925855513307985 0.0058823529411764705 0.0185361216730038
0 0.2374331550802139 0.8925855513307985 0.0058823529411764705 0.02328897338403042
0 0.8323529411764706 0.6872623574144486 0.02406417112299465 0.11787072243346007
0 0.8692513368983957 0.6953422053231939 0.022994652406417113 0.12072243346007605
0 0.6957219251336898 0.6977186311787072 0.02459893048128342 0.13498098859315588
0 0.7267379679144385 0.7048479087452472 0.026737967914438502 0.12832699619771862
0 0.9919786096256684 0.7210076045627376 0.016042780748663103 0.10931558935361217
0 0.7938502673796791 0.9348859315589354 0.06577540106951872 0.13022813688212928