0 0.842191011235955 0.20712 0.03893258426966302 0.2175
0 0.8915056179775281 0.18375999999999998 0.03097752808988757 0.18242000000000008
0 0.7822584269662922 0.17686000000000002 0.02393258426966287 0.10807999999999993
0 0.7658651685393258 0.17908000000000004 0.015505617977528039 0.11029999999999995
0 0.7494831460674157 0.18408000000000005 0.018303370786516813 0.10029999999999996
0 0.731370786516854 0.18186000000000002 0.027044943820224904 0.10474000000000001
0 0.5792022471910112 0.16574 0.024202247191011196 0.09696000000000003
0 0.5275393258426966 0.15517999999999996 0.026370786516853963 0.0825
0 0.5601123595505618 0.829 0.18089887640449437 0.342
0 0.8370786516853933 0.784 0.19550561797752808 0.432
0 0.798876404494382 0.774 0.24775280898876403 0.452