0 0.7029914529914529 0.19428571428571428 0.5299145299145299 0.38857142857142857
0 0.20405982905982906 0.6942857142857143 0.30982905982905984 0.6114285714285714
0 0.44871794871794873 0.9057142857142857 0.1794871794871795 0.18857142857142858
0 0.9230769230769231 0.8085714285714286 0.15384615384615385 0.3314285714285714
0 0.8482905982905983 0.7871428571428571 0.12393162393162394 0.3171428571428571
0 0.5170940170940171 0.8457142857142858 0.2264957264957265 0.30857142857142855
0 0.563034188034188 0.7628571428571429 0.15598290598290598 0.21714285714285714
0 0.563034188034188 0.6857142857142857 0.053418803418803416 0.17142857142857143
0 0.8098290598290598 0.6871428571428572 0.07264957264957266 0.16857142857142857
0 0.5961538461538461 0.7071428571428572 0.05555555555555555 0.18571428571428572
0 0.8247863247863247 0.58 0.0641025641025641 0.10857142857142857
0 0.6025641025641025 0.5985714285714285 0.038461538461538464 0.04857142857142857
0 0.6239316239316239 0.6214285714285714 0.038461538461538464 0.14
0 0.6538461538461539 0.5942857142857143 0.021367521367521368 0.09714285714285714
0 0.7585470085470085 0.6028571428571429 0.021367521367521368 0.045714285714285714
0 0.7831196581196581 0.5971428571428572 0.03632478632478633 0.03428571428571429
0 0.8589743589743589 0.8814285714285715 0.28205128205128205 0.23714285714285716