0 0.615 0.5718849840255591 0.036 0.01597444089456869
0 0.592 0.5678913738019169 0.024 0.023961661341853034
0 0.65015 0.5240575079872205 0.02601999999999998 0.09490415335463254
0 0.6295599999999999 0.5047923322683706 0.013079999999999927 0.09020766773162944
0 0.6486799999999999 0.4841214057507987 0.020450000000000045 0.06765175718849843
0 0.66691 0.50055910543131 0.01575 0.08739616613418537
0 0.905 0.560702875399361 0.03 0.038338658146964855
0 0.92982 0.5198242811501598 0.019480000000000018 0.07142172523961667
0 0.94071 0.5108945686900959 0.015220000000000027 0.09115015974440904
0 0.98629 0.37089456869009585 0.008880000000000108 0.06670926517571883
0 0.97129 0.4061341853035144 0.013 0.05261980830670935
0 0.98364 0.3948562300319489 0.014169999999999846 0.06201277955271574
0 0.997 0.4257188498402556 0.006 0.06549520766773163
0 0.9965 0.39696485623003197 0.007 0.05591054313099041
0 0.9521700000000001 0.3939137380191693 0.012420000000000073 0.06578274760383379
0 0.94335 0.3774600638977636 0.013600000000000136 0.07611821086261977
0 0.9554100000000001 0.3826357827476038 0.015230000000000018 0.07706070287539937
0 0.93335 0.29618210862619815 0.01933999999999992 0.06201277955271574
0 0.8865899999999999 0.29194888178913736 0.011679999999999836 0.053562300319488776
0 0.90424 0.2943130990415336 0.014039999999999964 0.05637380191693285
0 0.95688 0.2703514376996805 0.0146400000000001 0.04603833865814704
0 0.9671700000000001 0.3013578274760383 0.009349999999999909 0.06295527156549516
0 0.9557 0.3069968051118211 0.014769999999999981 0.05731629392971245
0 0.7880799999999999 0.2280511182108626 0.009889999999999873 0.04039936102236425
0 0.5935 0.481629392971246 0.027 0.06230031948881789
0 0.59756 0.3926996805111821 0.017980000000000017 0.058035143769968114
0 0.6180599999999999 0.3767252396166134 0.018319999999999937 0.06230031948881789
0 0.6095499999999999 0.33838658146964856 0.01734999999999991 0.06442492012779559
0 0.62172 0.3173642172523962 0.015680000000000062 0.04685303514377003
0 0.63439 0.31976038338658147 0.012339999999999919 0.06869009584664537
0 0.63155 0.24094249201277956 0.011339999999999918 0.047396166134185326
0 0.65422 0.23135782747603836 0.010009999999999991 0.042060702875399335
0 0.60222 0.2622523961661341 0.012019999999999982 0.04313099041533546
0 0.59589 0.25851437699680513 0.012019999999999982 0.047396166134185326
0 0.583 0.2539936102236422 0.006 0.04153354632587859
0 0.7203999999999999 0.07560702875399362 0.011630000000000109 0.03940894568690098
0 0.78572 0.07747603833865814 0.00965000000000009 0.03781150159744411
0 0.85538 0.08306709265175719 0.011 0.03940894568690098
0 0.81989 0.07615015974440893 0.01199000000000001 0.04792332268370607
0 0.8415499999999999 0.07960063897763581 0.008659999999999855 0.036741214057507986
0 0.83205 0.07907348242811502 0.01100999999999999 0.04525559105431307
0 0.8873 0.08196485623003195 0.012450000000000046 0.05091054313099042
0 0.89792 0.08746006389776358 0.013700000000000045 0.041932907348242815
0 0.97385 0.10293929712460063 0.018100000000000137 0.04892971246006389
0 0.71451 0.2751597444089457 0.010710000000000037 0.04992012779552716
0 0.69326 0.2781629392971246 0.011970000000000027 0.05591054313099041
0 0.67357 0.27915335463258784 0.011349999999999909 0.06389776357827476
0 0.6810700000000001 0.23971246006389776 0.01384999999999991 0.050926517571884974
0 0.72857 0.26517571884984026 0.015079999999999927 0.05591054313099041
0 0.72794 0.2502076677316294 0.017579999999999926 0.04792332268370607
0 0.78731 0.23322683706070288 0.008820000000000165 0.05391373801916933
0 0.66451 0.21375399361022365 0.010519999999999982 0.040942492012779545
0 0.75954 0.5252555910543131 0.021730000000000017 0.08686900958466454
0 0.991 0.5391373801916933 0.018 0.06869009584664537
0 0.9935 0.5087859424920128 0.013 0.07188498402555911
0 0.88257 0.22424920127795525 0.006509999999999991 0.039936102236421724
0 0.8549200000000001 0.2105111821086262 0.011190000000000054 0.03345047923322683
0 0.9381900000000001 0.22749201277955272 0.007150000000000091 0.042428115015974446
0 0.9011600000000001 0.25744408945686903 0.011829999999999927 0.040431309904153355
0 0.91335 0.2601916932907348 0.012460000000000037 0.039936102236421724
0 0.66431 0.2155111821086262 0.008650000000000092 0.04343450479233227
0 0.9189700000000001 0.3460543130990415 0.015659999999999855 0.05990415335463259
0 0.93569 0.34230031948881784 0.011599999999999909 0.06039936102236413
0 0.76 0.8170926517571885 0.248 0.365814696485623