0 0.83207343412527 0.21685878962536023 0.04967602591792657 0.11887608069164265
0 0.3018358531317495 0.792507204610951 0.3531317494600432 0.414985590778098
0 0.4838012958963283 0.6073487031700289 0.032397408207343416 0.13688760806916425
0 0.3185745140388769 0.6037463976945245 0.08423326133909287 0.1642651296829971
0 0.25593952483801297 0.6023054755043228 0.09071274298056156 0.207492795389049
0 0.40442764578833695 0.5878962536023055 0.11123110151187905 0.1729106628242075
0 0.11231101511879049 0.770893371757925 0.15982721382289417 0.42939481268011526
0 0.17008639308855292 0.5994236311239193 0.05939524838012959 0.1239193083573487
0 0.9330453563714903 0.6721902017291066 0.04103671706263499 0.14697406340057637
0 0.8952483801295896 0.6750720461095101 0.032397408207343416 0.13472622478386168
0 0.9152267818574514 0.611671469740634 0.016198704103671708 0.02881844380403458
0 0.712742980561555 0.6520172910662824 0.052915766738660906 0.058357348703170026