0 0.021416083916083916 0.25934579439252337 0.032342657342657344 0.0895638629283489
0 0.03977272727272727 0.26090342679127726 0.034527972027972025 0.08255451713395638
0 0.11888111888111888 0.21728971962616822 0.016171328671328672 0.04361370716510903
0 0.1604020979020979 0.22585669781931464 0.04501748251748252 0.04439252336448598
0 0.052884615384615384 0.23052959501557632 0.01486013986013986 0.02336448598130841
0 0.4772727272727273 0.2515576323987539 0.005244755244755245 0.0264797507788162
0 0.34571678321678323 0.21417445482866043 0.02054195804195804 0.04750778816199377
0 0.2517482517482518 0.22741433021806853 0.027972027972027972 0.0397196261682243
0 0.7281468531468531 0.019470404984423675 0.03496503496503497 0.03894080996884735
0 0.6551573426573427 0.01557632398753894 0.027097902097902096 0.03115264797507788
0 0.7661713286713286 0.7258566978193146 0.46765734265734266 0.5475077881619937