0 0.74609375 0.42083333333333334 0.0578125 0.24166666666666667
0 0.8140625 0.4513888888888889 0.0515625 0.25555555555555554
0 0.83984375 0.4722222222222222 0.065625 0.21388888888888888
0 0.90625 0.4722222222222222 0.0484375 0.21388888888888888
0 0.926171875 0.5 0.06328125 0.15833333333333333
0 0.47734375 0.6652777777777777 0.0140625 0.06111111111111111
0 0.497265625 0.85625 0.04140625 0.16527777777777777
0 0.523828125 0.7618055555555555 0.01171875 0.1125
0 0.46328125 0.6638888888888889 0.0125 0.05555555555555555
0 0.816015625 0.8375 0.17578125 0.11527777777777778
0 0.83203125 0.7631944444444444 0.038671875 0.0763888888888889
0 0.895703125 0.7618055555555555 0.04140625 0.0763888888888889
0 0.84375 0.7395833333333334 0.01875 0.03333333333333333