0 0.2657258064516129 0.1833810888252149 0.14274193548387096 0.14828080229226362
0 0.6338709677419355 0.2492836676217765 0.043548387096774194 0.18051575931232092
0 0.7568548387096774 0.251432664756447 0.03467741935483871 0.167621776504298
0 0.7939516129032258 0.25716332378223494 0.036290322580645164 0.18481375358166188
0 0.6483870967741936 0.43194842406876793 0.10483870967741936 0.27363896848137537
0 0.7951612903225806 0.5107449856733525 0.041935483870967745 0.11604584527220631
0 0.7814516129032258 0.48424068767908307 0.05806451612903226 0.16905444126074498
0 0.7314516129032258 0.5379656160458453 0.06774193548387097 0.06160458452722063
0 0.2738951612903226 0.8695988538681949 0.06977419354838708 0.23057306590257887
0 0.35443548387096774 0.8818051575931232 0.06048387096774194 0.23638968481375358
0 0.832258064516129 0.8373925501432665 0.1786290322580645 0.32521489971346706
0 0.652016129032258 0.8610315186246418 0.20241935483870968 0.27793696275071633