0 0.9729166666666667 0.29080118694362017 0.02625 0.09495548961424333
0 0.9579166666666666 0.293026706231454 0.027916666666666666 0.08827893175074183
0 0.89375 0.2470326409495549 0.013333333333333334 0.04599406528189911
0 0.86 0.2559347181008902 0.03666666666666667 0.04747774480712166
0 0.9475 0.2603857566765579 0.012083333333333333 0.025222551928783383
0 0.60125 0.28264094955489616 0.005416666666666667 0.028189910979228485
0 0.70875 0.2433234421364985 0.016666666666666666 0.050445103857566766
0 0.7854166666666667 0.25741839762611274 0.022916666666666665 0.04228486646884273
0 0.3375 0.685459940652819 0.037083333333333336 0.07047477744807122
0 0.3279166666666667 0.6995548961424333 0.11125 0.13427299703264095
0 0.3541666666666667 0.7292284866468842 0.0375 0.0771513353115727