0 0.24208675263774912 0.2045929018789144 0.13335287221570927 0.4091858037578288
0 0.10228604923798358 0.2453027139874739 0.07561547479484174 0.3277661795407098
0 0.9903282532239156 0.331419624217119 0.019343493552168817 0.15553235908141963
0 0.9762602579132473 0.2489561586638831 0.047479484173505275 0.2453027139874739
0 0.6696951934349356 0.0918580375782881 0.05568581477139507 0.1837160751565762
0 0.6515240328253223 0.048538622129436326 0.04865181711606096 0.09707724425887265
0 0.43464243845252054 0.08768267223382047 0.056858147713950764 0.17536534446764093
0 0.6228018757327081 0.33298538622129437 0.05568581477139507 0.1524008350730689
0 0.8895076201641267 0.02661795407098121 0.05568581477139507 0.05323590814196242
0 0.8068581477139508 0.05793319415448852 0.050996483001172335 0.11586638830897704
0 0.7790152403282532 0.3512526096033403 0.06330597889800703 0.11586638830897704
0 0.24171746776084407 0.728402922755741 0.09766119577960135 0.5428705636743216
0 0.6767291910902696 0.5605427974947808 0.08704572098475967 0.19572025052192066