0 0.5720744680851064 0.22164461247637052 0.2949468085106383 0.3563327032136106
0 0.8156914893617021 0.0997164461247637 0.0425531914893617 0.11342155009451796
0 0.8138297872340425 0.04962192816635161 0.04148936170212766 0.09924385633270322
0 0.7252659574468086 0.04725897920604915 0.011170212765957447 0.0945179584120983
0 0.725 0.12996219281663515 0.010638297872340425 0.14650283553875237
0 0.9765957446808511 0.20959357277882798 0.0425531914893617 0.15359168241965973
0 0.9954787234042554 0.20132325141776938 0.009042553191489361 0.17013232514177692
0 0.8867021276595745 0.31332703213610585 0.04680851063829787 0.17296786389413987
0 0.9134308510638298 0.2273156899810964 0.04654255319148936 0.20321361058601134
0 0.7723404255319148 0.4617202268431002 0.03723404255319149 0.12381852551984877
0 0.8337765957446809 0.4910207939508507 0.0425531914893617 0.11342155009451796
0 0.8319148936170213 0.44517958412098296 0.04148936170212766 0.09073724007561437
0 0.774468085106383 0.9144612476370511 0.04893617021276596 0.17107750472589792
0 0.747872340425532 0.967391304347826 0.05425531914893617 0.06521739130434782
0 0.9428191489361702 0.750945179584121 0.05319148936170213 0.20321361058601134
0 0.9315159574468085 0.5536389413988658 0.05186170212765957 0.18667296786389415
0 0.7367021276595744 0.4886578449905482 0.03404255319148936 0.15122873345935728