0 0.26174496644295303 0.2594654788418708 0.5230704697986577 0.5189309576837416
0 0.7197986577181208 0.3184855233853007 0.20595637583892618 0.40089086859688194
0 0.2103104026845638 0.6380623608017818 0.010964765100671087 0.03334075723830741
0 0.1933305369127517 0.6400445434298441 0.010117449664429484 0.03923162583518933
0 0.4280956375838926 0.7131069042316258 0.03525167785234898 0.15339643652561247
0 0.8856879194630872 0.8129955456570155 0.042852348993288526 0.16673719376391985
0 0.8377852348993289 0.8066481069042316 0.03262583892617449 0.14737193763919826
0 0.7601090604026846 0.8274610244988864 0.034983221476510104 0.16451002227171493
0 0.6913255033557046 0.8074387527839643 0.02493288590604029 0.11553452115812918
0 0.6383053691275168 0.8548440979955456 0.04641778523489936 0.21481069042316256
0 0.592256711409396 0.8084409799554566 0.016392617449664446 0.11531180400890864
0 0.8105285234899329 0.8026503340757238 0.026753355704697977 0.12154788418708239
0 0.782760067114094 0.7940757238307349 0.023238255033557084 0.11554565701559019