0 0.38054054054054054 0.22596153846153846 0.40324324324324323 0.4076923076923077
0 0.18594594594594593 0.29375 0.28297297297297297 0.2721153846153846
0 0.8248648648648649 0.21201923076923077 0.06756756756756757 0.15096153846153845
0 0.29027027027027025 0.9341346153846154 0.05837837837837838 0.13173076923076923
0 0.3354054054054054 0.45913461538461536 0.051351351351351354 0.058653846153846154
0 0.3848648648648649 0.525 0.04432432432432432 0.19038461538461537
0 0.3322972972972973 0.5725961538461538 0.0472972972972973 0.1971153846153846
0 0.3410810810810811 0.8826923076923077 0.04054054054054054 0.22115384615384615
0 0.3916216216216216 0.9038461538461539 0.05783783783783784 0.19230769230769232
0 0.4106756756756757 0.8334134615384615 0.052702702702702706 0.23798076923076922
0 0.49175675675675673 0.7721153846153846 0.05540540540540541 0.22596153846153846
0 0.5498648648648649 0.6158653846153846 0.052702702702702706 0.23076923076923078
0 0.11648648648648649 0.48173076923076924 0.04594594594594595 0.10384615384615385
0 0.1618918918918919 0.4807692307692308 0.036216216216216214 0.10192307692307692
0 0.18945945945945947 0.5192307692307693 0.04054054054054054 0.17884615384615385
0 0.18364864864864866 0.6747596153846154 0.0472972972972973 0.22355769230769232
0 0.4827027027027027 0.5129807692307692 0.043243243243243246 0.16634615384615384
0 0.4410810810810811 0.510576923076923 0.03783783783783784 0.16153846153846155
0 0.056486486486486485 0.510576923076923 0.03945945945945946 0.16153846153846155
0 0.7693243243243243 0.8115384615384615 0.05810810810810811 0.22115384615384615
0 0.8110810810810811 0.4668269230769231 0.047027027027027025 0.07403846153846154
0 0.82 0.7153846153846154 0.04054054054054054 0.22115384615384615
0 0.8841891891891892 0.6324519230769231 0.05810810810810811 0.2283653846153846
0 0.97 0.5771634615384615 0.05675675675675676 0.21875
0 0.6759459459459459 0.5365384615384615 0.05243243243243243 0.21346153846153845
0 0.8402702702702702 0.7466346153846154 0.05405405405405406 0.25