0 0.1667152009318579 0.47772020725388603 0.3332847990681421 0.3033678756476684
0 0.8370704717530577 0.5886010362694301 0.029411764705882353 0.08186528497409326
0 0.8063482818870122 0.5901554404145077 0.0337798485730926 0.07875647668393783
0 0.7579353523587653 0.5484818652849741 0.027987769365171715 0.07652331606217619
0 0.7565521258008153 0.5803108808290155 0.0425160163075131 0.09844559585492228
0 0.6988118811881188 0.4953989637305699 0.026269656377402455 0.15848186528497404
0 0.6727955736750146 0.47366839378238346 0.038709959231217325 0.14703108808290155
0 0.6351193942923704 0.3704663212435233 0.010483401281304601 0.11191709844559586
0 0.7398689574839837 0.3951450777202073 0.022294700058241235 0.1101606217616581
0 0.8439283634245778 0.39501554404145084 0.02357309260337793 0.11940414507772011
0 0.4103086779266162 0.9507772020725389 0.039458357600465926 0.0883419689119171
0 0.12347117064647642 0.8906735751295337 0.03479906814210833 0.08549222797927461
0 0.14181712288875947 0.8461139896373057 0.033051834595224226 0.09041450777202073
0 0.18185789167152008 0.6673575129533679 0.03392545136866628 0.0538860103626943
0 0.18083867210250437 0.6463730569948186 0.0361094933022714 0.03367875647668394
0 0.37958648806057077 0.7287564766839378 0.03479906814210833 0.05181347150259067
0 0.3460978450786255 0.761139896373057 0.030285381479324403 0.09326424870466321
0 0.3442050087361677 0.7101036269430052 0.030285381479324403 0.05284974093264249
0 0.4836924868957484 0.683678756476684 0.024752475247524754 0.05569948186528497
0 0.48281887012230634 0.6411917098445595 0.019510774606872453 0.023316062176165803
0 0.3817705299941759 0.7883419689119171 0.03217821782178218 0.07875647668393783
0 0.37580081537565524 0.9124352331606218 0.027518928363424577 0.0883419689119171
0 0.5186371578334305 0.7038860103626943 0.023005241700640652 0.06735751295336788
0 0.4975247524752475 0.7375647668393782 0.024752475247524754 0.06917098445595855
0 0.47859638905066976 0.7663212435233161 0.027518928363424577 0.07305699481865285
0 0.27955736750145604 0.7629533678756477 0.029411764705882353 0.07020725388601036
0 0.30794991263832266 0.7577720207253886 0.0256260920209668 0.07694300518134715
0 0.2505824111822947 0.6813471502590673 0.030285381479324403 0.06813471502590673
0 0.2725684333139196 0.6440414507772021 0.025043680838672103 0.029015544041450778
0 0.2744612696563774 0.6764248704663213 0.028392545136866627 0.06813471502590673
0 0.2947000582411182 0.6813471502590673 0.026645311589982526 0.07020725388601036
0 0.08008153756552126 0.6531088082901555 0.02125800815375655 0.047150259067357515
0 0.4644729178800233 0.6803108808290156 0.024752475247524754 0.06632124352331606
0 0.5026208503203261 0.6489637305699482 0.020238788584740826 0.038860103626943004
0 0.016598718695398952 0.7264248704663212 0.030285381479324403 0.06424870466321243
0 0.05329062317996505 0.7582901554404146 0.030285381479324403 0.06632124352331606
0 0.4736458940011648 0.8383419689119171 0.03581828771112405 0.09041450777202073
0 0.24330227140361094 0.655958549222798 0.024752475247524754 0.05181347150259067
0 0.46025043680838673 0.6474093264248705 0.021986022131624927 0.035751295336787565
0 0.13133372160745485 0.711139896373057 0.026645311589982526 0.07020725388601036
0 0.3612405358182877 0.6634715025906736 0.027518928363424577 0.06735751295336788
0 0.04004076878276063 0.6588082901554404 0.021986022131624927 0.057772020725388604
0 0.015142690739662202 0.6603626943005181 0.027373325567850902 0.061658031088082904
0 0.32949912638322654 0.6694300518134715 0.028392545136866627 0.06917098445595855
0 0.21942341292952824 0.8461139896373057 0.03581828771112405 0.10181347150259068
0 0.26936517181129876 0.8411917098445596 0.04033197437390798 0.08652849740932643
0 0.33139196272568433 0.8634715025906736 0.039458357600465926 0.0883419689119171
0 0.5589691322073383 0.7673575129533678 0.03217821782178218 0.07694300518134715
0 0.5493593476994758 0.7375647668393782 0.033051834595224226 0.06735751295336788
0 0.8108619685497962 0.8147668393782384 0.3236750145602796 0.3704663212435233