0 0.31200631911532384 0.21839887640449437 0.04462875197472354 0.12289325842696629
0 0.22709320695102686 0.1622191011235955 0.036334913112164295 0.08707865168539326
0 0.3479462875197472 0.15660112359550563 0.015402843601895734 0.023174157303370788
0 0.36808846761453395 0.1544943820224719 0.013033175355450236 0.018960674157303372
0 0.06753554502369669 0.16643258426966293 0.02014218009478673 0.03581460674157303
0 0.9458925750394944 0.3160112359550562 0.022906793048973143 0.10323033707865169
0 0.2235387045813586 0.8110955056179775 0.21958925750394945 0.13623595505617977
0 0.2037914691943128 0.723314606741573 0.04818325434439179 0.0898876404494382
0 0.12440758293838862 0.7219101123595506 0.05173775671406003 0.0898876404494382
0 0.18878357030015797 0.6952247191011236 0.02330173775671406 0.04002808988764045
0 0.6386255924170616 0.5330056179775281 0.0339652448657188 0.046348314606741575