0 0.01171875 0.29930555555555555 0.016015625 0.0375
0 0.8984375 0.20208333333333334 0.2 0.31180555555555556
0 0.023828125 0.8305555555555556 0.04765625 0.33541666666666664
0 0.27578125 0.8104166666666667 0.10546875 0.3763888888888889
0 0.16875 0.825 0.186328125 0.34652777777777777
0 0.139453125 0.7284722222222222 0.050390625 0.1527777777777778
0 0.364453125 0.7423611111111111 0.05390625 0.24166666666666667
0 0.424609375 0.8041666666666667 0.0484375 0.2048611111111111
0 0.417578125 0.7659722222222223 0.062890625 0.29375
0 0.716796875 0.5361111111111111 0.03515625 0.13333333333333333
0 0.92734375 0.49444444444444446 0.03125 0.05