0 0.2886178861788618 0.16361788617886178 0.2693089430894309 0.1290650406504065
0 0.5558943089430894 0.15345528455284552 0.08333333333333333 0.04878048780487805
0 0.3983739837398374 0.15142276422764228 0.06300813008130081 0.056910569105691054
0 0.15955284552845528 0.15548780487804878 0.07926829268292683 0.061991869918699184
0 0.046747967479674794 0.15142276422764228 0.09247967479674797 0.042682926829268296
0 0.11991869918699187 0.15345528455284552 0.06808943089430894 0.06097560975609756
0 0.5203252032520326 0.15040650406504066 0.036585365853658534 0.03556910569105691
0 0.9722764227642277 0.1475 0.03906504065040656 0.06469512195121949
0 0.9203861788617886 0.1405691056910569 0.05310975609756097 0.17278455284552843
0 0.8134146341463414 0.17223577235772355 0.04556910569105694 0.07353658536585367
0 0.7801219512195122 0.1526219512195122 0.040670731707317054 0.09034552845528453
0 0.7368699186991869 0.14798780487804877 0.041666666666666664 0.11193089430894308
0 0.6453252032520326 0.1483739837398374 0.0508130081300813 0.17073170731707318
0 0.9085365853658537 0.6585365853658537 0.10467479674796748 0.681910569105691
0 0.7764227642276422 0.6707317073170732 0.10365853658536585 0.657520325203252
0 0.6920731707317073 0.6483739837398373 0.09552845528455285 0.7032520325203252
0 0.9634146341463414 0.4613821138211382 0.014227642276422764 0.10975609756097561