0 0.2642602495543672 0.11507936507936507 0.0677361853832442 0.20714285714285716
0 0.9041889483065954 0.18492063492063493 0.19117647058823528 0.36984126984126986
0 0.6684491978609626 0.24603174603174602 0.2589126559714795 0.24682539682539684
0 0.5646167557932263 0.23253968253968255 0.18983957219251338 0.2714285714285714
0 0.6840463458110517 0.05873015873015873 0.14037433155080214 0.11746031746031746
0 0.5169340463458111 0.16428571428571428 0.0944741532976827 0.32857142857142857
0 0.6368092691622104 0.1738095238095238 0.05080213903743316 0.11428571428571428
0 0.5842245989304813 0.06031746031746032 0.1051693404634581 0.09206349206349207
0 0.4117647058823529 0.8277777777777777 0.11586452762923351 0.34365079365079365
0 0.29500891265597146 0.7753968253968254 0.18226381461675578 0.4492063492063492
0 0.12121212121212122 0.7492063492063492 0.24242424242424243 0.5015873015873016