0 0.08736842105263158 0.08895131086142322 0.17473684210526316 0.15589887640449437
0 0.7386842105263158 0.10065543071161048 0.042105263157894736 0.11235955056179775
0 0.7405263157894737 0.050093632958801496 0.04105263157894737 0.10018726591760299
0 0.5339473684210526 0.3267790262172285 0.05421052631578947 0.1254681647940075
0 0.5010526315789474 0.31273408239700373 0.04105263157894737 0.15355805243445692
0 0.5057894736842106 0.1896067415730337 0.05 0.15917602996254682
0 0.45381578947368423 0.2586610486891386 0.035526315789473684 0.10065543071161048
0 0.6419736842105264 0.162687265917603 0.05131578947368421 0.1849250936329588
0 0.6471052631578947 0.31741573033707865 0.05631578947368421 0.1441947565543071
0 0.35973684210526313 0.18375468164794007 0.039473684210526314 0.16619850187265917
0 0.33631578947368423 0.1802434456928839 0.01263157894736842 0.1544943820224719
0 0.3468421052631579 0.07209737827715355 0.03368421052631579 0.10299625468164794
0 0.8371052631578947 0.047752808988764044 0.02894736842105263 0.09550561797752809
0 0.8406578947368422 0.13108614232209737 0.035526315789473684 0.1451310861423221
0 0.9563157894736842 0.3291198501872659 0.04105263157894737 0.12078651685393259
0 0.9844736842105263 0.3291198501872659 0.03105263157894737 0.12078651685393259
0 0.9857894736842105 0.2808988764044944 0.028421052631578948 0.10299625468164794
0 0.9564473684210526 0.22823033707865167 0.04342105263157895 0.15683520599250936
0 0.9511842105263157 0.1404494382022472 0.035526315789473684 0.1451310861423221
0 0.5794736842105264 0.20950374531835206 0.042105263157894736 0.15215355805243447
0 0.545921052631579 0.20131086142322097 0.038157894736842106 0.16853932584269662
0 0.11263157894736842 0.8412921348314607 0.12105263157894737 0.31741573033707865