0 0.21914893617021278 0.28404255319148936 0.43829787234042555 0.5680851063829787
0 0.44468085106382976 0.46702127659574466 0.01276595744680851 0.09148936170212765
0 0.49361702127659574 0.475531914893617 0.02553191489361702 0.06595744680851064
0 0.526595744680851 0.47127659574468084 0.023404255319148935 0.07021276595744681
0 0.7351063829787234 0.46808510638297873 0.036170212765957444 0.0851063829787234
0 0.5468085106382978 0.4595744680851064 0.02553191489361702 0.059574468085106386
0 0.9648936170212766 0.4542553191489362 0.019148936170212766 0.06595744680851064
0 0.6712765957446809 0.4521276595744681 0.019148936170212766 0.04468085106382979
0 0.6893617021276596 0.44680851063829785 0.02127659574468085 0.05531914893617021
0 0.6212765957446809 0.44680851063829785 0.02127659574468085 0.04680851063829787
0 0.8361702127659575 0.44468085106382976 0.02127659574468085 0.05106382978723404
0 0.9819148936170212 0.4563829787234043 0.023404255319148935 0.07021276595744681
0 0.997872340425532 0.44361702127659575 0.00425531914893617 0.04893617021276596