0 0.14661319073083778 0.3007936507936508 0.29322638146167557 0.476984126984127
0 0.803475935828877 0.5111111111111111 0.10249554367201426 0.05714285714285714
0 0.9491978609625669 0.44047619047619047 0.08377896613190731 0.1984126984126984
0 0.9202317290552585 0.5190476190476191 0.08288770053475936 0.04126984126984127
0 0.20098039215686275 0.7873015873015873 0.06862745098039216 0.33650793650793653
0 0.06417112299465241 0.773015873015873 0.04634581105169341 0.2698412698412698
0 0.2945632798573975 0.7015873015873015 0.049019607843137254 0.09523809523809523
0 0.4255793226381462 0.8174603174603174 0.04188948306595366 0.09523809523809523
0 0.44919786096256686 0.8198412698412698 0.044563279857397504 0.0880952380952381
0 0.551693404634581 0.773015873015873 0.02094474153297683 0.046031746031746035
0 0.6056149732620321 0.7825396825396825 0.05837789661319073 0.047619047619047616
0 0.4661319073083779 0.7865079365079365 0.0196078431372549 0.025396825396825397
0 0.8458110516934046 0.7698412698412699 0.026292335115864526 0.050793650793650794
0 0.7241532976827094 0.7841269841269841 0.03609625668449198 0.04206349206349207