0 0.20270270270270271 0.4254807692307692 0.1772972972972973 0.5086538461538461
0 0.27864864864864863 0.14086538461538461 0.11729729729729729 0.27740384615384617
0 0.43135135135135133 0.44471153846153844 0.1372972972972973 0.4701923076923077
0 0.7467567567567568 0.4408653846153846 0.07378378378378378 0.35865384615384616
0 0.11864864864864864 0.7274038461538461 0.051351351351351354 0.09519230769230769
0 0.3224324324324324 0.7572115384615384 0.062162162162162166 0.1548076923076923
0 0.4737837837837838 0.7442307692307693 0.051351351351351354 0.12884615384615383
0 0.34513513513513516 0.8826923076923077 0.06864864864864866 0.23461538461538461
0 0.40716216216216217 0.8158653846153846 0.060810810810810814 0.25
0 0.9035135135135135 0.8653846153846154 0.19297297297297297 0.2692307692307692
0 0.6535135135135135 0.8307692307692308 0.19297297297297297 0.15913461538461537