0 0.034759358288770054 0.28174603174603174 0.06951871657754011 0.3825396825396825
0 0.0570409982174688 0.23333333333333334 0.03163992869875223 0.13253968253968254
0 0.18716577540106952 0.2976190476190476 0.0855614973262032 0.3634920634920635
0 0.22237076648841356 0.11190476190476191 0.015151515151515152 0.11428571428571428
0 0.6105169340463458 0.1373015873015873 0.06149732620320856 0.1373015873015873
0 0.6746880570409982 0.15634920634920635 0.059714795008912656 0.09365079365079365
0 0.7281639928698752 0.19206349206349208 0.06506238859180036 0.18571428571428572
0 0.7767379679144385 0.17063492063492064 0.06327985739750445 0.16507936507936508
0 0.8636363636363636 0.15 0.1354723707664884 0.15317460317460319
0 0.9777183600713012 0.22063492063492063 0.044563279857397504 0.20634920634920634
0 0.13680926916221034 0.7396825396825397 0.18627450980392157 0.5206349206349207
0 0.8132798573975044 0.5793650793650794 0.029411764705882353 0.17777777777777778
0 0.5619429590017825 0.6603174603174603 0.045454545454545456 0.21587301587301588
0 0.6163101604278075 0.5626984126984127 0.034759358288770054 0.16666666666666666
0 0.5913547237076648 0.6007936507936508 0.049019607843137254 0.1349206349206349