0 0.23386243386243386 0.224105461393597 0.4677248677248677 0.2970809792843691
0 0.7298941798941799 0.2725988700564972 0.20793650793650795 0.2740112994350282
0 0.4185185185185185 0.8309792843691148 0.2021164021164021 0.3192090395480226
0 0.7301587301587301 0.9571563088512242 0.05291005291005291 0.0856873822975518
0 0.9727513227513227 0.4628060263653484 0.049206349206349205 0.1064030131826742
0 0.9740740740740741 0.4251412429378531 0.05185185185185185 0.031073446327683617
0 0.6878306878306878 0.6012241054613936 0.05026455026455026 0.1271186440677966
0 0.9318783068783069 0.6483050847457628 0.051587301587301584 0.18832391713747645
0 0.871031746031746 0.6141713747645952 0.051587301587301584 0.20480225988700565
0 0.8201058201058201 0.5870998116760828 0.03968253968253968 0.17890772128060264
0 0.791005291005291 0.5800376647834274 0.047619047619047616 0.17419962335216574
0 0.7552910052910053 0.5612052730696798 0.047619047619047616 0.17419962335216574
0 0.7513227513227513 0.7283427495291902 0.05026455026455026 0.2024482109227872
0 0.7347883597883598 0.6683145009416196 0.04365079365079365 0.16713747645951035
0 0.8611111111111112 0.4416195856873823 0.03439153439153439 0.064030131826742
0 0.8338624338624339 0.4383239171374765 0.04126984126984127 0.05743879472693032
0 0.798941798941799 0.4453860640301318 0.047619047619047616 0.07156308851224105
0 0.542063492063492 0.725517890772128 0.04497354497354497 0.19303201506591336
0 0.5335978835978836 0.5833333333333334 0.028042328042328042 0.16666666666666666
0 0.5654761904761905 0.5376647834274952 0.03306878306878307 0.17419962335216574
0 0.5362433862433862 0.4274952919020716 0.03333333333333333 0.035781544256120526
0 0.5661375661375662 0.4336158192090395 0.031746031746031744 0.0480225988700565