0 0.15390625 0.36157407407407405 0.3065104166666667 0.5120370370370371
0 0.6837239583333333 0.43703703703703706 0.055989583333333336 0.21296296296296297
0 0.6192708333333333 0.30972222222222223 0.049479166666666664 0.2361111111111111
0 0.4864583333333333 0.31203703703703706 0.059895833333333336 0.23148148148148148
0 0.5509114583333333 0.3837962962962963 0.053385416666666664 0.25
0 0.8 0.09351851851851851 0.0625 0.18703703703703703
0 0.440625 0.06435185185185185 0.057291666666666664 0.1287037037037037
0 0.6231770833333333 0.07037037037037037 0.0390625 0.14074074074074075
0 0.5924479166666666 0.04583333333333333 0.043229166666666666 0.09166666666666666
0 0.4981770833333333 0.01712962962962963 0.0390625 0.03425925925925926
0 0.7877604166666666 0.020370370370370372 0.0328125 0.040740740740740744
0 0.5372395833333333 0.4462962962962963 0.06510416666666667 0.2824074074074074
0 0.350390625 0.8581666666666666 0.018843749999999916 0.0683888888888889
0 0.3325208333333334 0.863 0.01548437500000001 0.07024074074074076
0 0.12685937500000002 0.8743148148148148 0.026093749999999954 0.12825
0 0.09527604166666664 0.8688703703703704 0.02307812499999997 0.12927777777777788
0 0.3671875 0.7203703703703703 0.014583333333333334 0.12962962962962962
0 0.3671875 0.6652777777777777 0.014583333333333334 0.09166666666666666
0 0.63125 0.8689814814814815 0.049479166666666664 0.125
0 0.58359375 0.9171296296296296 0.043229166666666666 0.16574074074074074
0 0.5811197916666667 0.8238425925925926 0.04296875 0.12731481481481483
0 0.812890625 0.7219907407407408 0.02734375 0.09490740740740741
0 0.7790364583333333 0.7601851851851852 0.03515625 0.13425925925925927
0 0.8096354166666667 0.6837962962962963 0.028645833333333332 0.08333333333333333
0 0.5809895833333333 0.6861111111111111 0.03802083333333333 0.13333333333333333
0 0.6135416666666667 0.6851851851851852 0.0375 0.13148148148148148
0 0.9130208333333333 0.9356481481481481 0.040625 0.1287037037037037
0 0.7776041666666667 0.6527777777777778 0.027083333333333334 0.06666666666666667
0 0.634375 0.9587962962962963 0.04583333333333333 0.0824074074074074
0 0.42473958333333334 0.9712962962962963 0.050520833333333334 0.05740740740740741
0 0.828515625 0.8087962962962963 0.032552083333333336 0.16203703703703703
0 0.8421875 0.8875 0.044270833333333336 0.17592592592592593
0 0.7985677083333333 0.8898148148148148 0.03515625 0.16666666666666666
0 0.7716145833333333 0.9356481481481481 0.0390625 0.1287037037037037
0 0.4890625 0.9333333333333333 0.041666666666666664 0.13333333333333333
0 0.5296875 0.9226851851851852 0.036458333333333336 0.15462962962962962
0 0.45260416666666664 0.6666666666666666 0.03125 0.09444444444444444
0 0.44830729166666666 0.7543981481481481 0.04296875 0.16435185185185186
0 0.47942708333333334 0.6597222222222222 0.034895833333333334 0.08055555555555556
0 0.48216145833333335 0.742824074074074 0.040364583333333336 0.16435185185185186
0 0.5108072916666667 0.7543981481481481 0.037760416666666664 0.16898148148148148
0 0.7516927083333333 0.7520833333333333 0.03515625 0.1597222222222222