0 0.4486702127659574 0.2537807183364839 0.1023936170212766 0.2712665406427221
0 0.9757978723404256 0.33601134215500944 0.04840425531914894 0.10680529300567108
0 0.7105053191489362 0.2081758034026465 0.05452127659574468 0.19612476370510398
0 0.6772606382978723 0.18218336483931946 0.041223404255319146 0.2008506616257089
0 0.6816489361702127 0.05718336483931947 0.05053191489361702 0.11436672967863894
0 0.7029255319148936 0.04206049149338374 0.034574468085106384 0.08412098298676748
0 0.7356382978723405 0.04678638941398866 0.03829787234042553 0.09357277882797732
0 0.6293882978723404 0.10420604914933837 0.03590425531914894 0.10160680529300567
0 0.8194148936170212 0.0500945179584121 0.05159574468085106 0.1001890359168242
0 0.8248670212765957 0.19045368620037806 0.057180851063829786 0.19848771266540643
0 0.5343085106382979 0.05623818525519849 0.0398936170212766 0.11247637051039698
0 0.5050531914893617 0.07844990548204159 0.010106382978723405 0.15689981096408318
0 0.5085106382978724 0.05151228733459357 0.01702127659574468 0.10302457466918714
0 0.28111702127659577 0.7107750472589792 0.4377659574468085 0.5765595463137996