0 0.16470125786163523 0.3496868475991649 0.18514150943396226 0.6195198329853863
0 0.8559276729559748 0.4894258872651357 0.02530660377358495 0.05974947807933195
0 0.8336556603773586 0.4843528183716075 0.006367924528301815 0.03513569937369528
0 0.8267767295597485 0.4881106471816284 0.00738993710691831 0.04354906054279752
0 0.8439465408805031 0.8319415448851775 0.027122641509433963 0.0511482254697286
0 0.7122641509433962 0.8340292275574113 0.03459119496855346 0.05375782881002088
0 0.9532232704402516 0.8288100208768268 0.03341194968553459 0.05845511482254697
0 0.9209905660377359 0.8324634655532359 0.025550314465408806 0.06419624217118998
0 0.7291666666666666 0.824634655532359 0.02358490566037736 0.03914405010438413
0 0.7684748427672956 0.8324634655532359 0.02908805031446541 0.0861169102296451
0 0.9033018867924528 0.8251565762004175 0.01650943396226415 0.049582463465553235
0 0.997248427672956 0.819937369519833 0.00550314465408805 0.027661795407098122
0 0.8714622641509434 0.808455114822547 0.020440251572327043 0.05323590814196242
0 0.8643867924528302 0.8131524008350731 0.031053459119496855 0.04801670146137787
0 0.8018867924528302 0.8194154488517745 0.015723270440251572 0.030271398747390398
0 0.7857704402515723 0.819937369519833 0.01218553459119497 0.028183716075156576
0 0.7665094339622641 0.8350730688935282 0.036163522012578615 0.055845511482254695
0 0.6513364779874213 0.8225469728601252 0.01690251572327044 0.04018789144050104
0 0.625 0.8251565762004175 0.014937106918238994 0.03549060542797495
0 0.5927672955974843 0.8282881002087683 0.01729559748427673 0.03392484342379958