0 0.5068837412587412 0.1875 0.0118006993006993 0.029283216783216784
0 0.5245847902097902 0.1770104895104895 0.006446678321678322 0.010343822843822844
0 0.9053758741258742 0.1861888111888112 0.18924825174825174 0.24708624708624707
0 0.33085664335664333 0.7638403263403264 0.3981643356643357 0.4723193473193473
0 0.5861013986013986 0.4415792540792541 0.030157342657342656 0.08857808857808858
0 0.6264204545454546 0.4326923076923077 0.026879370629370628 0.08857808857808858
0 0.6726398601398601 0.38053613053613056 0.021853146853146852 0.0673076923076923
0 0.7314248251748252 0.4018065268065268 0.020104895104895104 0.08071095571095571
0 0.6970061188811189 0.36655011655011654 0.020104895104895104 0.06381118881118882
0 0.7115384615384616 0.3390151515151515 0.019230769230769232 0.05856643356643357
0 0.8246284965034965 0.31876456876456877 0.006774475524475524 0.018065268065268064
0 0.8427666083916084 0.31934731934731936 0.014204545454545454 0.019230769230769232
0 0.9896197552447552 0.6284965034965035 0.020760489510489512 0.12645687645687645
0 0.9296328671328671 0.3154137529137529 0.021853146853146852 0.011363636363636364