0 0.2959016393442623 0.3378640776699029 0.051639344262295085 0.2092233009708738
0 0.22349726775956283 0.32669902912621357 0.060109289617486336 0.21796116504854368
0 0.7248633879781421 0.2941747572815534 0.3073770491803279 0.2325242718446602
0 0.7699453551912568 0.23980582524271846 0.1226775956284153 0.08058252427184466
0 0.35919125683060105 0.793 0.07249180327868844 0.27527184466019416
0 0.3190491803278689 0.7337087378640776 0.07803825136612019 0.24454368932038834
0 0.7720382513661201 0.8217669902912621 0.03965573770491812 0.2754563106796117
0 0.996448087431694 0.7155339805825243 0.007103825136612022 0.11650485436893204
0 0.7518469945355192 0.7373009708737863 0.020153005464480934 0.12971844660194165
0 0.5631530054644809 0.7661650485436893 0.03680327868852454 0.14642718446601935
0 0.7404644808743169 0.6944174757281554 0.013775956284153025 0.063378640776699
0 0.7131366120218579 0.6655533980582524 0.01740983606557384 0.053135922330097105