0 0.40025906735751293 0.14384615384615385 0.1040587219343696 0.2876923076923077
0 0.6965716753022453 0.1876615384615385 0.07471502590673573 0.2476000000000001
0 0.7832556131260794 0.21387692307692305 0.0651381692573403 0.2797846153846154
0 0.08765112262521589 0.84 0.08419689119170984 0.32
0 0.31088082901554404 0.8476923076923077 0.1226252158894646 0.3038461538461538
0 0.1614853195164076 0.8546153846153847 0.042746113989637305 0.08307692307692308
0 0.20077720207253885 0.8546153846153847 0.027202072538860103 0.08
0 0.5941278065630398 0.806923076923077 0.08419689119170984 0.3861538461538462
0 0.7560449050086355 0.8184615384615385 0.09455958549222798 0.3630769230769231
0 0.8847150259067358 0.8084615384615385 0.08937823834196891 0.3823076923076923
0 0.6748704663212435 0.7061538461538461 0.046632124352331605 0.14846153846153845