0 0.2548076923076923 0.29481792717086835 0.5096153846153846 0.5896358543417367
0 0.743006993006993 0.28291316526610644 0.1346153846153846 0.5266106442577031
0 0.3492132867132867 0.6211484593837535 0.04807692307692308 0.06302521008403361
0 0.47465034965034963 0.6274509803921569 0.06468531468531469 0.07563025210084033
0 0.2875874125874126 0.6568627450980392 0.0472027972027972 0.13445378151260504
0 0.2006118881118881 0.7016806722689075 0.0673076923076923 0.22408963585434175
0 0.016608391608391608 0.7261904761904762 0.033216783216783216 0.27310924369747897
0 0.33085664335664333 0.7345938375350141 0.08304195804195805 0.28991596638655465
0 0.3977272727272727 0.7464985994397759 0.06993006993006994 0.3137254901960784
0 0.2534965034965035 0.7485994397759104 0.06993006993006994 0.3179271708683473
0 0.1381118881118881 0.7647058823529411 0.07342657342657342 0.35014005602240894
0 0.4991258741258741 0.7787114845938375 0.02097902097902098 0.37815126050420167
0 0.07910839160839161 0.7878151260504201 0.10402097902097902 0.3963585434173669
0 0.4597902097902098 0.7640056022408963 0.09615384615384616 0.3487394957983193