0 0.08653846153846154 0.4284274193548387 0.17307692307692307 0.3810483870967742
0 0.24547511312217193 0.43649193548387094 0.18778280542986425 0.3649193548387097
0 0.6009049773755657 0.42784274193548383 0.027477375565610817 0.22540322580645153
0 0.5831447963800905 0.42280241935483864 0.02778280542986419 0.208608870967742
0 0.5452828054298642 0.4340120967741935 0.025576923076922962 0.2668346774193549
0 0.5136990950226245 0.4334475806451613 0.028393665158370936 0.2612500000000001
0 0.2811085972850679 0.8629032258064516 0.1165158371040724 0.27419354838709675
0 0.15667420814479638 0.905241935483871 0.18665158371040724 0.18951612903225806
0 0.9117647058823529 0.8689516129032258 0.17647058823529413 0.2610887096774194
0 0.8472850678733032 0.7721774193548387 0.11085972850678733 0.06854838709677419
0 0.7177601809954751 0.8397177419354839 0.1334841628959276 0.1975806451612903
0 0.6052036199095022 0.7711693548387096 0.07183257918552036 0.047379032258064516
0 0.46097285067873306 0.7832661290322581 0.09332579185520362 0.055443548387096774
0 0.4406108597285068 0.8377016129032258 0.1510180995475113 0.08064516129032258
0 0.4479638009049774 0.9304435483870968 0.2166289592760181 0.1381048387096774
0 0.6759049773755657 0.8931451612903226 0.3201357466063348 0.21370967741935484