0 0.011702127659574468 0.059574468085106386 0.023404255319148935 0.06382978723404255
0 0.23617021276595745 0.16489361702127658 0.2851063829787234 0.32978723404255317
0 0.8095744680851064 0.16489361702127658 0.38085106382978723 0.32978723404255317
0 0.6702127659574468 0.16489361702127658 0.28085106382978725 0.32978723404255317
0 0.44680851063829785 0.16489361702127658 0.13617021276595745 0.32978723404255317
0 0.5436170212765957 0.1351063829787234 0.125531914893617 0.2702127659574468
0 0.44148936170212766 0.052127659574468084 0.06595744680851064 0.10425531914893617
0 0.2797872340425532 0.4372340425531915 0.19787234042553192 0.2148936170212766
0 0.04893617021276596 0.8978723404255319 0.09787234042553192 0.20425531914893616
0 0.701063829787234 0.6648936170212766 0.597872340425532 0.6702127659574468
0 0.5191489361702127 0.8159574468085107 0.28085106382978725 0.18085106382978725