0 0.47 0.21166666666666667 0.110625 0.17333333333333334
0 0.019375 0.18222222222222223 0.038125 0.17333333333333334
0 0.710625 0.24055555555555555 0.045625 0.08222222222222222
0 0.6575 0.25333333333333335 0.035 0.07277777777777777
0 0.8525 0.23222222222222222 0.06625 0.3188888888888889
0 0.78 0.19 0.110625 0.3661111111111111
0 0.051875 0.6744444444444444 0.10375 0.5088888888888888
0 0.20875 0.6405555555555555 0.185 0.4411111111111111
0 0.474375 0.6755555555555556 0.18625 0.5111111111111111
0 0.3675 0.7677777777777778 0.305 0.46444444444444444
0 0.34375 0.5183333333333333 0.1775 0.19666666666666666
0 0.82 0.71 0.36 0.58