0 0.21585510688836104 0.17071881606765327 0.18497624703087887 0.32346723044397463
0 0.7978028503562945 0.2558139534883721 0.045724465558194774 0.1474630021141649
0 0.755938242280285 0.04492600422832981 0.020783847980997625 0.06659619450317125
0 0.8545130641330166 0.25792811839323465 0.04542755344418052 0.14799154334038056
0 0.8254156769596199 0.21617336152219874 0.0418646080760095 0.1379492600422833
0 0.9070665083135392 0.1744186046511628 0.03414489311163896 0.11627906976744186
0 0.9519002375296912 0.322938689217759 0.09619952494061758 0.113107822410148
0 0.07541567695961995 0.5798097251585623 0.047505938242280284 0.24841437632135308
0 0.11490498812351543 0.5607822410147991 0.03978622327790974 0.26109936575052856
0 0.836104513064133 0.7029598308668076 0.21377672209026127 0.3821353065539112
0 0.5920427553444181 0.7568710359408034 0.14489311163895488 0.48625792811839325