0 0.06223175965665236 0.046137339055793994 0.034334763948497854 0.04935622317596566
0 0.12446351931330472 0.04935622317596566 0.04721030042918455 0.0944206008583691
0 0.8047210300429185 0.27896995708154504 0.21888412017167383 0.5579399141630901
0 0.4130901287553648 0.6791845493562232 0.07081545064377683 0.22103004291845493
0 0.30364806866952787 0.6877682403433476 0.15236051502145923 0.259656652360515
0 0.1630901287553648 0.6459227467811158 0.13733905579399142 0.1630901287553648
0 0.05793991416309013 0.6534334763948498 0.0944206008583691 0.15665236051502146
0 0.3894849785407725 0.8723175965665236 0.11802575107296137 0.2553648068669528
0 0.6738197424892703 0.9184549356223176 0.04721030042918455 0.11158798283261803
0 0.7521459227467812 0.9216738197424893 0.045064377682403435 0.11373390557939914
0 0.7864806866952789 0.927038626609442 0.0407725321888412 0.13304721030042918
0 0.8798283261802575 0.924892703862661 0.07296137339055794 0.15021459227467812
0 0.9259656652360515 0.9281115879828327 0.07081545064377683 0.14377682403433475
0 0.98068669527897 0.9281115879828327 0.03862660944206009 0.14377682403433475