0 0.2152847152847153 0.2251832111925383 0.22077922077922077 0.22168554297135243
0 0.15821678321678323 0.38957361758827447 0.31643356643356646 0.27681545636242505
0 0.264985014985015 0.4348767488341106 0.52997002997003 0.35009993337774814
0 0.33116883116883117 0.11925383077948035 0.05519480519480519 0.06912058627581612
0 0.13486513486513488 0.6165889407061959 0.022352647352647352 0.013324450366422385
0 0.17157842157842157 0.6217521652231845 0.025474525474525476 0.023650899400399734
0 0.13586413586413587 0.8062958027981346 0.029470529470529472 0.09610259826782146
0 0.12000499500499501 0.8579280479680214 0.03271728271728272 0.10542971352431713
0 0.09740259740259741 0.9866755496335776 0.033466533466533464 0.02664890073284477
0 0.1451048951048951 0.9818454363757495 0.03508991008991009 0.036309127248501
0 0.3687562437562438 0.9247168554297135 0.031093906093906092 0.09710193204530314
0 0.29532967032967034 0.7253497668221186 0.03271728271728272 0.0866089273817455
0 0.3153096903096903 0.7138574283810792 0.024725274725274724 0.08877415056628914
0 0.31243756243756243 0.6485676215856095 0.030344655344655344 0.0709526982011992
0 0.2999500499500499 0.6402398401065956 0.020729270729270728 0.060626249167221855
0 0.2802197802197802 0.642238507661559 0.022977022977022976 0.06462358427714857
0 0.344030969030969 0.6793804130579614 0.02147852147852148 0.04497001998667555
0 0.4308191808191808 0.6867088607594937 0.0231018981018981 0.07628247834776815
0 0.42445054945054944 0.6652231845436376 0.0231018981018981 0.07511658894070619
0 0.4544205794205794 0.6945369753497668 0.025474525474525476 0.07928047968021319
0 0.4035964035964036 0.6322451698867422 0.023976023976023976 0.04463690872751499
0 0.4278221778221778 0.629746835443038 0.021353646353646352 0.039640239840106596
0 0.44642857142857145 0.6332445036642238 0.020729270729270728 0.046635576282478344
0 0.46565934065934067 0.6374083944037309 0.020729270729270728 0.05496335776149234
0 0.48513986013986016 0.6402398401065956 0.0246003996003996 0.060626249167221855
0 0.43281718281718284 0.6197534976682212 0.020729270729270728 0.01965356429047302
0 0.31368631368631367 0.8709193870752832 0.031093906093906092 0.10443037974683544
0 0.24575424575424576 0.9698534310459693 0.03671328671328671 0.060126582278481014
0 0.23114385614385613 0.9483677548301133 0.041458541458541456 0.1030979347101932
0 0.23676323676323677 0.7236842105263158 0.03184315684315684 0.08977348434377082
0 0.23001998001998003 0.6437375083277814 0.030969030969030968 0.06762158560959361
0 0.017982017982017984 0.786309127248501 0.031093906093906092 0.1022651565622918
0 0.007117882117882118 0.7746502331778814 0.014235764235764236 0.10026648900732844
0 0.003996003996003996 0.6900399733510992 0.007992007992007992 0.07511658894070619
0 0.012737262737262738 0.6882078614257162 0.023976023976023976 0.08144570286475683
0 0.030344655344655344 0.7143570952698202 0.019105894105894104 0.07728181212524983
0 0.04707792207792208 0.7138574283810792 0.027097902097902096 0.08461025982678215
0 0.030344655344655344 0.6777148567621586 0.015984015984015984 0.04596935376415723
0 0.028846153846153848 0.6312458361092604 0.017482517482517484 0.04263824117255163
0 0.04507992007992008 0.6322451698867422 0.023226773226773228 0.04463690872751499
0 0.05307192807192807 0.6517321785476349 0.024725274725274724 0.07311792138574284
0 0.055944055944055944 0.6239173884077281 0.020729270729270728 0.02798134576948701
0 0.07642357642357642 0.6249167221852099 0.01898101898101898 0.029980013324450366
0 0.11126373626373626 0.6255829447035309 0.024850149850149852 0.0313124583610926
0 0.522977022977023 0.8322784810126582 0.013986013986013986 0.0981012658227848
0 0.39735264735264736 0.6532311792138574 0.01998001998001998 0.07211858760826116
0 0.4719030969030969 0.667888074616922 0.02872127872127872 0.07211858760826116
0 0.17794705294705296 0.9546968687541639 0.041458541458541456 0.09060626249167222
0 0.8964785214785215 0.6260826115922719 0.03071928071928072 0.03231179213857428