0 0.3577044025157233 0.2920168067226891 0.5833333333333334 0.5756302521008403
0 0.875 0.45903361344537813 0.1650943396226415 0.2415966386554622
0 0.6886792452830188 0.4726890756302521 0.07861635220125786 0.21428571428571427
0 0.7594339622641509 0.4569327731092437 0.1792452830188679 0.24579831932773108
0 0.8262578616352201 0.3224789915966387 0.12735849056603774 0.25
0 0.714622641509434 0.3130252100840336 0.12735849056603774 0.28991596638655465
0 0.9433962264150944 0.3382352941176471 0.11320754716981132 0.3067226890756303
0 0.28223270440251574 0.7899159663865546 0.5015723270440252 0.42016806722689076
0 0.32940251572327045 0.717436974789916 0.23427672955974843 0.27521008403361347
0 0.8113207547169812 0.6974789915966386 0.12264150943396226 0.23529411764705882
0 0.8584905660377359 0.6974789915966386 0.05660377358490566 0.23529411764705882
0 0.9119496855345912 0.6838235294117647 0.031446540880503145 0.16176470588235295
0 0.7562893081761006 0.6817226890756303 0.03459119496855346 0.12394957983193278