0 0.2649171270718232 0.29960707269155207 0.5298342541436464 0.5206286836935167
0 0.08342541436464089 0.9729862475442044 0.05966850828729282 0.054027504911591355
0 0.5093922651933702 0.8978388998035364 0.04088397790055249 0.2043222003929273
0 0.48756906077348067 0.7912573673870335 0.049723756906077346 0.23084479371316308
0 0.19585635359116021 0.6448919449901768 0.052486187845303865 0.16994106090373282
0 0.1787292817679558 0.6041257367387033 0.04585635359116022 0.08840864440078586
0 0.306353591160221 0.931237721021611 0.06353591160220995 0.137524557956778
0 0.1516574585635359 0.8993123772102161 0.052486187845303865 0.2013752455795678
0 0.2201657458563536 0.9641453831041258 0.062430939226519336 0.07170923379174853
0 0.4030386740331492 0.5834970530451866 0.052486187845303865 0.047151277013752456
0 0.3251381215469613 0.6129666011787819 0.04806629834254143 0.10609037328094302
0 0.7248618784530386 0.7057956777996071 0.08204419889502762 0.2912573673870334