0 0.08942065491183879 0.3356918238993711 0.01952141057934509 0.09669811320754718
0 0.11649874055415617 0.33490566037735847 0.02959697732997481 0.10141509433962265
0 0.10516372795969774 0.3411949685534591 0.011335012594458438 0.07783018867924528
0 0.09005037783375315 0.40959119496855345 0.1801007556675063 0.4386792452830189
0 0.27141057934508817 0.3836477987421384 0.18702770780856423 0.49056603773584906
0 0.4238035264483627 0.3639937106918239 0.23866498740554157 0.5290880503144654
0 0.7984886649874056 0.5306603773584906 0.181360201511335 0.19654088050314467
0 0.5220403022670025 0.8144654088050315 0.12216624685138538 0.3710691823899371
0 0.2739294710327456 0.8144654088050315 0.11712846347607053 0.3710691823899371
0 0.0371536523929471 0.8144654088050315 0.0743073047858942 0.3710691823899371
0 0.1801007556675063 0.8144654088050315 0.09571788413098237 0.3710691823899371
0 0.4301007556675063 0.8144654088050315 0.08438287153652393 0.3710691823899371
0 0.11020151133501259 0.815251572327044 0.08690176322418136 0.3694968553459119
0 0.3633501259445844 0.8144654088050315 0.09193954659949623 0.3710691823899371