0 0.25451467268623024 0.21842105263157896 0.5090293453724605 0.3
0 0.6348758465011287 0.22280701754385965 0.1489841986455982 0.29035087719298247
0 0.7584650112866818 0.22894736842105262 0.12020316027088036 0.27807017543859647
0 0.845372460496614 0.25263157894736843 0.12415349887133183 0.23157894736842105
0 0.9650112866817155 0.2236842105263158 0.06038374717832957 0.06929824561403508
0 0.29345372460496616 0.7140350877192982 0.17155756207674944 0.4070175438596491
0 0.863431151241535 0.7535087719298246 0.12189616252821671 0.49298245614035086
0 0.9616252821670429 0.7605263157894737 0.07674943566591422 0.4789473684210526
0 0.6619638826185101 0.7710526315789473 0.1072234762979684 0.45789473684210524
0 0.5626410835214447 0.7789473684210526 0.1072234762979684 0.4421052631578947
0 0.7618510158013544 0.7640350877192983 0.09932279909706546 0.47192982456140353
0 0.6162528216704289 0.5798245614035088 0.060948081264108354 0.21929824561403508
0 0.7150112866817155 0.756140350877193 0.06433408577878104 0.48771929824561405
0 0.9548532731376975 0.5754385964912281 0.09029345372460497 0.23859649122807017
0 0.8069977426636569 0.75 0.0654627539503386 0.5
0 0.8064334085778782 0.5912280701754385 0.06884875846501129 0.1824561403508772