0 0.3217277486910995 0.15921787709497207 0.07356020942408377 0.05446927374301676
0 0.6479057591623036 0.21927374301675978 0.03324607329842932 0.07541899441340782
0 0.6706806282722513 0.21461824953445066 0.03193717277486911 0.07774674115456238
0 0.6798429319371728 0.21461824953445066 0.0193717277486911 0.08007448789571694
0 0.09450261780104711 0.2011173184357542 0.0306282722513089 0.07216014897579143
0 0.06753926701570681 0.20297951582867785 0.02931937172774869 0.07309124767225327
0 0.03324607329842932 0.20716945996275604 0.03324607329842932 0.074487895716946
0 0.017277486910994764 0.20065176908752327 0.02931937172774869 0.07076350093109869
0 0.8931937172774869 0.24441340782122906 0.02643979057591623 0.09776536312849161
0 0.6583769633507853 0.5349162011173184 0.03926701570680628 0.186219739292365
0 0.6803664921465968 0.5256052141527002 0.01832460732984293 0.15363128491620112
0 0.6842931937172775 0.48463687150837986 0.010471204188481676 0.1424581005586592
0 0.5281413612565445 0.7700186219739292 0.04842931937172775 0.21415270018621974
0 0.5541884816753927 0.8836126629422719 0.05392670157068063 0.23277467411545624
0 0.14581151832460734 0.962756052141527 0.050785340314136125 0.074487895716946
0 0.2663612565445026 0.5896182495344506 0.05366492146596859 0.19320297951582868
0 0.23363874345549737 0.5640130353817505 0.04057591623036649 0.1978584729981378
0 0.23795811518324608 0.44320297951582865 0.049738219895287955 0.10800744878957169
0 0.25890052356020943 0.42830540037243947 0.034031413612565446 0.0782122905027933
0 0.29109947643979056 0.4329608938547486 0.03769633507853403 0.08752327746741155
0 0.18651832460732984 0.4871973929236499 0.03534031413612566 0.10009310986964619
0 0.10575916230366492 0.4594972067039106 0.041884816753926704 0.14059590316573556
0 0.04384816753926701 0.5034916201117319 0.03795811518324607 0.16992551210428306
0 0.05418848167539267 0.46415270018621974 0.03821989528795811 0.14990689013035383
0 0.013089005235602094 0.5204841713221602 0.02617801047120419 0.17690875232774675
0 0.0887434554973822 0.4106145251396648 0.03926701570680628 0.04283054003724395
0 0.04895287958115183 0.40502793296089384 0.03507853403141361 0.03165735567970205
0 0.01806282722513089 0.4129422718808194 0.034031413612565446 0.04748603351955307
0 0.2361256544502618 0.898975791433892 0.05130890052356021 0.20204841713221602
0 0.362565445026178 0.5861266294227188 0.05235602094240838 0.20018621973929238
0 0.37356020942408374 0.436219739292365 0.050785340314136125 0.09404096834264432