0 0.21484037963761865 0.27982326951399117 0.4296807592752373 0.45913107511045653
0 0.7010353753235548 0.20802650957290134 0.12812769628990509 0.15537555228276878
0 0.29767040552200175 0.664580265095729 0.11949956859361519 0.16899852724594994
0 0.15552200172562555 0.7268041237113402 0.06837791199309749 0.27908689248895435
0 0.5173684210526316 0.9328571428571429 0.008403796376186375 0.0837334315169367
0 0.7790379637618636 0.8278276877761415 0.015854184641932702 0.06150957290132546
0 0.765685936151855 0.8423416789396172 0.012463330457290712 0.07396170839469812
0 0.8833822260569457 0.762179675994109 0.0143054357204486 0.029661266568483044
0 0.9788006902502158 0.7839837997054493 0.010081967213114707 0.044042709867452096
0 0.9792062122519414 0.8473048600883651 0.014663503019844796 0.03628129602356405
0 0.9708800690250216 0.9863770250368189 0.02459016393442623 0.027245949926362298
0 0.9871009490940466 0.9112297496318115 0.017152717860224424 0.03889543446244473
0 0.9950388265746333 0.9285714285714286 0.00992234685073339 0.044182621502209134
0 0.9954702329594478 0.8674521354933726 0.0090595340811044 0.036818851251840944
0 0.9439861949956859 0.8511340206185568 0.008528904227782564 0.04027245949926366
0 0.8615056082830026 0.82120029455081 0.008472821397756632 0.030110456553755598
0 0.8741716997411562 0.8276509572901326 0.007942191544434795 0.026428571428571503
0 0.8474892148403796 0.7974963181148749 0.012778257118205303 0.05817378497790869
0 0.9400733390854186 0.8224889543446244 0.011453839516824927 0.033298969072164966
0 0.9714279551337359 0.5942268041237113 0.01201035375323561 0.049270986745213526
0 0.9448317515099223 0.5879307805596466 0.008132010353753197 0.03790868924889545
0 0.9526488352027609 0.591921944035346 0.007148403796376257 0.040979381443298955
0 0.8844564279551338 0.5853166421207658 0.004767040552200251 0.042511045655375564
0 0.8701725625539257 0.595139911634757 0.01032786885245904 0.021642120765832096
0 0.7762295081967213 0.588100147275405 0.006954270923209617 0.037032400589101594
0 0.765358067299396 0.5893298969072165 0.006406384814495215 0.03948453608247423
0 0.6671182053494392 0.6035861561119293 0.008041415012942137 0.04467599410898377
0 0.6512122519413287 0.6078865979381444 0.006773080241587497 0.047135493372606765
0 0.6372864538395169 0.6107952871870398 0.005146678170836858 0.04314432989690724
0 0.6296505608283003 0.6126362297496318 0.0031622088006902187 0.04192194403534606
0 0.6222821397756687 0.6144845360824742 0.004236410698878414 0.04683357879234169
0 0.6123080241587575 0.6143298969072165 0.00764452113891277 0.04775405007363772
0 0.6169801553062986 0.614941089837997 0.004771354616048294 0.044072164948453625
0 0.6066479723899914 0.6186303387334315 0.006022433132010369 0.045301914580265085
0 0.5906557377049181 0.6256848306332843 0.009249352890422802 0.042245949926362304
0 0.5289732528041415 0.6476067746686304 0.009659188955996495 0.048033873343151706
0 0.5106471095772218 0.6540574374079529 0.00820966350301993 0.052341678939617116
0 0.49177739430543577 0.6623416789396172 0.010711820534943886 0.05173784977908689
0 0.43757981018119063 0.6934977908689248 0.010539257981018244 0.058821796759941085
0 0.4754961173425366 0.6703166421207658 0.005172562553925704 0.05173048600883652
0 0.46902502157031917 0.6552724594992636 0.00417601380500444 0.022864506627393193
0 0.44178170836928393 0.9654491899852724 0.023710094909404674 0.03570692194403535
0 0.5843399482312338 0.9653902798232695 0.013373597929249352 0.06921944035346098
0 0.5975323554788611 0.9528718703976435 0.01223468507333914 0.06946244477172307
0 0.6177739430543572 0.9745949926362297 0.01898188093183779 0.0508100147275405
0 0.6497368421052632 0.9611634756995582 0.015314926660914581 0.06885861561119293
0 0.6361087144089732 0.9804860088365243 0.007333908541846419 0.0390279823269514
0 0.6686065573770491 0.8772606774668632 0.008472821397756632 0.06184094256259206
0 0.5552243313201035 0.8961413843888071 0.0076229508196721625 0.06278350515463917
0 0.5682528041415013 0.8962960235640649 0.01032786885245904 0.061863033873343146
0 0.5826272648835202 0.88340206185567 0.010336496980155322 0.06184830633284242
0 0.6781320103537533 0.8794108983799706 0.0077049180327869405 0.06491163475699564
0 0.6853192407247627 0.8718851251840942 0.006272648835202745 0.049860088365243034
0 0.7101639344262295 0.8818851251840942 0.008947368421052537 0.06126656848306336
0 0.7214840379637619 0.8811192930780559 0.007873166522864539 0.06586892488954348
0 0.7017169974115617 0.8151104565537556 0.007860224331320017 0.05044918998527245
0 0.7313675582398619 0.802680412371134 0.006803278688524582 0.05135493372606775
0 0.7401725625539258 0.7963843888070692 0.007169974115616864 0.05595729013254787
0 0.6890509059534081 0.8144992636229751 0.008753235547886092 0.052908689248895364
0 0.6856341673856773 0.840898379970545 0.007424503882657479 0.04433726067746689
0 0.6877911993097497 0.7732106038291605 0.006954270923209617 0.04396170839469812
0 0.6792579810181191 0.7808836524300442 0.006048317515099216 0.04581001472754053
0 0.6448446937014668 0.781958762886598 0.008723037100949007 0.05287187039764356
0 0.6567040552200173 0.775662739322533 0.007290767903365009 0.04396170839469812
0 0.6721570319240725 0.7733652430044182 0.005146678170836858 0.0528645066273932
0 0.6673037100949094 0.7802430044182622 0.007433132010353761 0.04628865979381436
0 0.6380155306298534 0.7577025036818852 0.007282139775668727 0.04977908689248897
0 0.6438567730802416 0.749720176730486 0.004227782571182132 0.038718703976435884
0 0.6542795513373597 0.7567820324005892 0.007109577221742889 0.03933726067746683
0 0.6648792062122519 0.7661487481590575 0.00819672131147541 0.04824742268041236
0 0.5299784296807593 0.8365905743740797 0.004779982743744576 0.041863033873343086
0 0.5387834339948232 0.8365905743740797 0.005146678170836858 0.04555228276877754
0 0.5375237273511648 0.8270765832106038 0.004784296807592815 0.0387849779086893
0 0.4873597929249352 0.9001325478645067 0.016678170836928324 0.04499263622974956
0 0.8347238999137188 0.7654712812960236 0.008740293356341768 0.025154639175257794
0 0.8434296807592752 0.7654712812960236 0.009206212251941391 0.02726067746686302
0 0.8202329594477998 0.8076067746686304 0.012152717860224363 0.06734904270986748