0 0.37826797385620914 0.38284518828451886 0.32189542483660133 0.23430962343096234
0 0.09068627450980392 0.25 0.18137254901960784 0.5
0 0.36519607843137253 0.16422594142259414 0.2238562091503268 0.3284518828451883
0 0.4991830065359477 0.06694560669456066 0.08006535947712418 0.13389121338912133
0 0.5359477124183006 0.0899581589958159 0.006535947712418301 0.1799163179916318
0 0.2034313725490196 0.038702928870292884 0.09967320261437909 0.07740585774058577
0 0.125 0.056485355648535567 0.1388888888888889 0.11297071129707113
0 0.4959150326797386 0.0596234309623431 0.06699346405228758 0.1192468619246862
0 0.885735294117647 0.07161087866108787 0.09522875816993459 0.13941422594142264
0 0.8651960784313726 0.75 0.12908496732026145 0.5
0 0.7650490196078432 0.6967573221757323 0.09890522875816998 0.36887029288702927
0 0.9591503267973857 0.694560669456067 0.08169934640522876 0.37656903765690375