0 0.1621853546910755 0.14969450101832993 0.3240846681922197 0.29938900203665986
0 0.1438787185354691 0.530040733197556 0.017448512585812356 0.17922606924643583
0 0.5287471395881007 0.6568228105906314 0.052917620137299774 0.23421588594704684
0 0.5001430205949656 0.7828411405295316 0.05863844393592677 0.25712830957230143
0 0.9462242562929062 0.9134419551934827 0.05606407322654462 0.17311608961303462
0 0.8147883295194508 0.4595213849287169 0.05863844393592677 0.21130346232179226
0 0.8505434782608695 0.4315173116089613 0.04433638443935927 0.21639511201629327
0 0.8452517162471396 0.3289205702647658 0.05434782608695652 0.059063136456211814
0 0.7874713958810069 0.31771894093686354 0.041762013729977114 0.03665987780040733
0 0.9018878718535469 0.35081466395112015 0.03832951945080092 0.10285132382892057
0 0.6976544622425629 0.3212830957230143 0.055491990846681924 0.04378818737270876
0 0.35297482837528604 0.43228105906313646 0.006864988558352402 0.18839103869653767
0 0.3715675057208238 0.43126272912423624 0.044050343249427915 0.20672097759674135
0 0.37986270022883295 0.3340122199592668 0.04462242562929062 0.06924643584521385
0 0.6041189931350115 0.9541751527494908 0.07437070938215103 0.09164969450101833
0 0.6917906178489702 0.4404276985743381 0.06149885583524028 0.21384928716904278
0 0.7039473684210527 0.914969450101833 0.07723112128146453 0.17006109979633402
0 0.8627002288329519 0.7930244399185336 0.05434782608695652 0.2520366598778004