0 0.261864406779661 0.17756539235412475 0.17401129943502824 0.16398390342052313
0 0.7387005649717514 0.10915492957746478 0.053389830508474574 0.02112676056338028
0 0.6048022598870056 0.012072434607645875 0.02937853107344633 0.01609657947686117
0 0.4638418079096045 0.8908450704225352 0.05649717514124294 0.21830985915492956
0 0.11497175141242938 0.8709758551307847 0.05367231638418079 0.2238430583501006
0 0.14322033898305084 0.7540241448692153 0.05084745762711865 0.23641851106639838
0 0.20451977401129945 0.30784708249496984 0.0519774011299435 0.096579476861167
0 0.4909604519774011 0.4471830985915493 0.01807909604519774 0.1358148893360161
0 0.319774011299435 0.926056338028169 0.06779661016949153 0.14788732394366197
0 0.24844632768361583 0.49748490945674045 0.05508474576271186 0.2012072434607646
0 0.3134180790960452 0.46101609657947684 0.05508474576271186 0.21881287726358148
0 0.3677966101694915 0.432092555331992 0.0423728813559322 0.19114688128772636
0 0.39887005649717516 0.4245472837022133 0.05084745762711865 0.18611670020120724
0 0.4370056497175141 0.4044265593561368 0.05084745762711865 0.18611670020120724
0 0.44124293785310736 0.5829979879275654 0.05367231638418079 0.21629778672032193
0 0.4588983050847458 0.5188631790744467 0.046610169491525424 0.17857142857142858
0 0.32401129943502827 0.2852112676056338 0.03672316384180791 0.05130784708249497
0 0.3531073446327684 0.28169014084507044 0.04406779661016949 0.04426559356136821
0 0.3903954802259887 0.2892354124748491 0.05084745762711865 0.059356136820925554
0 0.07471751412429378 0.3566398390342052 0.046610169491525424 0.15090543259557343
0 0.08022598870056497 0.30030181086519114 0.04971751412429379 0.08148893360160966
0 0.012994350282485875 0.3329979879275654 0.02598870056497175 0.14688128772635814