0 0.13952879581151834 0.159683426443203 0.2036649214659686 0.319366852886406
0 0.418717277486911 0.8156424581005587 0.056282722513089 0.21415270018621974
0 0.017277486910994764 0.6699255121042831 0.03455497382198953 0.20763500931098697
0 0.03586387434554974 0.5619180633147114 0.04712041884816754 0.21880819366852886
0 0.3539267015706806 0.6876163873370578 0.049738219895287955 0.23743016759776536
0 0.10575916230366492 0.340316573556797 0.048167539267015703 0.04189944134078212
0 0.1743455497382199 0.41247672253258844 0.05759162303664921 0.186219739292365
0 0.35785340314136127 0.42108938547486036 0.03926701570680628 0.19320297951582868
0 0.32696335078534033 0.39385474860335196 0.043455497382198956 0.148975791433892
0 0.23219895287958114 0.3649906890130354 0.03926701570680628 0.09124767225325885
0 0.2693717277486911 0.36359404096834264 0.03821989528795811 0.08845437616387337
0 0.27146596858638744 0.8249534450651769 0.06544502617801047 0.2839851024208566
0 0.28717277486910997 0.7062383612662942 0.0549738219895288 0.20949720670391062
0 0.22303664921465968 0.667830540037244 0.06282722513089005 0.23044692737430167
0 0.5060209424083769 0.909683426443203 0.049738219895287955 0.18063314711359404
0 0.5321989528795812 0.8151769087523277 0.04712041884816754 0.21880819366852886
0 0.5890052356020943 0.38314711359404097 0.048167539267015703 0.12756052141527002
0 0.587958115183246 0.34590316573556795 0.05130890052356021 0.05307262569832402
0 0.8712041884816754 0.5311918063314711 0.049738219895287955 0.12569832402234637
0 0.8234293193717277 0.609171322160149 0.04319371727748691 0.22579143389199255
0 0.8208115183246073 0.4858007448789572 0.04319371727748691 0.12802607076350092
0 0.8209424083769633 0.36685288640595903 0.03769633507853403 0.09497206703910614
0 0.8744764397905759 0.675512104283054 0.04581151832460733 0.1908752327746741
0 0.8657068062827226 0.9343575418994413 0.03926701570680628 0.13128491620111732
0 0.7285340314136126 0.6138268156424581 0.041884816753926704 0.16992551210428306
0 0.7691099476439791 0.601024208566108 0.03664921465968586 0.186219739292365
0 0.687303664921466 0.4159683426443203 0.04319371727748691 0.16527001862197394
0 0.7188481675392671 0.340316573556797 0.0356020942408377 0.04189944134078212
0 0.7213350785340314 0.40432960893854747 0.04057591623036649 0.16527001862197394
0 0.750130890052356 0.4159683426443203 0.03795811518324607 0.16992551210428306
0 0.47539267015706804 0.37057728119180633 0.011518324607329843 0.10242085661080075
0 0.9871727748691099 0.4134078212290503 0.025654450261780103 0.1601489757914339
0 0.8036649214659686 0.8924581005586593 0.05654450261780105 0.21508379888268156
0 0.7206806282722513 0.8419459962756052 0.0549738219895288 0.2118249534450652
0 0.6558900523560209 0.7732774674115456 0.04842931937172775 0.23277467411545624
0 0.9897905759162303 0.7965549348230913 0.020418848167539267 0.21880819366852886
0 0.8460732984293193 0.9422718808193669 0.05235602094240838 0.1154562383612663
0 0.6767015706806283 0.3682495344506518 0.03507853403141361 0.09776536312849161
0 0.9853403141361257 0.34823091247672255 0.02931937172774869 0.05772811918063315
0 0.5171465968586387 0.48812849162011174 0.03795811518324607 0.16992551210428306
0 0.8447643979057592 0.38687150837988826 0.03926701570680628 0.13500931098696461