0 0.1011608623548922 0.21607669616519173 0.17081260364842454 0.3023598820058997
0 0.6969320066334992 0.08259587020648967 0.03565505804311774 0.1504424778761062
0 0.018656716417910446 0.6740412979351033 0.01285240464344942 0.10398230088495575
0 0.029850746268656716 0.6740412979351033 0.01451077943615257 0.09144542772861357
0 0.03731343283582089 0.6792035398230089 0.006218905472636816 0.06710914454277286
0 0.001658374792703151 0.6998525073746312 0.002902155887230514 0.16150442477876106
0 0.10530679933665009 0.6792035398230089 0.022802653399668325 0.06415929203539823
0 0.13059701492537312 0.6482300884955752 0.02943615257048093 0.13274336283185842
0 0.14759535655058043 0.6504424778761062 0.018656716417910446 0.12536873156342182
0 0.5737976782752903 0.7337758112094396 0.24253731343283583 0.46755162241887904
0 0.8296019900497512 0.7050147492625368 0.13764510779436154 0.28982300884955753