0 0.3102209944751381 0.15520628683693516 0.3541436464088398 0.3104125736738703
0 0.7740331491712708 0.31090373280943023 0.10138121546961326 0.1969548133595285
0 0.8704419889502762 0.30206286836935164 0.09889502762430939 0.2151277013752456
0 0.5359116022099447 0.8506876227897839 0.13480662983425415 0.29862475442043224
0 0.9375690607734807 0.7863457760314342 0.10939226519337017 0.42730844793713163
0 0.8986187845303868 0.7524557956777996 0.08535911602209945 0.2598231827111984
0 0.8599447513812155 0.7288801571709234 0.052486187845303865 0.21168958742632613
0 0.8232044198895028 0.7288801571709234 0.05552486187845304 0.1900785854616896
0 0.7712707182320442 0.7156188605108055 0.05828729281767956 0.19400785854616895
0 0.7417127071823204 0.7352652259332023 0.08314917127071823 0.24410609037328093
0 0.6986187845303867 0.7485265225933202 0.07790055248618785 0.356090373280943