0 0.14858490566037735 0.39338235294117646 0.2971698113207547 0.5514705882352942
0 0.9245283018867925 0.33455882352941174 0.1509433962264151 0.6691176470588235
0 0.6494693396226415 0.3545168067226891 0.19988207547169812 0.6292016806722689
0 0.6995872641509434 0.13392857142857142 0.16804245283018868 0.26785714285714285
0 0.5893278301886793 0.32510504201680673 0.07930424528301887 0.6502100840336135
0 0.8107311320754716 0.3482142857142857 0.14475235849056603 0.6418067226890757
0 0.9065448113207547 0.32668067226890757 0.12411556603773585 0.5740546218487395
0 0.8953419811320755 0.8707983193277311 0.09581367924528301 0.25787815126050423
0 0.8325471698113207 0.8834033613445378 0.05837264150943396 0.23266806722689076
0 0.7668042452830188 0.8697478991596639 0.11969339622641509 0.2605042016806723
0 0.6140919811320755 0.8849789915966386 0.12912735849056603 0.23004201680672268
0 0.6748231132075472 0.8802521008403361 0.08136792452830188 0.23949579831932774