0 0.25 0.24458874458874458 0.5 0.48917748917748916
0 0.75 0.24458874458874458 0.5 0.48917748917748916
0 0.06818181818181818 0.7445887445887446 0.13636363636363635 0.5108225108225108
0 0.6017316017316018 0.8300865800865801 0.05194805194805195 0.3398268398268398
0 0.658008658008658 0.8170995670995671 0.046536796536796536 0.3647186147186147
0 0.7316017316017316 0.6515151515151515 0.021645021645021644 0.06818181818181818
0 0.7478354978354979 0.8095238095238095 0.048701298701298704 0.38095238095238093
0 0.8344155844155844 0.7261904761904762 0.048701298701298704 0.22402597402597402
0 0.8755411255411255 0.6331168831168831 0.023809523809523808 0.07251082251082251
0 0.8885281385281385 0.8235930735930735 0.049783549783549784 0.3528138528138528
0 0.9783549783549783 0.8051948051948052 0.04329004329004329 0.38961038961038963
0 0.933982683982684 0.6883116883116883 0.017316017316017316 0.12337662337662338
0 0.9025974025974026 0.6504329004329005 0.020562770562770564 0.07034632034632035
0 0.9177489177489178 0.6612554112554112 0.008658008658008658 0.03463203463203463