0 0.05706214689265537 0.18963782696177062 0.007909604519774011 0.06287726358148893
0 0.08728813559322034 0.20875251509054327 0.039265536723163845 0.1579476861167002
0 0.07344632768361582 0.3028169014084507 0.023163841807909605 0.15543259557344064
0 0.023163841807909605 0.29527162977867205 0.025706214689265535 0.17756539235412475
0 0.8759887005649718 0.3682092555331992 0.22655367231638418 0.16297786720321933
0 0.603954802259887 0.20372233400402415 0.20084745762711864 0.34004024144869216
0 0.45932203389830506 0.32595573440643866 0.17966101694915254 0.24748490945674045
0 0.3765536723163842 0.9004024144869215 0.014124293785310734 0.19919517102615694
0 0.3898305084745763 0.7962776659959758 0.04067796610169491 0.23641851106639838
0 0.7505649717514125 0.5035211267605634 0.05367231638418079 0.10764587525150905
0 0.6992937853107345 0.5736921529175051 0.046610169491525424 0.24396378269617705
0 0.6963276836158192 0.47937625754527163 0.04689265536723164 0.059356136820925554
0 0.7543785310734463 0.6453722334004024 0.04943502824858757 0.2062374245472837
0 0.7449152542372881 0.9270623742454729 0.0423728813559322 0.14587525150905434
0 0.9646892655367232 0.48088531187122735 0.03559322033898305 0.06237424547283702
0 0.5968926553672317 0.5787223340040242 0.04519774011299435 0.1836016096579477
0 0.6406779661016949 0.5648893360160966 0.03954802259887006 0.2012072434607646
0 0.5043785310734463 0.7962776659959758 0.05508474576271186 0.2665995975855131
0 0.9827683615819209 0.5261569416498993 0.03446327683615819 0.1529175050301811
0 0.8734463276836159 0.4894366197183099 0.03389830508474576 0.079476861167002
0 0.9146892655367231 0.4783702213279678 0.04519774011299435 0.05734406438631791
0 0.9203389830508475 0.5573440643863179 0.04519774011299435 0.1659959758551308
0 0.9026836158192091 0.6906438631790744 0.05508474576271186 0.1710261569416499
0 0.8864406779661017 0.8440643863179075 0.0480225988700565 0.23138832997987926
0 0.5353107344632768 0.4859154929577465 0.03785310734463277 0.07243460764587525
0 0.5700564971751413 0.7585513078470825 0.05084745762711865 0.22635814889336017
0 0.6795197740112995 0.8038229376257545 0.04943502824858757 0.22635814889336017