0 0.17487046632124353 0.25461538461538463 0.34974093264248707 0.5092307692307693
0 0.9620034542314335 0.30153846153846153 0.012953367875647668 0.036923076923076927
0 0.9537996545768567 0.36538461538461536 0.027633851468048358 0.15692307692307692
0 0.9339378238341969 0.3853846153846154 0.018566493955094993 0.06846153846153846
0 0.9127806563039723 0.39692307692307693 0.03195164075993091 0.2246153846153846
0 0.8579447322970639 0.37846153846153846 0.041018998272884286 0.26153846153846155
0 0.8147668393782384 0.38 0.045768566493955096 0.25769230769230766
0 0.8350604490500864 0.32384615384615384 0.02158894645941278 0.09153846153846154
0 0.7741796200345423 0.3830769230769231 0.030224525043177894 0.25076923076923074
0 0.7392055267702936 0.38153846153846155 0.04145077720207254 0.2553846153846154
0 0.6727115716753023 0.39 0.07124352331606218 0.2376923076923077
0 0.6088082901554405 0.36230769230769233 0.037132987910189985 0.21615384615384614
0 0.6437823834196891 0.3153846153846154 0.015112262521588947 0.09615384615384616
0 0.6748704663212435 0.2723076923076923 0.009930915371329879 0.024615384615384615
0 0.7055267702936097 0.3161538461538462 0.022884283246977548 0.1076923076923077
0 0.689119170984456 0.28692307692307695 0.012089810017271158 0.05923076923076923
0 0.42875647668393785 0.8546153846153847 0.2910189982728843 0.26153846153846155
0 0.22582037996545767 0.8223076923076923 0.172279792746114 0.27615384615384614
0 0.25302245250431776 0.8469230769230769 0.13557858376511225 0.1753846153846154