0 0.2779329608938548 0.20178926441351888 0.14162011173184358 0.40308151093439365
0 0.29720670391061454 0.5715705765407555 0.14162011173184358 0.0636182902584493
0 0.48156424581005586 0.614314115308151 0.03687150837988827 0.14910536779324055
0 0.9634078212290503 0.9736580516898609 0.05307262569832402 0.05268389662027833
0 0.9351955307262569 0.9130218687872763 0.05027932960893855 0.17395626242544732
0 0.5737430167597766 0.639662027833002 0.05307262569832402 0.1341948310139165
0 0.6247206703910615 0.7229125248508946 0.046089385474860335 0.24105367793240556
0 0.6273743016759776 0.5994035785288271 0.04581005586592179 0.11928429423459244
0 0.5702513966480447 0.7937375745526839 0.04888268156424581 0.20377733598409542
0 0.9067039106145252 0.6232604373757455 0.04581005586592179 0.16699801192842942
0 0.725977653631285 0.727882703777336 0.0446927374301676 0.18141153081510936
0 0.6826815642458101 0.7142147117296223 0.03910614525139665 0.1988071570576541
0 0.7698324022346369 0.5720675944333996 0.04581005586592179 0.06461232604373758
0 0.7335195530726257 0.56610337972167 0.04357541899441341 0.05268389662027833
0 0.7027932960893855 0.5735586481113321 0.04022346368715084 0.06759443339960239
0 0.6455307262569833 0.9552683896620279 0.05977653631284916 0.08946322067594434
0 0.7343575418994414 0.9289264413518886 0.05865921787709497 0.14214711729622267
0 0.8033519553072626 0.8866799204771372 0.05139664804469274 0.22664015904572565