0 0.1087431693989071 0.16650485436893203 0.08032786885245902 0.05776699029126214
0 0.2633879781420765 0.28883495145631066 0.25218579234972677 0.48009708737864076
0 0.857103825136612 0.42766990291262136 0.058469945355191254 0.2029126213592233
0 0.973224043715847 0.08786407766990291 0.053551912568306013 0.17572815533980582
0 0.6021857923497268 0.05728155339805825 0.060109289617486336 0.1145631067961165
0 0.7937158469945356 0.06359223300970873 0.040983606557377046 0.12718446601941746
0 0.7614754098360655 0.037864077669902914 0.0453551912568306 0.07572815533980583
0 0.7199453551912568 0.3237864077669903 0.05737704918032787 0.21844660194174756
0 0.7273224043715847 0.41067961165048544 0.05901639344262295 0.23689320388349513
0 0.6509562841530054 0.26189320388349513 0.06147540983606557 0.23058252427184467
0 0.14672131147540984 0.7645631067961165 0.15437158469945356 0.470873786407767
0 0.29508196721311475 0.7645631067961165 0.1360655737704918 0.470873786407767
0 0.4122950819672131 0.7645631067961165 0.1521857923497268 0.470873786407767
0 0.4937158469945355 0.7786407766990291 0.03224043715846994 0.44271844660194176
0 0.28825136612021857 0.7645631067961165 0.2871584699453552 0.470873786407767