0 0.32563025210084034 0.199438202247191 0.5084033613445378 0.398876404494382
0 0.9411764705882353 0.2401685393258427 0.11764705882352941 0.3960674157303371
0 0.7710084033613446 0.21910112359550563 0.2857142857142857 0.43820224719101125
0 0.39915966386554624 0.7373595505617978 0.15126050420168066 0.31179775280898875
0 0.05042016806722689 0.7542134831460674 0.10084033613445378 0.2949438202247191
0 0.5651260504201681 0.6896067415730337 0.029411764705882353 0.1601123595505618
0 0.5399159663865546 0.6657303370786517 0.037815126050420166 0.1797752808988764
0 0.49369747899159666 0.672752808988764 0.046218487394957986 0.17696629213483145
0 0.44432773109243695 0.6867977528089888 0.04411764705882353 0.10955056179775281
0 0.3077731092436975 0.6896067415730337 0.031512605042016806 0.16573033707865167
0 0.2857142857142857 0.7148876404494382 0.025210084033613446 0.1151685393258427
0 0.13445378151260504 0.6811797752808989 0.046218487394957986 0.14887640449438203