0 0.08055555555555556 0.2563559322033898 0.15476190476190477 0.3403954802259887
0 0.17103174603174603 0.14336158192090395 0.11825396825396825 0.13771186440677965
0 0.23492063492063492 0.12217514124293785 0.09126984126984126 0.0826271186440678
0 0.3357142857142857 0.2775423728813559 0.2150793650793651 0.3036723163841808
0 0.4261904761904762 0.2196327683615819 0.07976190476190476 0.21257062146892655
0 0.44166666666666665 0.14548022598870056 0.10873015873015873 0.125
0 0.7313492063492063 0.13912429378531074 0.11865079365079365 0.1617231638418079
0 0.725 0.4018361581920904 0.054365079365079366 0.05508474576271186
0 0.08333333333333333 0.8975988700564972 0.07182539682539682 0.2040960451977401
0 0.06031746031746032 0.7620056497175142 0.046031746031746035 0.1497175141242938
0 0.7396825396825397 0.5324858757062146 0.0380952380952381 0.11299435028248588