0 0.16061452513966482 0.2798210735586481 0.13798882681564245 0.3588469184890656
0 0.12877094972067038 0.23956262425447317 0.25754189944134076 0.4393638170974155
0 0.2405027932960894 0.22962226640159045 0.038547486033519554 0.4592445328031809
0 0.06089385474860335 0.09294234592445327 0.07932960893854749 0.18588469184890655
0 0.3304469273743017 0.3643141153081511 0.05307262569832402 0.18986083499005965
0 0.3583798882681564 0.2649105367793241 0.05027932960893855 0.23359840954274355
0 0.7198324022346368 0.01441351888667992 0.05307262569832402 0.02882703777335984
0 0.6974860335195531 0.3658051689860835 0.05307262569832402 0.18687872763419483
0 0.4329608938547486 0.025347912524850896 0.05139664804469274 0.05069582504970179
0 0.8918994413407821 0.16053677932405566 0.0670391061452514 0.21371769383697814
0 0.506145251396648 0.10238568588469185 0.061452513966480445 0.2047713717693837
0 0.7019553072625698 0.11456262425447317 0.04189944134078212 0.2062624254473161
0 0.6689944134078212 0.08250497017892644 0.04636871508379888 0.16500994035785288
0 0.5678770949720671 0.05168986083499006 0.04189944134078212 0.10337972166998012
0 0.6075418994413407 0.05019880715705766 0.04078212290502793 0.10039761431411531
0 0.8784916201117319 0.055168986083499 0.03519553072625698 0.110337972166998
0 0.8980446927374302 0.020377733598409543 0.04078212290502793 0.040755467196819085
0 0.6097765363128491 0.426441351888668 0.06983240223463687 0.06560636182902585
0 0.626536312849162 0.3832007952286282 0.05865921787709497 0.15208747514910537
0 0.5581005586592179 0.35685884691848907 0.0670391061452514 0.2047713717693837
0 0.385195530726257 0.8106361829025845 0.07932960893854749 0.3275347912524851