0 0.10366138059701492 0.4760572139303483 0.012360074626865671 0.039956467661691544
0 0.5767257462686567 0.333955223880597 0.013526119402985074 0.10883084577114428
0 0.6620802238805971 0.06747512437810946 0.022388059701492536 0.06560945273631841
0 0.5754430970149254 0.0632773631840796 0.010960820895522388 0.05752487562189055
0 0.9834421641791045 0.8428171641791045 0.03264925373134328 0.314365671641791
0 0.6392257462686567 0.8254042288557214 0.0679804104477612 0.29741915422885573
0 0.8423507462686567 0.8249378109452736 0.06902985074626866 0.31654228855721395
0 0.7010261194029851 0.8226057213930348 0.06553171641791045 0.2904228855721393
0 0.9507929104477612 0.8524564676616916 0.05655317164179104 0.29508706467661694
0 0.9017024253731343 0.8196517412935324 0.06856343283582089 0.3454601990049751
0 0.7445195895522388 0.8097014925373134 0.049207089552238806 0.28280472636815923
0 0.7847481343283582 0.8218283582089553 0.06110074626865672 0.2966417910447761
0 0.8873600746268657 0.6441231343283582 0.04710820895522388 0.16884328358208955
0 0.9391324626865671 0.6548507462686567 0.05713619402985075 0.19029850746268656
0 0.6027285447761194 0.806592039800995 0.061567164179104475 0.2966417910447761
0 0.7544309701492538 0.6365049751243781 0.05608675373134328 0.15360696517412936
0 0.8439832089552238 0.6391480099502488 0.04757462686567164 0.15889303482587064
0 0.6774720149253731 0.693407960199005 0.03626399253731343 0.10245646766169154
0 0.8038712686567164 0.6464552238805971 0.04267723880597015 0.16588930348258707
0 0.6772388059701493 0.7913557213930348 0.03579757462686567 0.29508706467661694