0 0.04054054054054054 0.3331730769230769 0.08108108108108109 0.3721153846153846
0 0.37405405405405406 0.3317307692307692 0.17189189189189188 0.375
0 0.34405405405405404 0.19615384615384615 0.17270270270270272 0.2423076923076923
0 0.7283783783783784 0.3730769230769231 0.10864864864864865 0.2923076923076923
0 0.7081081081081081 0.2144230769230769 0.14675675675675676 0.36682692307692305
0 0.9316216216216217 0.36682692307692305 0.11864864864864864 0.28221153846153846
0 0.09924864864864859 0.7678076923076923 0.026183783783783814 0.1593365384615385
0 0.13545945945945942 0.7549807692307692 0.029437837837837856 0.13368269230769228
0 0.1555027027027026 0.7003942307692308 0.01908648648648646 0.058173076923076925
0 0.17261621621621628 0.7114615384615385 0.017291891891891772 0.05144230769230769
0 0.19977297297297295 0.7502596153846154 0.01972972972972973 0.14826923076923082
0 0.21715675675675677 0.7520961538461538 0.02279999999999991 0.14714423076923075
0 0.23440540540540544 0.7374230769230768 0.01262702702702685 0.08414423076923076
0 0.7718918918918919 0.7600961538461538 0.45594594594594595 0.4793269230769231
0 0.6767567567567567 0.8110576923076923 0.13108108108108107 0.3778846153846154