0 0.17504118616144976 0.322998046875 0.1828665568369028 0.515869140625
0 0.6600768808347062 0.470703125 0.07976386600768809 0.2265625
0 0.1400329489291598 0.94921875 0.018533772652388796 0.076416015625
0 0.15829214717188358 0.95166015625 0.023338824821526633 0.0791015625
0 0.0858045030203185 0.955810546875 0.016749038989566173 0.079833984375
0 0.10392641405820978 0.95654296875 0.02416254805052169 0.079345703125
0 0.03898956617243273 0.961669921875 0.030203185063152116 0.07666015625
0 0.012630422844590884 0.962158203125 0.025260845689181768 0.07568359375
0 0.3393739703459638 0.9287109375 0.015650741350906095 0.045166015625
0 0.3826194398682043 0.925537109375 0.0214168039538715 0.04638671875
0 0.4170785282811642 0.9296875 0.018945634266886325 0.0576171875
0 0.44769357495881384 0.92578125 0.01784733662822625 0.057373046875
0 0.4671883580450302 0.92529296875 0.02127951674903899 0.0654296875
0 0.27388797364085665 0.93017578125 0.013591433278418451 0.0517578125
0 0.2313289401427787 0.93359375 0.014415156507413509 0.050048828125
0 0.2057935200439319 0.939697265625 0.015376166941241077 0.059326171875