0 0.5033039647577092 0.24008810572687225 0.011013215859030838 0.24118942731277532
0 0.4922907488986784 0.2544052863436123 0.02643171806167401 0.22797356828193832
0 0.47577092511013214 0.25 0.019823788546255508 0.2301762114537445
0 0.460352422907489 0.2599118942731278 0.02092511013215859 0.21255506607929514
0 0.43722466960352424 0.24559471365638766 0.03524229074889868 0.23898678414096916
0 0.4185022026431718 0.31718061674008813 0.03524229074889868 0.09801762114537445
0 0.41629955947136565 0.21916299559471367 0.015418502202643172 0.11563876651982379
0 0.4063876651982379 0.19162995594713655 0.00881057268722467 0.03303964757709251
0 0.3964757709251101 0.26762114537444937 0.01762114537444934 0.19273127753303965
0 0.3876651982378855 0.2621145374449339 0.022026431718061675 0.19933920704845814
0 0.3744493392070485 0.24118942731277532 0.013215859030837005 0.13766519823788545
0 0.3634361233480176 0.21365638766519823 0.013215859030837005 0.07709251101321586
0 0.3513215859030837 0.20594713656387664 0.015418502202643172 0.04405286343612335
0 0.2444933920704846 0.13986784140969163 0.042951541850220265 0.07048458149779736
0 0.763215859030837 0.8193832599118943 0.44273127753303965 0.29955947136563876
0 0.6013215859030837 0.8920704845814978 0.18502202643171806 0.21585903083700442