0 0.2040358744394619 0.20964125560538116 0.4080717488789238 0.4192825112107623
0 0.844170403587444 0.2062780269058296 0.3116591928251121 0.4125560538116592
0 0.006726457399103139 0.4966367713004484 0.013452914798206279 0.1547085201793722
0 0.10426008968609865 0.5134529147982063 0.033632286995515695 0.17937219730941703
0 0.04147982062780269 0.5067264573991032 0.033632286995515695 0.17488789237668162
0 0.05717488789237668 0.5325112107623319 0.10089686098654709 0.2219730941704036
0 0.14798206278026907 0.5515695067264574 0.04932735426008968 0.1210762331838565
0 0.1961883408071749 0.5594170403587444 0.03811659192825112 0.11434977578475336
0 0.2219730941704036 0.5246636771300448 0.03139013452914798 0.04035874439461883
0 0.13004484304932734 0.5179372197309418 0.02242152466367713 0.07174887892376682
0 0.24103139013452915 0.5448430493273543 0.02914798206278027 0.053811659192825115
0 0.7073991031390134 0.7096412556053812 0.5852017937219731 0.5807174887892377