0 0.30033557046979864 0.22293577981651377 0.051174496644295304 0.14403669724770643
0 0.8626957494407159 0.49977064220183487 0.053131991051454136 0.20412844036697247
0 0.834731543624161 0.3931192660550459 0.050335570469798654 0.21559633027522937
0 0.7737695749440716 0.015137614678899083 0.05201342281879195 0.030275229357798167
0 0.4742729306487696 0.11330275229357799 0.049217002237136466 0.12385321100917432
0 0.49468680089485456 0.5146788990825688 0.053131991051454136 0.22935779816513763
0 0.7599272930648769 0.11100917431192661 0.051733780760626395 0.16972477064220184
0 0.6373042505592841 0.5169724770642202 0.06431767337807606 0.22477064220183487
0 0.5682326621923938 0.5477064220183486 0.05704697986577181 0.163302752293578
0 0.6865212527964206 0.23142201834862386 0.06152125279642058 0.21330275229357798
0 0.49077181208053694 0.2543577981651376 0.04194630872483222 0.19036697247706422
0 0.5236297539149888 0.1901376146788991 0.04614093959731544 0.22247706422018348
0 0.5264261744966443 0.06857798165137614 0.04614093959731544 0.12614678899082568
0 0.625 0.16376146788990825 0.04194630872483222 0.16055045871559634
0 0.5851510067114094 0.15229357798165138 0.040548098434004476 0.17889908256880735
0 0.6675055928411633 0.023394495412844038 0.04082774049217002 0.046788990825688076
0 0.6291946308724832 0.018807339449541285 0.03355704697986577 0.03761467889908257
0 0.5981543624161074 0.025688073394495414 0.036353467561521254 0.05137614678899083
0 0.5830536912751678 0.5706422018348624 0.06991051454138703 0.11743119266055047
0 0.921420581655481 0.09495412844036698 0.036353467561521254 0.12844036697247707
0 0.9060402684563759 0.038073394495412846 0.050335570469798654 0.07614678899082569
0 0.985178970917226 0.06559633027522936 0.0296420581655481 0.13119266055045872
0 0.2376957494407159 0.8935779816513761 0.0883668903803132 0.21284403669724772
0 0.15743847874720357 0.9137614678899083 0.08557046979865772 0.1724770642201835
0 0.02181208053691275 0.8944954128440367 0.0436241610738255 0.21100917431192662
0 0.07578299776286354 0.8986238532110091 0.10123042505592841 0.20275229357798166
0 0.3845078299776286 0.8811926605504588 0.1303131991051454 0.23761467889908258
0 0.30956375838926176 0.8926605504587156 0.07662192393736018 0.21467889908256882
0 0.16498881431767337 0.8224770642201835 0.09731543624161074 0.15871559633027524
0 0.6858221476510067 0.8440366972477065 0.06012304250559284 0.21100917431192662
0 0.738255033557047 0.7522935779816514 0.04194630872483222 0.21100917431192662
0 0.8045302013422819 0.7055045871559633 0.059843400447427295 0.15229357798165138
0 0.8934563758389261 0.6770642201834862 0.0587248322147651 0.09541284403669725
0 0.5892058165548099 0.6564220183486239 0.05425055928411633 0.05412844036697248
0 0.7592281879194631 0.7821100917431193 0.05592841163310962 0.23853211009174313