0 0.10238095238095238 0.25799623706491065 0.017195767195767195 0.0519755409219191
0 0.12222222222222222 0.2558795860771402 0.024735449735449735 0.04985888993414864
0 0.08783068783068783 0.24788334901222953 0.014021164021164021 0.02751646284101599
0 0.8189153439153439 0.2116650987770461 0.24365079365079365 0.3565380997177799
0 0.5062804232804232 0.770310442144873 0.03793121693121696 0.20189557855127
0 0.4852116402116402 0.7645202257761053 0.028396825396825434 0.19736124176857955
0 0.4616825396825397 0.7596472248353716 0.042470899470899465 0.20173095014111012
0 0.41044973544973545 0.8294920037629351 0.060582010582010584 0.34101599247412984
0 0.8178571428571428 0.6180620884289746 0.016137566137566138 0.10677328316086547
0 0.7972222222222223 0.6105362182502352 0.01521164021164021 0.10465663217309501
0 0.8541005291005291 0.6171213546566322 0.01521164021164021 0.0936030103480715
0 0.9711640211640211 0.6611006585136406 0.0164021164021164 0.11500470366886172