0 0.2 0.3305084745762712 0.3798941798941799 0.5781544256120528
0 0.46746031746031746 0.339924670433145 0.0992063492063492 0.5141242937853108
0 0.8476190476190476 0.3427495291902072 0.10793650793650794 0.5240112994350282
0 0.557936507936508 0.352165725047081 0.0880952380952381 0.4981167608286252
0 0.6529100529100529 0.3549905838041431 0.10158730158730159 0.4905838041431262
0 0.7457671957671957 0.3483992467043315 0.10476190476190476 0.512241054613936
0 0.9206349206349206 0.3356873822975518 0.08095238095238096 0.4839924670433145
0 0.7962962962962963 0.24670433145009416 0.07063492063492063 0.3625235404896422
0 0.5153439153439153 0.13653483992467044 0.04285714285714286 0.10969868173258004
0 0.6005291005291006 0.2688323917137476 0.06825396825396825 0.3935969868173258
0 0.7013227513227513 0.12476459510357815 0.06507936507936508 0.1699623352165725
0 0.6 0.14124293785310735 0.06904761904761905 0.1431261770244821
0 0.5145502645502645 0.2716572504708098 0.04285714285714286 0.3799435028248588
0 0.7018518518518518 0.2288135593220339 0.06428571428571428 0.3775894538606403
0 0.17724867724867724 0.7198681732580038 0.09470899470899471 0.20056497175141244
0 0.7587301587301587 0.823210922787194 0.05291005291005291 0.2189265536723164
0 0.671957671957672 0.9180790960451978 0.05714285714285714 0.1638418079096045
0 0.7955026455026455 0.9425612052730696 0.05555555555555555 0.11487758945386065
0 0.8955026455026455 0.975517890772128 0.07248677248677249 0.04896421845574388
0 0.8936507936507937 0.8898305084745762 0.06349206349206349 0.22033898305084745
0 0.4103174603174603 0.6854990583804144 0.040740740740740744 0.1318267419962335