0 0.2646892655367232 0.20573440643863178 0.19152542372881357 0.32344064386317906
0 0.13559322033898305 0.29527162977867205 0.2655367231638418 0.3893360160965795
0 0.7361581920903955 0.426056338028169 0.05084745762711865 0.12776659959758552
0 0.6748587570621469 0.04124748490945674 0.05254237288135593 0.08249496981891348
0 0.6608757062146893 0.1710261569416499 0.052259887005649715 0.18611670020120724
0 0.9853107344632769 0.28621730382293764 0.02937853107344633 0.07545271629778671
0 0.9686440677966102 0.38832997987927564 0.04350282485875706 0.20321931589537223
0 0.9903954802259887 0.39688128772635817 0.0192090395480226 0.18611670020120724
0 0.5867231638418079 0.30306841046277666 0.062146892655367235 0.23390342052313884
0 0.43248587570621466 0.2575452716297787 0.025423728813559324 0.24346076458752516
0 0.43389830508474575 0.12424547283702213 0.02824858757062147 0.13782696177062373
0 0.5245762711864407 0.22887323943661972 0.0423728813559322 0.176056338028169
0 0.4843220338983051 0.21629778672032193 0.04096045197740113 0.19617706237424548
0 0.5675141242937853 0.05030181086519115 0.04124293785310734 0.1006036217303823
0 0.5288135593220339 0.04527162977867203 0.03389830508474576 0.09054325955734406
0 0.49745762711864405 0.0528169014084507 0.03672316384180791 0.1056338028169014
0 0.8240112994350283 0.153420523138833 0.03672316384180791 0.14084507042253522
0 0.8084745762711865 0.06639839034205232 0.05084745762711865 0.13279678068410464
0 0.7935028248587571 0.011066398390342052 0.04350282485875706 0.022132796780684104
0 0.8918079096045197 0.11066398390342053 0.03672316384180791 0.1659959758551308
0 0.9751412429378531 0.16096579476861167 0.03954802259887006 0.16096579476861167
0 0.9348870056497175 0.16851106639839034 0.043785310734463276 0.19114688128772636
0 0.9440677966101695 0.08551307847082495 0.03672316384180791 0.12072434607645875
0 0.9601694915254237 0.06287726358148893 0.03785310734463277 0.12575452716297786
0 0.1769774011299435 0.8400402414486922 0.06073446327683616 0.23138832997987926
0 0.22994350282485876 0.7394366197183099 0.0423728813559322 0.23138832997987926
0 0.38742937853107345 0.6237424547283702 0.05790960451977401 0.23641851106639838
0 0.06525423728813559 0.5643863179074446 0.04915254237288136 0.1488933601609658
0 0.2617231638418079 0.7834507042253521 0.043785310734463276 0.26911468812877265
0 0.29703389830508475 0.6526659959758552 0.06073446327683616 0.23893360160965796