0 0.3968586387434555 0.34287709497206703 0.10628272251308901 0.2732774674115456
0 0.8299738219895288 0.2702513966480447 0.07303664921465969 0.15293296089385475
0 0.737696335078534 0.14013035381750466 0.038089005235602096 0.14711359404096835
0 0.7592931937172774 0.1543296089385475 0.03795811518324607 0.13268156424581007
0 0.0281413612565445 0.8980446927374302 0.056282722513089 0.20391061452513967
0 0.10850785340314135 0.8738361266294227 0.09345549738219895 0.25232774674115455
0 0.18141361256544503 0.8866387337057728 0.04397905759162304 0.22672253258845437
0 0.28538481675392674 0.881852886405959 0.03926701570680628 0.1952234636871509
0 0.24607329842931938 0.8686266294227187 0.04461780104712055 0.20843109869646184
0 0.16862303664921474 0.8152327746741154 0.0329554973821988 0.1263640595903165
0 0.14399476439790573 0.8059171322160148 0.028340314136125713 0.11311452513966472
0 0.24703403141361258 0.76731843575419 0.01710994764397897 0.056708566108007424
0 0.23153664921465975 0.7755493482309125 0.014065445026177896 0.06744413407821225
0 0.2092251308900523 0.7949301675977654 0.013157068062827283 0.0890316573556798
0 0.21968324607329845 0.7883705772811919 0.016157068062827292 0.10045158286778398
0 0.7493455497382199 0.9152700186219739 0.09070680628272251 0.13547486033519554
0 0.6777486910994764 0.7402234636871509 0.06636125654450262 0.2015828677839851