0 0.3111888111888112 0.44366197183098594 0.08041958041958042 0.2347417840375587
0 0.3811188811188811 0.39436619718309857 0.05944055944055944 0.2347417840375587
0 0.7333916083916084 0.30164319248826293 0.3094405594405594 0.6032863849765259
0 0.1486013986013986 0.8873239436619719 0.11888111888111888 0.22535211267605634
0 0.34353146853146854 0.9014084507042254 0.1486013986013986 0.19718309859154928
0 0.40472027972027974 0.897887323943662 0.11363636363636363 0.20422535211267606
0 0.26486013986013984 0.892018779342723 0.12062937062937062 0.215962441314554
0 0.07604895104895106 0.9049295774647887 0.1520979020979021 0.19014084507042253
0 0.6538461538461539 0.8098591549295775 0.15034965034965034 0.38028169014084506
0 0.881993006993007 0.8098591549295775 0.23601398601398602 0.38028169014084506
0 0.736013986013986 0.8098591549295775 0.17482517482517482 0.38028169014084506