0 0.3293515358361775 0.3734817813765182 0.2022184300341297 0.5521255060728745
0 0.7252559726962458 0.35121457489878544 0.04152445961319681 0.5455465587044535
0 0.8100113765642776 0.3967611336032389 0.034698521046643914 0.5187246963562753
0 0.8725824800910125 0.4008097165991903 0.040955631399317405 0.5177125506072875
0 0.95193401592719 0.4033400809716599 0.04522184300341297 0.5167004048582996
0 0.35409556313993173 0.7191295546558705 0.0540386803185438 0.07995951417004049
0 0.4061433447098976 0.7884615384615384 0.04664391353811149 0.21862348178137653
0 0.40898748577929467 0.694838056680162 0.04664391353811149 0.03137651821862348
0 0.046501706484641636 0.7907388663967612 0.044084186575654154 0.19483805668016194
0 0.35082480091012513 0.8476720647773279 0.04977246871444824 0.2074898785425101
0 0.5184869169510807 0.9691295546558705 0.05858930602957907 0.06174089068825911
0 0.5796359499431172 0.8856275303643725 0.055745164960182024 0.22874493927125505
0 0.12372013651877133 0.742914979757085 0.04835039817974972 0.12753036437246965
0 0.17150170648464164 0.7419028340080972 0.03811149032992037 0.12550607287449392
0 0.20079635949943117 0.7894736842105263 0.042662116040955635 0.19230769230769232
0 0.19425483503981797 0.9185222672064778 0.04948805460750853 0.16295546558704455
0 0.5093856655290102 0.7806174089068826 0.04550625711035267 0.1847165991902834
0 0.4653014789533561 0.7732793522267206 0.03981797497155859 0.1882591093117409
0 0.9114050056882821 0.8289473684210527 0.0611490329920364 0.23279352226720648
0 0.964448236632537 0.7616396761133604 0.042662116040955635 0.16497975708502025