0 0.23368298368298368 0.33765560165975106 0.21212121212121213 0.4636929460580913
0 0.6171328671328671 0.20176348547717843 0.22581585081585082 0.4019709543568465
0 0.4731934731934732 0.2966804979253112 0.18997668997668998 0.5456431535269709
0 0.8199300699300699 0.31431535269709543 0.1893939393939394 0.5103734439834025
0 0.9283216783216783 0.3433609958506224 0.14335664335664336 0.45020746887966806
0 0.6124708624708625 0.3516597510373444 0.25553613053613056 0.43568464730290457
0 0.7934149184149184 0.37655601659751037 0.32954545454545453 0.3853734439834025
0 0.2910839160839161 0.7684128630705395 0.05536130536130536 0.2308091286307054
0 0.26165501165501165 0.6696058091286307 0.05244755244755245 0.20020746887966806
0 0.055798368298368296 0.7424792531120332 0.06555944055944056 0.24636929460580914
0 0.5737179487179487 0.7847510373443983 0.46794871794871795 0.43049792531120334