0 0.3088235294117647 0.25157232704402516 0.1328781512605042 0.3498427672955975
0 0.3025210084033613 0.3309748427672956 0.11449579831932773 0.3584905660377358
0 0.872626050420168 0.36174528301886794 0.053655462184873874 0.23542452830188682
0 0.8126470588235294 0.3527830188679245 0.04085084033613444 0.20808176100628936
0 0.7153886554621848 0.3821698113207547 0.04380252100840341 0.2322798742138365
0 0.6292647058823528 0.35389937106918234 0.03121848739495801 0.16312893081761007
0 0.5625 0.4190251572327044 0.05777310924369748 0.300314465408805
0 0.46393907563025205 0.36300314465408806 0.040903361344537814 0.1750786163522013
0 0.5052205882352941 0.35531446540880507 0.020525210084033636 0.16281446540880495
0 0.7785189075630252 0.3471383647798742 0.03349789915966385 0.1716194968553459
0 0.7437499999999999 0.33503144654088046 0.029096638655462234 0.1631446540880503
0 0.3713235294117647 0.6918238993710691 0.13550420168067226 0.24528301886792453
0 0.29096638655462187 0.6650943396226415 0.09873949579831932 0.1918238993710692
0 0.18329831932773108 0.6878930817610063 0.1207983193277311 0.23742138364779874
0 0.0934873949579832 0.654874213836478 0.09243697478991597 0.17138364779874213
0 0.03676470588235294 0.6761006289308176 0.07352941176470588 0.2138364779874214
0 0.6386554621848739 0.9095911949685535 0.04096638655462185 0.0660377358490566
0 0.6964285714285714 0.9127358490566038 0.04989495798319328 0.05267295597484277
0 0.8996848739495799 0.9261006289308176 0.04779411764705882 0.02830188679245283
0 0.8524159663865546 0.934748427672956 0.06722689075630252 0.018081761006289308
0 0.7400210084033614 0.9205974842767296 0.04411764705882353 0.055031446540880505
0 0.8182773109243697 0.9119496855345912 0.0940126050420168 0.018081761006289308
0 0.8135504201680672 0.9300314465408805 0.04254201680672269 0.025943396226415096