0 0.5097560975609756 0.24481327800829875 0.13902439024390245 0.4896265560165975
0 0.9512195121951219 0.28526970954356845 0.0975609756097561 0.4087136929460581
0 0.25426829268292683 0.9253112033195021 0.0475609756097561 0.14937759336099585
0 0.29817073170731706 0.9408713692946058 0.045121951219512194 0.11825726141078838
0 0.3591463414634146 0.9356846473029046 0.03780487804878049 0.12863070539419086
0 0.4548780487804878 0.9398340248962656 0.03902439024390244 0.12033195020746888
0 0.49390243902439024 0.9377593360995851 0.04390243902439024 0.12448132780082988
0 0.12195121951219512 0.9387966804979253 0.026829268292682926 0.12240663900414937
0 0.039634146341463415 0.950207468879668 0.020731707317073172 0.0995850622406639
0 0.01524390243902439 0.9564315352697096 0.02804878048780488 0.08713692946058091
0 0.19390243902439025 0.9481327800829875 0.024390243902439025 0.1037344398340249
0 0.9506097560975609 0.9678423236514523 0.09634146341463415 0.06431535269709543