0 0.3021164021164021 0.2645951035781544 0.46005291005291005 0.5291902071563088
0 0.6402116402116402 0.3234463276836158 0.10052910052910052 0.4114877589453861
0 0.9291005291005291 0.2645951035781544 0.14179894179894179 0.5291902071563088
0 0.8156084656084656 0.2947269303201507 0.1349206349206349 0.4689265536723164
0 0.7119047619047619 0.2754237288135593 0.12751322751322752 0.507532956685499
0 0.22341269841269842 0.8540489642184558 0.056878306878306875 0.21657250470809794
0 0.28888888888888886 0.7245762711864406 0.05026455026455026 0.2401129943502825
0 0.4238095238095238 0.7269303201506592 0.06084656084656084 0.23540489642184556
0 0.35833333333333334 0.7999058380414312 0.05423280423280423 0.2542372881355932
0 0.10476190476190476 0.5645009416195856 0.06349206349206349 0.07062146892655367
0 0.37222222222222223 0.85969868173258 0.06613756613756613 0.2806026365348399