0 0.2694805194805195 0.23443983402489627 0.538961038961039 0.3475103734439834
0 0.9488636363636364 0.17219917012448133 0.10227272727272728 0.2074688796680498
0 0.8912337662337663 0.06016597510373444 0.1038961038961039 0.12033195020746888
0 0.9147727272727273 0.12551867219917012 0.17045454545454544 0.09336099585062241
0 0.14204545454545456 0.7914937759336099 0.1444805194805195 0.4170124481327801
0 0.2435064935064935 0.8153526970954357 0.07142857142857142 0.3153526970954357
0 0.2905844155844156 0.7821576763485477 0.04220779220779221 0.17427385892116182
0 0.3628246753246753 0.8132780082987552 0.056818181818181816 0.24896265560165975
0 0.42613636363636365 0.8049792531120332 0.07954545454545454 0.3900414937759336
0 0.49756493506493504 0.7074688796680498 0.08279220779220779 0.5850622406639004
0 0.7724837662337662 0.4851244813278008 0.07324675324675325 0.10132780082987553