0 0.28438995215311 0.21648936170212765 0.07715311004784689 0.15904255319148936
0 0.23026315789473684 0.2047872340425532 0.04037081339712919 0.13351063829787235
0 0.18989234449760767 0.20585106382978724 0.04037081339712919 0.14202127659574468
0 0.1417464114832536 0.20851063829787234 0.05592105263157895 0.149468085106383
0 0.11154306220095694 0.225 0.07625598086124402 0.1675531914893617
0 0.15998803827751196 0.686968085106383 0.056818181818181816 0.23670212765957446
0 0.18989234449760767 0.5632978723404255 0.05382775119617225 0.25
0 0.3311901913875598 0.5154255319148936 0.05532296650717703 0.26595744680851063
0 0.045454545454545456 0.3606382978723404 0.04904306220095694 0.10212765957446808
0 0.7093301435406698 0.6547872340425532 0.4557416267942584 0.6904255319148936
0 0.666267942583732 0.5861702127659575 0.21291866028708134 0.4797872340425532