0 0.15350877192982457 0.2883522727272727 0.04665071770334928 0.3700284090909091
0 0.27631578947368424 0.3700284090909091 0.07615629984051037 0.20241477272727273
0 0.7268740031897927 0.25426136363636365 0.05342902711323764 0.2315340909090909
0 0.5159489633173844 0.3487215909090909 0.10087719298245613 0.20951704545454544
0 0.6355661881977671 0.26704545454545453 0.05382775119617225 0.2080965909090909
0 0.706140350877193 0.13707386363636365 0.04066985645933014 0.1278409090909091
0 0.604066985645933 0.45951704545454547 0.12041467304625199 0.23579545454545456
0 0.7157097288676236 0.07883522727272728 0.02671451355661882 0.07528409090909091
0 0.5598086124401914 0.2677556818181818 0.0645933014354067 0.15980113636363635
0 0.6419457735247209 0.19744318181818182 0.0474481658692185 0.15411931818181818
0 0.21371610845295055 0.8742897727272727 0.06060606060606061 0.1825284090909091
0 0.04984051036682616 0.8451704545454546 0.07376395534290271 0.24289772727272727
0 0.10685805422647528 0.8217329545454546 0.07456140350877193 0.2634943181818182