0 0.5065274151436031 0.21484375 0.013054830287206266 0.072265625
0 0.4575718015665796 0.2373046875 0.06462140992167102 0.1826171875
0 0.47976501305483027 0.345703125 0.037859007832898174 0.1787109375
0 0.5620104438642297 0.3369140625 0.04242819843342036 0.205078125
0 0.8139686684073107 0.3984375 0.07180156657963446 0.0625
0 0.5456919060052219 0.76953125 0.1671018276762402 0.4609375
0 0.30613577023498695 0.76953125 0.16579634464751958 0.4609375
0 0.07898172323759792 0.76953125 0.15796344647519583 0.4609375
0 0.14425587467362924 0.76953125 0.2258485639686684 0.4609375
0 0.45234986945169714 0.76953125 0.17101827676240208 0.4609375
0 0.2774151436031332 0.576171875 0.08746736292428199 0.07421875
0 0.9295039164490861 0.5634765625 0.05483028720626632 0.048828125