0 0.2215815485996705 0.2527352297592998 0.03871499176276771 0.19584245076586435
0 0.2487644151565074 0.2089715536105033 0.03789126853377265 0.06728665207877461
0 0.6322075782537068 0.3479212253829322 0.06507413509060955 0.16411378555798686
0 0.07372322899505766 0.5432166301969366 0.01729818780889621 0.06455142231947483
0 0.058072487644151564 0.5437636761487965 0.01729818780889621 0.061269146608315096
0 0.5004118616144976 0.7483588621444202 0.1013179571663921 0.5032822757111597
0 0.600494233937397 0.7757111597374179 0.0914332784184514 0.4485776805251641
0 0.7009884678747941 0.7603938730853391 0.10214168039538715 0.47921225382932164
0 0.7907742998352554 0.7850109409190372 0.09019769357495881 0.4299781181619256
0 0.8809719934102141 0.7899343544857768 0.08443163097199341 0.4201312910284464
0 0.9604612850082372 0.7428884026258206 0.07907742998352553 0.5142231947483589