0 0.19 0.3721153846153846 0.38 0.5346153846153846
0 0.764054054054054 0.38341346153846156 0.051351351351351354 0.21394230769230768
0 0.737027027027027 0.27163461538461536 0.04864864864864865 0.22596153846153846
0 0.3962162162162162 0.021634615384615384 0.032432432432432434 0.04326923076923077
0 0.4362162162162162 0.0875 0.04432432432432432 0.175
0 0.3935135135135135 0.12740384615384615 0.02702702702702703 0.1971153846153846
0 0.3962162162162162 0.4375 0.032432432432432434 0.22115384615384615
0 0.534054054054054 0.07548076923076923 0.043243243243243246 0.15096153846153845
0 0.49243243243243245 0.07307692307692308 0.03783783783783784 0.14615384615384616
0 0.9872972972972973 0.3110576923076923 0.025405405405405406 0.22788461538461538
0 0.6228378378378379 0.27163461538461536 0.052702702702702706 0.2548076923076923
0 0.9867567567567568 0.09375 0.026486486486486487 0.1875
0 0.9805405405405405 0.04567307692307692 0.03891891891891892 0.09134615384615384
0 0.9389189189189189 0.04567307692307692 0.04432432432432432 0.09134615384615384
0 0.8958108108108108 0.10216346153846154 0.0472972972972973 0.17548076923076922
0 0.56 0.23557692307692307 0.04864864864864865 0.21634615384615385
0 0.4552702702702703 0.27884615384615385 0.0472972972972973 0.21634615384615385
0 0.08594594594594594 0.9139423076923077 0.17189189189189188 0.17211538461538461