0 0.1766398158803222 0.319672131147541 0.048906789413118525 0.21004098360655737
0 0.7353279631760644 0.07172131147540983 0.039125431530494824 0.07530737704918032
0 0.7727272727272727 0.08350409836065574 0.03308400460299195 0.09016393442622951
0 0.9749712313003452 0.1567622950819672 0.05005753739930955 0.3135245901639344
0 0.8216340621403913 0.9574795081967213 0.05753739930955121 0.08504098360655737
0 0.4663406214039125 0.9456967213114754 0.05466052934407365 0.10860655737704918
0 0.4948216340621404 0.8831967213114754 0.05178365937859609 0.2336065573770492
0 0.8676639815880323 0.5742827868852459 0.05466052934407365 0.13831967213114754
0 0.6022727272727273 0.6255122950819673 0.056098964326812426 0.20491803278688525
0 0.6682968929804373 0.5998975409836066 0.05581127733026467 0.19979508196721313
0 0.7235327963176065 0.5778688524590164 0.043153049482163405 0.1557377049180328
0 0.7554660529344074 0.5727459016393442 0.05178365937859609 0.14549180327868852
0 0.7940161104718066 0.5625 0.05178365937859609 0.125
0 0.7986191024165707 0.7126024590163934 0.05466052934407365 0.22028688524590165
0 0.8165995397008056 0.6472848360655737 0.04746835443037975 0.18186475409836064
0 0.3305523590333717 0.5420081967213115 0.021288837744533946 0.08401639344262295
0 0.9913693901035673 0.5496926229508197 0.01726121979286536 0.09938524590163934
0 0.4252013808975834 0.5292008196721312 0.047180667433831994 0.0584016393442623
0 0.35500575373993093 0.5163934426229508 0.04142692750287687 0.03278688524590164