0 0.09209039548022599 0.2630784708249497 0.02005649717514124 0.11569416498993963
0 0.10706214689265536 0.26609657947686116 0.022598870056497175 0.14336016096579476
0 0.12570621468926554 0.2655935613682093 0.025706214689265535 0.1358148893360161
0 0.14322033898305084 0.2635814889336016 0.02344632768361582 0.1448692152917505
0 0.1612994350282486 0.25855130784708247 0.02514124293785311 0.1403420523138833
0 0.17937853107344634 0.2530181086519115 0.019491525423728815 0.13883299798792756
0 0.1943502824858757 0.2620724346076459 0.03220338983050847 0.14788732394366197
0 0.2019774011299435 0.37927565392354123 0.04124293785310734 0.16096579476861167
0 0.17598870056497176 0.3646881287726358 0.04209039548022599 0.1710261569416499
0 0.1480225988700565 0.36619718309859156 0.03785310734463277 0.1619718309859155
0 0.13022598870056498 0.3702213279678068 0.025706214689265535 0.1448692152917505
0 0.10988700564971751 0.3687122736418511 0.03220338983050847 0.15140845070422534
0 0.09576271186440678 0.3672032193158954 0.021468926553672316 0.1448692152917505
0 0.07372881355932204 0.37877263581488935 0.036440677966101696 0.158953722334004
0 0.26299435028248586 0.02062374245472837 0.005649717514124294 0.03219315895372234
0 0.9550847457627119 0.03722334004024145 0.05254237288135593 0.0744466800804829
0 0.6508474576271186 0.16549295774647887 0.05367231638418079 0.1358148893360161
0 0.7024011299435028 0.24974849094567406 0.046610169491525424 0.24396378269617705
0 0.705225988700565 0.1164486921529175 0.046610169491525424 0.13832997987927564
0 0.4903954802259887 0.05985915492957746 0.0384180790960452 0.11971830985915492
0 0.7050847457627119 0.019617706237424547 0.04067796610169491 0.039235412474849095
0 0.647316384180791 0.32142857142857145 0.04943502824858757 0.2062374245472837
0 0.43686440677966104 0.10010060362173039 0.03531073446327684 0.176056338028169
0 0.4693502824858757 0.1881287726358149 0.038135593220338986 0.18108651911468812
0 0.49830508474576274 0.2635814889336016 0.0423728813559322 0.19114688128772636
0 0.8048022598870056 0.2547786720321932 0.04519774011299435 0.1836016096579477
0 0.7610169491525424 0.2409456740442656 0.03954802259887006 0.2012072434607646
0 0.8491525423728814 0.06488933601609657 0.04632768361581921 0.12977867203219315
0 0.8124293785310734 0.05885311871227364 0.04406779661016949 0.11770623742454728
0 0.7813559322033898 0.06639839034205232 0.04067796610169491 0.13279678068410464
0 0.5200564971751412 0.06237424547283702 0.03785310734463277 0.12474849094567404
0 0.8132768361581921 0.42303822937625757 0.059322033898305086 0.07344064386317907
0 0.8830508474576271 0.38028169014084506 0.0519774011299435 0.158953722334004
0 0.4036723163841808 0.21830985915492956 0.0480225988700565 0.2012072434607646
0 0.36483050847457626 0.22459758551307846 0.043785310734463276 0.1936619718309859
0 0.5059322033898305 0.39688128772635817 0.05480225988700565 0.12575452716297786
0 0.86045197740113 0.02112676056338028 0.0384180790960452 0.04225352112676056
0 0.6788135593220339 0.04124748490945674 0.0423728813559322 0.08249496981891348
0 0.7322033898305085 0.7852112676056338 0.16242937853107345 0.3682092555331992