0 0.384180790960452 0.27364185110663986 0.0807909604519774 0.09456740442655935
0 0.027401129943502824 0.37877263581488935 0.036440677966101696 0.1317907444668008
0 0.009887005649717515 0.3702213279678068 0.01977401129943503 0.1358148893360161
0 0.6330508474576271 0.346579476861167 0.03361581920903955 0.12575452716297786
0 0.6627118644067796 0.3501006036217304 0.03192090395480226 0.12776659959758552
0 0.690677966101695 0.3566398390342052 0.01864406779661017 0.12977867203219315
0 0.8519774011299435 0.41851106639839036 0.0711864406779661 0.4225352112676056
0 0.6042485875706215 0.6995573440643863 0.017790960451977277 0.11373239436619714
0 0.34605649717514125 0.66658953722334 0.011768361581920864 0.05225352112676062
0 0.35453107344632767 0.6584909456740442 0.008949152542372834 0.04221327967806845
0 0.6937853107344633 0.6559356136820925 0.012429378531073447 0.052313883299798795
0 0.6847457627118644 0.653420523138833 0.015819209039548022 0.047283702213279676
0 0.005084745762711864 0.6976861167002012 0.010169491525423728 0.12575452716297786