0 0.05143540669856459 0.3700284090909091 0.10287081339712918 0.5184659090909091
0 0.11722488038277512 0.13423295454545456 0.07894736842105263 0.22727272727272727
0 0.17862838915470494 0.13920454545454544 0.08851674641148326 0.2784090909090909
0 0.34768740031897927 0.37357954545454547 0.08452950558213716 0.5113636363636364
0 0.27232854864433814 0.3203125 0.1854066985645933 0.6171875
0 0.1559011164274322 0.40625 0.17464114832535885 0.4460227272727273
0 0.6666666666666666 0.07883522727272728 0.06220095693779904 0.15767045454545456
0 0.6104465709728868 0.36576704545454547 0.1331738437001595 0.5269886363636364
0 0.603939393939394 0.08401988636363633 0.05020733652312603 0.14045454545454544
0 0.21610845295055822 0.7805397727272727 0.05502392344497608 0.13139204545454544
0 0.3317384370015949 0.7606534090909091 0.03508771929824561 0.06960227272727272
0 0.26515151515151514 0.8643465909090909 0.15350877192982457 0.2713068181818182
0 0.2783094098883573 0.6953125 0.011961722488038277 0.022017045454545456
0 0.12998405103668262 0.8174715909090909 0.1686602870813397 0.3643465909090909
0 0.3580542264752791 0.8508522727272727 0.06379585326953748 0.2833806818181818