0 0.2651639344262295 0.09037900874635568 0.0860655737704918 0.11588921282798834
0 0.49221311475409835 0.11588921282798834 0.14057377049180328 0.06341107871720117
0 0.8872950819672131 0.10860058309037901 0.03155737704918033 0.04956268221574344
0 0.8278688524590164 0.10276967930029154 0.03114754098360656 0.048104956268221574
0 0.8176229508196722 0.08600583090379009 0.020901639344262295 0.03279883381924198
0 0.7868852459016393 0.09402332361516035 0.019262295081967213 0.03717201166180758
0 0.7745901639344263 0.1239067055393586 0.03114754098360656 0.043731778425655975
0 0.7434426229508196 0.14868804664723032 0.02459016393442623 0.05612244897959184
0 0.7360655737704918 0.09766763848396501 0.009426229508196722 0.013848396501457727
0 0.7323770491803279 0.12099125364431487 0.01762295081967213 0.04008746355685131
0 0.5005655737704918 0.6986443148688046 0.01813114754098352 0.11529154518950442
0 0.4682295081967213 0.700539358600583 0.022065573770491863 0.1341836734693877
0 0.5327459016393443 0.7159475218658892 0.023155737704918033 0.11367346938775513
0 0.48340983606557375 0.6759912536443149 0.014360655737704902 0.07911078717201163
0 0.7663934426229508 0.7208454810495627 0.09344262295081968 0.17638483965014579