0 0.08822042467138523 0.2097966728280961 0.07128412537917088 0.2268946395563771
0 0.18099089989888775 0.22504621072088724 0.07659251769464105 0.20933456561922367
0 0.49064711830131447 0.17975970425138632 0.1673407482305359 0.35951940850277264
0 0.8576845298281092 0.18207024029574861 0.1531850353892821 0.35489833641404805
0 0.7214357937310415 0.17975970425138632 0.134479271991911 0.35951940850277264
0 0.6094539939332659 0.17975970425138632 0.1319514661274014 0.35951940850277264
0 0.9380687563195147 0.17975970425138632 0.11880687563195147 0.35951940850277264
0 0.7899393326592518 0.17975970425138632 0.10262891809908999 0.35951940850277264
0 0.49115267947421637 0.6437153419593346 0.21966632962588473 0.4644177449168207
0 0.954752275025278 0.5683918669131238 0.05965621840242669 0.18807763401109057
0 0.6615267947421638 0.6298521256931608 0.12234580384226491 0.33502772643253237
0 0.8695652173913043 0.5924214417744916 0.07457027300303337 0.2208872458410351
0 0.9218907987866531 0.5859519408502772 0.06016177957532862 0.19085027726432532
0 0.8207785642062689 0.6062846580406654 0.07709807886754297 0.2245841035120148
0 0.7548028311425683 0.6178373382624769 0.10439838220424671 0.29066543438077636