0 0.03409090909090909 0.20681818181818182 0.06818181818181818 0.36363636363636365
0 0.5409090909090909 0.2852272727272727 0.08977272727272727 0.19772727272727272
0 0.36477272727272725 0.4068181818181818 0.19772727272727272 0.8125
0 0.7954545454545454 0.42613636363636365 0.15227272727272728 0.7863636363636364
0 0.5113636363636364 0.9147727272727273 0.06363636363636363 0.17045454545454544
0 0.4431818181818182 0.9147727272727273 0.05909090909090909 0.17045454545454544
0 0.3306818181818182 0.9147727272727273 0.06136363636363636 0.17045454545454544
0 0.21931818181818183 0.865909090909091 0.06136363636363636 0.07272727272727272
0 0.14886363636363636 0.9147727272727273 0.06136363636363636 0.17045454545454544
0 0.03636363636363636 0.9147727272727273 0.05909090909090909 0.17045454545454544
0 0.8238636363636364 0.9147727272727273 0.3522727272727273 0.17045454545454544