0 0.13643617021276597 0.21502835538752363 0.03563829787234043 0.1224007561436673
0 0.8074468085106383 0.028827977315689982 0.03723404255319149 0.057655954631379965
0 0.7462765957446809 0.04064272211720227 0.0425531914893617 0.08128544423440454
0 0.7484042553191489 0.012287334593572778 0.04148936170212766 0.024574669187145556
0 0.5396276595744681 0.2646502835538752 0.054787234042553194 0.14933837429111532
0 0.5063829787234042 0.2504725897920605 0.04148936170212766 0.1776937618147448
0 0.5111702127659574 0.11483931947069943 0.05053191489361702 0.16068052930056712
0 0.5321808510638298 0.08223062381852551 0.034574468085106384 0.16446124763705103
0 0.5650265957446808 0.097117202268431 0.03856382978723404 0.15359168241965973
0 0.4586436170212766 0.18454631379962194 0.03590425531914894 0.10160680529300567
0 0.6486702127659575 0.09026465028355388 0.05159574468085106 0.18052930056710775
0 0.9954787234042554 0.20463137996219283 0.009042553191489361 0.1843100189035917
0 0.9819148936170212 0.2575614366729679 0.031914893617021274 0.16351606805293006
0 0.9539893617021277 0.252835538752363 0.04521276595744681 0.17296786389413987
0 0.9819148936170212 0.18100189035916825 0.026595744680851064 0.10396975425330812
0 0.9843085106382978 0.06190926275992439 0.02925531914893617 0.12381852551984877
0 0.9571808510638298 0.06427221172022685 0.038829787234042554 0.1285444234404537
0 0.9440159574468086 0.1219281663516068 0.041223404255319146 0.16540642722117202
0 0.9390957446808511 0.045368620037807186 0.034574468085106384 0.09073724007561437
0 0.9047872340425532 0.04773156899810964 0.031914893617021274 0.09546313799621928
0 0.8468085106382979 0.04914933837429111 0.04148936170212766 0.09829867674858223
0 0.6539893617021276 0.2551984877126654 0.056914893617021275 0.16824196597353497
0 0.31117021276595747 0.2504725897920605 0.022340425531914895 0.1776937618147448
0 0.36356382978723406 0.10893194706994329 0.0398936170212766 0.16776937618147447
0 0.32101063829787235 0.1502835538752363 0.03723404255319149 0.17485822306238186
0 0.33231382978723406 0.1053875236294896 0.027925531914893616 0.15595463137996218
0 0.31117021276595747 0.07892249527410208 0.022340425531914895 0.15595463137996218
0 0.3481382978723404 0.024102079395085067 0.038829787234042554 0.048204158790170135
0 0.14414893617021277 0.7140831758034026 0.0398936170212766 0.24007561436672967
0 0.42872340425531913 0.7637051039697542 0.24148936170212765 0.4725897920604915
0 0.527127659574468 0.7660680529300568 0.16090425531914893 0.4673913043478261
0 0.6930851063829787 0.582703213610586 0.18351063829787234 0.43478260869565216
0 0.7125 0.6616257088846881 0.11622340425531914 0.2712665406427221
0 0.8462765957446808 0.6077504725897921 0.12287234042553191 0.2722117202268431