0 0.31213364595545134 0.2567849686847599 0.4249706916764361 0.09498956158663883
0 0.7778429073856975 0.32045929018789143 0.14654161781946073 0.2985386221294363
0 0.4047479484173505 0.9577244258872651 0.0627198124267292 0.08455114822546973
0 0.35550996483001174 0.48643006263048016 0.05568581477139507 0.033402922755741124
0 0.208968347010551 0.49269311064718163 0.043962485345838215 0.04592901878914405
0 0.28516998827667056 0.5777661795407099 0.05568581477139507 0.2160751565762004
0 0.30363423212192264 0.534446764091858 0.04806565064478312 0.12943632567849686
0 0.5205158264947245 0.5735908141962421 0.05744431418522861 0.20772442588726514
0 0.167936694021102 0.9133611691022965 0.06740914419695193 0.1732776617954071
0 0.332063305978898 0.8794363256784968 0.05568581477139507 0.24112734864300625
0 0.2596717467760844 0.9483298538622129 0.06565064478311841 0.10334029227557412
0 0.06535756154747949 0.5125260960334029 0.05568581477139507 0.08559498956158663
0 0.14830011723329425 0.5438413361169102 0.05158264947245018 0.14822546972860126
0 0.8437866354044549 0.8653444676409185 0.11078546307151231 0.26931106471816285
0 0.6565064478311841 0.9180584551148225 0.14302461899179367 0.1638830897703549