0 0.25483870967741934 0.2748565965583174 0.5096774193548387 0.5497131931166348
0 0.8567204301075269 0.2748565965583174 0.15295698924731183 0.5497131931166348
0 0.6481182795698924 0.2805927342256214 0.11559139784946236 0.5382409177820268
0 0.9411290322580645 0.28250478011472274 0.07096774193548387 0.28489483747609945
0 0.2206989247311828 0.893642447418738 0.051075268817204304 0.2127151051625239
0 0.24758064516129033 0.7825047801147228 0.04838709677419355 0.22466539196940727
0 0.3897849462365591 0.637189292543021 0.05913978494623656 0.17495219885277247
0 0.4491935483870968 0.5884321223709369 0.04032258064516129 0.07743785850860421
0 0.48736559139784946 0.5869980879541109 0.03924731182795699 0.0745697896749522
0 0.4935483870967742 0.9115678776290631 0.03225806451612903 0.17686424474187382
0 0.43776881720430105 0.8697418738049714 0.06048387096774194 0.22705544933078395
0 0.04032258064516129 0.5764818355640535 0.043010752688172046 0.05353728489483748
0 0.01881720430107527 0.7571701720841301 0.03763440860215054 0.22753346080305928
0 0.7319892473118279 0.6520076481835564 0.07204301075268817 0.1037284894837476
0 0.8344086021505376 0.6615678776290631 0.0760752688172043 0.09464627151051626