0 0.5607287449392713 0.1194331983805668 0.09716599190283401 0.2388663967611336
0 0.729757085020243 0.37449392712550605 0.07894736842105263 0.07692307692307693
0 0.06680161943319839 0.7246963562753036 0.13360323886639677 0.2550607287449393
0 0.20040485829959515 0.7024291497975709 0.17813765182186234 0.22267206477732793
0 0.3350202429149798 0.7135627530364372 0.13157894736842105 0.18421052631578946
0 0.5080971659919028 0.6993927125506073 0.145748987854251 0.2408906882591093
0 0.582995951417004 0.7327935222672065 0.05263157894736842 0.29554655870445345
0 0.9291497975708503 0.7773279352226721 0.1417004048582996 0.44534412955465585
0 0.7469635627530364 0.8319838056680162 0.27530364372469635 0.3360323886639676
0 0.8208502024291497 0.6002024291497976 0.11133603238866396 0.1396761133603239
0 0.7459514170040485 0.618421052631579 0.07489878542510121 0.11133603238866396
0 0.6609311740890689 0.7823886639676113 0.10323886639676114 0.4352226720647773
0 0.6740890688259109 0.6204453441295547 0.08097165991902834 0.11538461538461539