0 0.3871308016877637 0.8248945147679325 0.056962025316455694 0.1518987341772152
0 0.9535864978902954 0.79957805907173 0.05907172995780591 0.14345991561181434
0 0.5654008438818565 0.8111814345991561 0.06329113924050633 0.1540084388185654
0 0.47151898734177217 0.8164556962025317 0.052742616033755275 0.16033755274261605
0 0.6497890295358649 0.8238396624472574 0.046413502109704644 0.16244725738396623
0 0.6919831223628692 0.8122362869198312 0.05485232067510549 0.14767932489451477
0 0.9018987341772152 0.8154008438818565 0.07383966244725738 0.14978902953586498
0 0.8407172995780591 0.8037974683544303 0.04008438818565401 0.13924050632911392
0 0.8818565400843882 0.7542194092827004 0.029535864978902954 0.052742616033755275
0 0.9345991561181435 0.7510548523206751 0.0379746835443038 0.07172995780590717
0 0.7584388185654009 0.8343881856540084 0.06118143459915612 0.14556962025316456
0 0.9831223628691983 0.8154008438818565 0.03375527426160337 0.14135021097046413