0 0.11740331491712708 0.26473477406679763 0.23480662983425415 0.5294695481335953
0 0.5469613259668509 0.4724950884086444 0.11988950276243093 0.11394891944990176
0 0.5835635359116023 0.7802062868369352 0.05662983425414365 0.2038310412573674
0 0.6180939226519337 0.7531925343811395 0.04281767955801105 0.2087426326129666
0 0.6129834254143647 0.6060903732809431 0.052486187845303865 0.15324165029469547
0 0.5908839779005525 0.5903732809430255 0.03591160220994475 0.12180746561886051
0 0.5571823204419889 0.5952848722986247 0.04033149171270718 0.13163064833005894
0 0.6678176795580111 0.6721512770137524 0.03729281767955801 0.1055992141453831
0 0.8183701657458563 0.6893418467583498 0.04005524861878453 0.17927308447937132
0 0.8073204419889503 0.6389980353634578 0.04005524861878453 0.17681728880157171
0 0.8591160220994475 0.7077603143418467 0.04419889502762431 0.18664047151277013
0 0.7704419889502763 0.5717092337917485 0.04143646408839779 0.08447937131630648
0 0.812707182320442 0.5658153241650294 0.03756906077348066 0.07269155206286837
0 0.8450276243093923 0.5741650294695482 0.03591160220994475 0.0893909626719057
0 0.8781767955801105 0.5839882121807466 0.03591160220994475 0.10903732809430255
0 0.9121546961325967 0.5903732809430255 0.0430939226519337 0.12180746561886051
0 0.8218232044198895 0.5422396856581533 0.03591160220994475 0.025540275049115914
0 0.48204419889502764 0.7765225933202358 0.055248618784530384 0.2111984282907662
0 0.47016574585635357 0.5987229862475442 0.05414364640883978 0.13850687622789784
0 0.9828729281767956 0.9582514734774067 0.03425414364640884 0.08349705304518663
0 0.7602209944751381 0.612475442043222 0.03425414364640884 0.16601178781925344
0 0.8895027624309392 0.6451375245579568 0.049723756906077346 0.1694499017681729