0 0.27300884955752214 0.4022082018927445 0.18938053097345134 0.3753943217665615
0 0.1902654867256637 0.1892744479495268 0.07787610619469026 0.16246056782334384
0 0.20442477876106194 0.07807570977917981 0.05353982300884956 0.15615141955835962
0 0.1561946902654867 0.19637223974763407 0.06460176991150443 0.26498422712933756
0 0.1336283185840708 0.111198738170347 0.08982300884955752 0.222397476340694
0 0.11017699115044248 0.10015772870662461 0.03893805309734513 0.20031545741324921
0 0.1 0.07413249211356467 0.0752212389380531 0.14826498422712933
0 0.061946902654867256 0.11908517350157728 0.05176991150442478 0.18690851735015773
0 0.028761061946902654 0.15772870662460567 0.05752212389380531 0.3146687697160883
0 0.21460176991150443 0.804416403785489 0.42920353982300885 0.3911671924290221
0 0.47522123893805307 0.9621451104100947 0.0920353982300885 0.07570977917981073