0 0.3194148936170213 0.40406427221172025 0.04734042553191489 0.09168241965973535
0 0.4800531914893617 0.40217391304347827 0.019680851063829788 0.09546313799621928
0 0.006648936170212766 0.3846880907372401 0.013297872340425532 0.13043478260869565
0 0.211968085106383 0.40217391304347827 0.028191489361702127 0.09546313799621928
0 0.826063829787234 0.23582230623818526 0.022074468085106384 0.07088846880907372
0 0.836968085106383 0.2334593572778828 0.018882978723404255 0.07325141776937619
0 0.6273936170212766 0.27457466918714557 0.028191489361702127 0.11531190926275993
0 0.6188829787234043 0.22448015122873347 0.011436170212765957 0.017485822306238186
0 0.6486702127659575 0.22684310018903592 0.02101063829787234 0.04300567107750473
0 0.7313829787234043 0.2381852551984877 0.02925531914893617 0.02930056710775047
0 0.15771276595744682 0.7027410207939508 0.10638297872340426 0.3700378071833648
0 0.7595744680851064 0.6984877126654064 0.25638297872340426 0.4678638941398866