0 0.10381111111111112 0.22275691699604738 0.04364999999999997 0.2075098814229249
0 0.2763888888888889 0.9762845849802372 0.05277777777777778 0.04743083003952569
0 0.24833333333333332 0.91600790513834 0.05 0.16798418972332016
0 0.18805555555555556 0.5133399209486166 0.051666666666666666 0.08794466403162056
0 0.027777777777777776 0.6319169960474308 0.041666666666666664 0.18774703557312253
0 0.011111111111111112 0.6240118577075099 0.022222222222222223 0.18280632411067194
0 0.07083333333333333 0.49110671936758893 0.03611111111111111 0.043478260869565216
0 0.042222222222222223 0.48764822134387353 0.043333333333333335 0.036561264822134384
0 0.015277777777777777 0.4950592885375494 0.030555555555555555 0.05138339920948617
0 0.31027777777777776 0.5059288537549407 0.04833333333333333 0.07312252964426877
0 0.08541666666666667 0.7134387351778656 0.04861111111111111 0.21739130434782608
0 0.3215277777777778 0.6059782608695652 0.04583333333333333 0.15563241106719367
0 0.38680555555555557 0.5689229249011858 0.04027777777777778 0.16057312252964426
0 0.43333333333333335 0.6257411067193676 0.044444444444444446 0.19515810276679843
0 0.4388888888888889 0.529397233201581 0.03888888888888889 0.11610671936758893
0 0.47152777777777777 0.6096837944664032 0.0375 0.17292490118577075
0 0.17430555555555555 0.6442687747035574 0.05138888888888889 0.18280632411067194
0 0.4741666666666667 0.5444664031620553 0.035 0.15019762845849802
0 0.5352777777777777 0.8068181818181818 0.029444444444444443 0.2025691699604743
0 0.5201388888888889 0.7220849802371542 0.034722222222222224 0.11610671936758893
0 0.5034722222222222 0.7579051383399209 0.04861111111111111 0.0741106719367589
0 0.47708333333333336 0.870306324110672 0.043055555555555555 0.22480237154150198
0 0.5159722222222223 0.8764822134387352 0.05416666666666667 0.2025691699604743
0 0.8375 0.6892292490118577 0.09055555555555556 0.22430830039525693