0 0.25114364640883974 0.29427308447937134 0.03314917127071823 0.2287426326129665
0 0.16156353591160225 0.23323182711198423 0.016574585635359115 0.10104125736738694
0 0.18287292817679557 0.22901768172888015 0.02288950276243085 0.12629666011787813
0 0.2132596685082873 0.2191944990176817 0.023679558011049793 0.08700392927308441
0 0.33796132596685086 0.2234086444007858 0.0268342541436465 0.11506876227897848
0 0.39084530386740335 0.21499017681728883 0.01736464088397781 0.10384086444007862
0 0.1441988950276243 0.2220039292730845 0.019729281767955822 0.08981335952848729
0 0.0861878453038674 0.23042239685658158 0.020519337016574515 0.08419449901768176
0 0.12091712707182314 0.2184970530451866 0.020519337016574515 0.0855992141453832
0 0.10789502762430937 0.21709233791748528 0.01341988950276241 0.09963654223968572
0 0.046331491712707125 0.22972495088408645 0.018154696132596754 0.08279960707269152
0 0.7828729281767955 0.25196463654223966 0.2154696132596685 0.2337917485265226
0 0.2640883977900553 0.730844793713163 0.42596685082872926 0.4302554027504912