0 0.28796739130434784 0.47527079303675046 0.0427010869565217 0.20309477756286268
0 0.5608695652173913 0.5290135396518375 0.058695652173913045 0.1218568665377176
0 0.9798913043478261 0.42794970986460346 0.04021739130434782 0.21566731141199227
0 0.9584239130434783 0.31576402321083175 0.04891304347826087 0.22727272727272727
0 0.60625 0.043036750483559 0.051630434782608696 0.086073500967118
0 0.6282608695652174 0.4463249516441006 0.051630434782608696 0.24661508704061896
0 0.8855978260869565 0.05367504835589942 0.050543478260869565 0.10735009671179883
0 0.7668478260869566 0.44874274661508706 0.0625 0.24177949709864605
0 0.6994565217391304 0.4912959381044487 0.05543478260869565 0.19729206963249515
0 0.8144021739130435 0.14530947775628628 0.059782608695652176 0.2248549323017408
0 0.6241847826086957 0.16948742746615086 0.04076086956521739 0.20067698259187622
0 0.6559782608695652 0.109284332688588 0.04456521739130435 0.218568665377176
0 0.658695652173913 0.019825918762088973 0.04456521739130435 0.039651837524177946
0 0.7546195652173913 0.07930367504835589 0.04076086956521739 0.15860735009671179
0 0.7157608695652173 0.07785299806576403 0.0391304347826087 0.15570599613152805
0 0.7138586956521739 0.5154738878143134 0.06793478260869565 0.14893617021276595
0 0.68125 0.7949709864603481 0.3027173913043478 0.41005802707930367