0 0.17916666666666667 0.28833333333333333 0.20166666666666666 0.44333333333333336
0 0.06166666666666667 0.3258333333333333 0.12333333333333334 0.36833333333333335
0 0.6398833333333334 0.1019 0.07843333333333344 0.1760666666666667
0 0.9366666666666666 0.44916666666666666 0.12666666666666668 0.095
0 0.049166666666666664 0.8175 0.09833333333333333 0.24166666666666667
0 0.09786666666666671 0.6826166666666666 0.07028333333333327 0.1945666666666667
0 0.7908333333333334 0.755 0.41833333333333333 0.49
0 0.4683333333333333 0.755 0.37 0.49
0 0.31916666666666665 0.7083333333333334 0.07833333333333334 0.39666666666666667
0 0.43166666666666664 0.555 0.16333333333333333 0.09
0 0.6708333333333333 0.5366666666666666 0.11833333333333333 0.05333333333333334