0 0.3367376294591484 0.323439099283521 0.13003452243958574 0.3930399181166837
0 0.3506904487917146 0.84007164790174 0.17045454545454544 0.31985670419651996
0 0.16585155350978137 0.8275332650972365 0.16196777905638665 0.34493346980552714
0 0.29228998849252014 0.781985670419652 0.11752013808975835 0.436028659160696
0 0.12183544303797468 0.7860798362333674 0.12068469505178366 0.4278403275332651
0 0.4024741081703107 0.7471852610030706 0.059982738780207136 0.19933469805527124
0 0.6184062140391254 0.809682702149437 0.048575949367088714 0.2937359263050154
0 0.5596950517836594 0.8265097236438076 0.062428078250863064 0.34698055271238487
0 0.5056098964326813 0.8308597748208802 0.06530494821634063 0.3382804503582395
0 0.7512945914844649 0.8354657113613101 0.05264672036823936 0.32906857727737976
0 0.8344332566168009 0.8187871033776868 0.10155638665132342 0.3537615148413511
0 0.9081444188722669 0.7950255885363358 0.047698504027618 0.250353121801433
0 0.9337341772151898 0.6767297850562948 0.01601265822784806 0.09600307062436036
0 0.9156530494821634 0.6612691914022517 0.0188003452243957 0.08205220061412484
0 0.8918411967779056 0.7275076765609007 0.0378135788262372 0.19755885363357226
0 0.861536248561565 0.7248618219037871 0.03123705408515533 0.198439099283521
0 0.9713751438434983 0.7697697031729785 0.04736478711162239 0.23042476970317297