0 0.35224719101123597 0.4603448275862069 0.12022471910112359 0.31724137931034485
0 0.03314606741573034 0.475 0.06629213483146068 0.28793103448275864
0 0.09775280898876404 0.4689655172413793 0.0853932584269663 0.3
0 0.42134831460674155 0.4862068965517241 0.056179775280898875 0.2655172413793103
0 0.1707865168539326 0.4663793103448276 0.09438202247191012 0.30517241379310345
0 0.23370786516853934 0.4689655172413793 0.0853932584269663 0.3
0 0.1398876404494382 0.3 0.05955056179775281 0.19655172413793104
0 0.27303370786516856 0.2956896551724138 0.058426966292134834 0.1879310344827586
0 0.300561797752809 0.4681034482758621 0.07078651685393259 0.3017241379310345
0 0.03876404494382023 0.2939655172413793 0.07752808988764046 0.22241379310344828
0 0.09157303370786517 0.30086206896551726 0.052808988764044947 0.1706896551724138
0 0.22977528089887642 0.2681034482758621 0.05730337078651685 0.18448275862068966
0 0.18820224719101122 0.28448275862068967 0.0550561797752809 0.20689655172413793
0 0.32303370786516855 0.2801724137931034 0.0550561797752809 0.18448275862068966
0 0.3741573033707865 0.2775862068965517 0.060674157303370786 0.2
0 0.42191011235955056 0.29310344827586204 0.0550561797752809 0.19655172413793104
0 0.584438202247191 0.2544310344827586 0.0691910112359551 0.23527586206896559
0 0.5165280898876404 0.2858965517241379 0.06629213483146068 0.24015517241379303
0 0.6600112359550563 0.5700344827586207 0.060314606741572976 0.07779310344827586
0 0.05393258426966292 0.8706896551724138 0.08089887640449438 0.25862068965517243
0 0.11404494382022472 0.9551724137931035 0.09325842696629214 0.0896551724137931
0 0.2101123595505618 0.9456896551724138 0.09662921348314607 0.10862068965517241
0 0.26292134831460673 0.8637931034482759 0.08764044943820225 0.27241379310344827
0 0.32865168539325845 0.9655172413793104 0.10449438202247191 0.06896551724137931
0 0.18202247191011237 0.8698275862068966 0.08314606741573034 0.2603448275862069
0 0.01741573033707865 0.8620689655172413 0.0348314606741573 0.27586206896551724
0 0.41123595505617977 0.8732758620689656 0.07640449438202247 0.253448275862069
0 0.33314606741573033 0.8698275862068966 0.07528089887640449 0.25
0 0.12191011235955056 0.8543103448275862 0.06179775280898876 0.2120689655172414
0 0.08595505617977528 0.7672413793103449 0.043820224719101124 0.13448275862068965
0 0.4393258426966292 0.7827586206896552 0.020224719101123594 0.12758620689655173
0 0.37640449438202245 0.8646551724137931 0.051685393258426963 0.2706896551724138
0 0.02752808988764045 0.753448275862069 0.0348314606741573 0.11724137931034483
0 0.3050561797752809 0.7767241379310345 0.0348314606741573 0.09482758620689655
0 0.1550561797752809 0.7594827586206897 0.038202247191011236 0.12241379310344827
0 0.5398876404494382 0.6387931034482759 0.08426966292134831 0.039655172413793106
0 0.6893258426966292 0.7629310344827587 0.07977528089887641 0.28793103448275864
0 0.9589887640449438 0.7758620689655172 0.07977528089887641 0.3137931034482759
0 0.7612359550561798 0.7956896551724137 0.1 0.35344827586206895
0 0.6174157303370786 0.7844827586206896 0.07977528089887641 0.3310344827586207
0 0.8786516853932584 0.8086206896551724 0.10561797752808989 0.3793103448275862
0 0.6713483146067416 0.7931034482758621 0.08202247191011236 0.3482758620689655
0 0.5382022471910113 0.7965517241379311 0.09887640449438202 0.35517241379310344
0 0.4797752808988764 0.8094827586206896 0.060674157303370786 0.3810344827586207