0 0.09194444444444444 0.24703557312252963 0.06944444444444445 0.41452569169960474
0 0.04 0.26877470355731226 0.057777777777777775 0.3957509881422925
0 0.14722222222222223 0.3157114624505929 0.056666666666666664 0.33053359683794464
0 0.38166666666666665 0.24950592885375494 0.06138888888888889 0.4214426877470356
0 0.2511111111111111 0.3092885375494071 0.05472222222222222 0.3285573122529644
0 0.30027777777777775 0.30335968379446643 0.05416666666666667 0.3394268774703557
0 0.19972222222222222 0.30533596837944665 0.05527777777777778 0.3359683794466403
0 0.3522222222222222 0.31274703557312256 0.056666666666666664 0.32954545454545453
0 0.14666666666666667 0.14772727272727273 0.050555555555555555 0.14278656126482214
0 0.1938888888888889 0.13191699604743082 0.04472222222222222 0.13389328063241107
0 0.24138888888888888 0.13636363636363635 0.05416666666666667 0.14278656126482214
0 0.28555555555555556 0.1442687747035573 0.03777777777777778 0.12944664031620554
0 0.3327777777777778 0.2633399209486166 0.04472222222222222 0.36709486166007904
0 0.3327777777777778 0.14377470355731226 0.04472222222222222 0.13043478260869565
0 0.7155555555555555 0.20281620553359683 0.05555555555555555 0.22974308300395258
0 0.8065277777777777 0.3300395256916996 0.059722222222222225 0.22727272727272727
0 0.4436111111111111 0.47282608695652173 0.02722222222222222 0.09387351778656126
0 0.6769444444444445 0.39377470355731226 0.058333333333333334 0.2519762845849802
0 0.5719444444444445 0.42835968379446643 0.07611111111111112 0.18280632411067194
0 0.5738888888888889 0.28063241106719367 0.06666666666666667 0.24703557312252963
0 0.21694444444444444 0.7761857707509882 0.35138888888888886 0.3715415019762846
0 0.5673611111111111 0.7509881422924901 0.05138888888888889 0.22727272727272727
0 0.5395833333333333 0.8732707509881423 0.05694444444444444 0.24950592885375494
0 0.9727777777777777 0.9580039525691699 0.05444444444444444 0.08399209486166008
0 0.845 0.5909090909090909 0.056666666666666664 0.1422924901185771
0 0.8797222222222222 0.5785573122529645 0.042777777777777776 0.11758893280632411
0 0.8913888888888889 0.8804347826086957 0.05277777777777778 0.2391304347826087
0 0.6802777777777778 0.5622529644268774 0.04722222222222222 0.08498023715415019
0 0.7338888888888889 0.9323122529644269 0.06777777777777778 0.13537549407114624