0 0.4831932773109244 0.23387096774193547 0.13165266106442577 0.46774193548387094
0 0.08823529411764706 0.23387096774193547 0.17086834733893558 0.46774193548387094
0 0.234593837535014 0.23387096774193547 0.13865546218487396 0.46774193548387094
0 0.31862745098039214 0.0846774193548387 0.07983193277310924 0.1693548387096774
0 0.3648459383753501 0.23387096774193547 0.14985994397759103 0.46774193548387094
0 0.4418767507002801 0.07526881720430108 0.06302521008403361 0.15053763440860216
0 0.0392156862745098 0.0793010752688172 0.0784313725490196 0.1586021505376344
0 0.18487394957983194 0.11290322580645161 0.0896358543417367 0.22580645161290322
0 0.8550420168067226 0.11290322580645161 0.11064425770308123 0.22580645161290322
0 0.8928571428571429 0.42338709677419356 0.09103641456582633 0.08870967741935484
0 0.23529411764705882 0.8024193548387096 0.1400560224089636 0.3951612903225806
0 0.6645658263305322 0.831989247311828 0.11624649859943978 0.33602150537634407