0 0.3601036269430052 0.1937799043062201 0.1381692573402418 0.3875598086124402
0 0.15932642487046633 0.1507177033492823 0.11139896373056994 0.3014354066985646
0 0.05958549222797927 0.15251196172248804 0.11917098445595854 0.3050239234449761
0 0.25172711571675305 0.18779904306220097 0.1079447322970639 0.37559808612440193
0 0.8074265975820379 0.21411483253588517 0.03238341968911917 0.09330143540669857
0 0.7521588946459413 0.22129186602870812 0.037132987910189985 0.12440191387559808
0 0.5850604490500864 0.29784688995215314 0.07167530224525043 0.3038277511961722
0 0.6498272884283247 0.3026315789473684 0.06347150259067358 0.2942583732057416
0 0.6947322970639033 0.30741626794258375 0.04317789291882556 0.284688995215311
0 0.8411053540587219 0.30322966507177035 0.06822107081174439 0.2930622009569378
0 0.9253022452504318 0.3050239234449761 0.09067357512953368 0.2894736842105263
0 0.8760794473229706 0.30980861244019137 0.04231433506044905 0.2793062200956938
0 0.7849740932642487 0.3181818181818182 0.07426597582037997 0.2631578947368421
0 0.7141623488773747 0.3241626794258373 0.0729706390328152 0.2511961722488038
0 0.24395509499136442 0.8415071770334929 0.30008635578583764 0.31638755980861244
0 0.8363557858376511 0.9180622009569378 0.32728842832469773 0.1638755980861244