0 0.41875 0.18882978723404256 0.053125 0.10106382978723404
0 0.51640625 0.19326241134751773 0.0734375 0.13120567375886524
0 0.02109375 0.31648936170212766 0.0421875 0.3670212765957447
0 0.36171875 0.3280141843971631 0.1109375 0.34397163120567376
0 0.55390625 0.32358156028368795 0.0921875 0.3528368794326241
0 0.453125 0.32890070921985815 0.1375 0.3421985815602837
0 0.08671875 0.324468085106383 0.1390625 0.35106382978723405
0 0.25 0.3280141843971631 0.146875 0.34397163120567376
0 0.5640625 0.3147163120567376 0.071875 0.37056737588652483
0 0.93515625 0.26595744680851063 0.1296875 0.46808510638297873
0 0.6359375 0.29609929078014185 0.071875 0.4078014184397163
0 0.75078125 0.2703900709219858 0.1734375 0.4592198581560284
0 0.2265625 0.8413120567375887 0.321875 0.3173758865248227
0 0.9296875 0.75 0.140625 0.5
0 0.72421875 0.75 0.2484375 0.5