0 0.3105113636363636 0.2889676113360324 0.11988636363636364 0.3016194331983806
0 0.20539772727272726 0.2930161943319838 0.11022727272727273 0.2975708502024291
0 0.10198863636363636 0.2935222672064777 0.12073863636363637 0.34969635627530365
0 0.2778409090909091 0.14878542510121456 0.03920454545454546 0.07236842105263158
0 0.07329545454545454 0.15738866396761134 0.08607954545454545 0.12044534412955465
0 0.22727272727272727 0.13765182186234817 0.06789772727272728 0.07591093117408906
0 0.16704545454545455 0.16093117408906882 0.06420454545454546 0.09159919028340081
0 0.17272727272727273 0.12651821862348178 0.060511363636363634 0.05819838056680162
0 0.10085227272727272 0.11336032388663968 0.06420454545454546 0.05060728744939271
0 0.2519886363636364 0.18168016194331985 0.055965909090909094 0.07844129554655871
0 0.2525568181818182 0.2535425101214575 0.05823863636363636 0.2236842105263158
0 0.11875 0.1082995951417004 0.026420454545454546 0.039473684210526314
0 0.008522727272727272 0.6715587044534413 0.017045454545454544 0.2257085020242915
0 0.021875 0.576417004048583 0.04375 0.19331983805668015
0 0.3795454545454545 0.728744939271255 0.04090909090909091 0.23279352226720648
0 0.13835227272727274 0.5840080971659919 0.055113636363636365 0.20850202429149797
0 0.20454545454545456 0.5546558704453441 0.05113636363636364 0.14979757085020243
0 0.3144886363636364 0.5774291497975709 0.04943181818181818 0.19534412955465588
0 0.7846590909090909 0.8117408906882592 0.35909090909090907 0.3765182186234818