0 0.049129353233830844 0.20463320463320464 0.09825870646766169 0.4092664092664093
0 0.2531094527363184 0.20463320463320464 0.1181592039800995 0.4092664092664093
0 0.36629353233830847 0.20463320463320464 0.1256218905472637 0.4092664092664093
0 0.43034825870646765 0.20463320463320464 0.07711442786069651 0.4092664092664093
0 0.14303482587064675 0.20463320463320464 0.10945273631840796 0.4092664092664093
0 0.3034825870646766 0.045366795366795366 0.06716417910447761 0.09073359073359073
0 0.19465174129353233 0.20463320463320464 0.0708955223880597 0.4092664092664093
0 0.09328358208955224 0.20463320463320464 0.07213930348258707 0.4092664092664093
0 0.09390547263681592 0.041505791505791506 0.07587064676616916 0.08301158301158301
0 0.9210199004975125 0.3310810810810811 0.09079601990049752 0.15637065637065636
0 0.4210199004975124 0.7972972972972973 0.022388059701492536 0.10617760617760617
0 0.5752487562189055 0.5260617760617761 0.09825870646766169 0.2335907335907336
0 0.5223880597014925 0.5308880308880309 0.05223880597014925 0.20077220077220076