0 0.13118527042577677 0.26331967213114754 0.14039125431530494 0.4733606557377049
0 0.24338319907940162 0.26229508196721313 0.1518987341772152 0.4692622950819672
0 0.06271576524741082 0.25 0.12543153049482164 0.5
0 0.3547180667433832 0.09477459016393443 0.0903337169159954 0.18954918032786885
0 0.14441887226697353 0.08043032786885246 0.11047180667433831 0.16086065573770492
0 0.3429228998849252 0.2776639344262295 0.1093210586881473 0.430327868852459
0 0.24769850402761795 0.08709016393442623 0.10184119677790564 0.17418032786885246
0 0.2289988492520138 0.7904713114754098 0.24021864211737629 0.1449795081967213
0 0.6209723820483314 0.8668032786885246 0.05322209436133487 0.23565573770491804
0 0.5920598388952819 0.9318647540983607 0.05868814729574223 0.1362704918032787
0 0.9086593785960875 0.6682889344262295 0.05897583429228999 0.21260245901639344
0 0.944620253164557 0.6401127049180327 0.04459148446490219 0.2177254098360656
0 0.9392980437284235 0.5332991803278688 0.05466052934407365 0.06659836065573771
0 0.9884925201380897 0.555327868852459 0.023014959723820484 0.11065573770491803
0 0.9565592635212888 0.9385245901639344 0.05466052934407365 0.12295081967213115
0 0.446921749136939 0.6734118852459017 0.04459148446490219 0.21260245901639344
0 0.41657077100115075 0.6664959016393442 0.0333716915995397 0.19979508196721313
0 0.415132336018412 0.5799180327868853 0.03049482163406214 0.11270491803278689
0 0.8590333716915995 0.5425204918032787 0.04602991944764097 0.08504098360655737
0 0.8955696202531646 0.5425204918032787 0.04200230149597238 0.08504098360655737
0 0.7905638665132336 0.5655737704918032 0.05063291139240506 0.13114754098360656
0 0.738204833141542 0.609375 0.048906789413118525 0.21260245901639344
0 0.42002301495972383 0.5604508196721312 0.04027617951668585 0.12090163934426229