0 0.23940677966101695 0.20495495495495494 0.11779661016949153 0.4099099099099099
0 0.04576271186440678 0.20495495495495494 0.09152542372881356 0.4099099099099099
0 0.36694915254237287 0.20495495495495494 0.04576271186440678 0.4099099099099099
0 0.1271186440677966 0.20495495495495494 0.1152542372881356 0.4099099099099099
0 0.34152542372881356 0.20495495495495494 0.09661016949152543 0.4099099099099099
0 0.19491525423728814 0.7105855855855856 0.3898305084745763 0.5782657657657657
0 0.8686440677966102 0.7545045045045045 0.055508474576271186 0.21509009009009009
0 0.7851694915254237 0.7995495495495496 0.11652542372881355 0.15934684684684686
0 0.8110169491525424 0.6796171171171171 0.03305084745762712 0.23479729729729729
0 0.9029661016949152 0.6891891891891891 0.044915254237288135 0.25900900900900903
0 0.8652542372881356 0.6289414414414415 0.04364406779661017 0.15259009009009009
0 0.773728813559322 0.7269144144144144 0.04915254237288136 0.17398648648648649
0 0.7711864406779662 0.6311936936936937 0.036016949152542374 0.15259009009009009
0 0.7122881355932204 0.7438063063063063 0.02923728813559322 0.14527027027027026
0 0.688135593220339 0.7353603603603603 0.023728813559322035 0.1570945945945946
0 0.7233050847457627 0.6953828828828829 0.030508474576271188 0.2516891891891892
0 0.4533898305084746 0.7595720720720721 0.07161016949152542 0.2393018018018018
0 0.5728813559322034 0.7995495495495496 0.11398305084745762 0.17905405405405406
0 0.5766949152542373 0.7438063063063063 0.07415254237288135 0.20326576576576577
0 0.6080508474576272 0.6987612612612613 0.036016949152542374 0.22972972972972974
0 0.6483050847457628 0.6903153153153153 0.04788135593220339 0.23704954954954954
0 0.6855932203389831 0.6987612612612613 0.04788135593220339 0.22972972972972974
0 0.5190677966101694 0.7027027027027027 0.05423728813559322 0.26126126126126126
0 0.4851694915254237 0.6942567567567568 0.03983050847457627 0.2635135135135135