0 0.1355294825511432 0.23475935828877006 0.2710589651022864 0.46951871657754013
0 0.37184115523465705 0.21684491978609627 0.2042719614921781 0.3371657754010695
0 0.1713297232250301 0.23609625668449197 0.1967509025270758 0.3449197860962567
0 0.23330324909747294 0.18449197860962566 0.14350180505415164 0.3689839572192513
0 0.8626654632972323 0.253475935828877 0.27451865222623345 0.3245989304812834
0 0.6110108303249098 0.2339572192513369 0.18231046931407943 0.3029411764705882
0 0.7615824308062575 0.24919786096256685 0.11221419975932612 0.27540106951871657
0 0.7376654632972323 0.12754010695187165 0.10664861612515042 0.17967914438502675
0 0.5910048134777377 0.1072192513368984 0.04226835138387485 0.15935828877005348
0 0.6048435619735258 0.11871657754010695 0.06783995186522263 0.1622994652406417
0 0.8049037304452467 0.17754010695187167 0.038959085439229844 0.08262032085561498
0 0.9915764139590855 0.15267379679144386 0.01684717208182912 0.04759358288770053
0 0.6753910950661853 0.1711229946524064 0.02888086642599278 0.0839572192513369
0 0.6287605294825511 0.203475935828877 0.04226835138387485 0.0767379679144385
0 0.35709987966305656 0.8927807486631016 0.19614921780986763 0.2144385026737968
0 0.39199759326113115 0.8374331550802139 0.16004813477737664 0.3251336898395722
0 0.0299338146811071 0.853475935828877 0.0598676293622142 0.293048128342246
0 0.03647111913357401 0.8549679144385026 0.05324608904933808 0.26864705882352935
0 0.7854993983152828 0.7237967914438502 0.08574007220216606 0.5085561497326203
0 0.5574608904933814 0.73475935828877 0.07521058965102287 0.5304812834224599
0 0.6319193742478941 0.7224598930481283 0.09190734055354995 0.5056149732620321
0 0.9058363417569194 0.73475935828877 0.08829723225030084 0.5304812834224599
0 0.7038206979542719 0.7181818181818181 0.08393501805054152 0.49732620320855614
0 0.8623646209386282 0.727807486631016 0.07536101083032491 0.5112299465240642