0 0.2336842105263158 0.13951310861423222 0.1368421052631579 0.27902621722846443
0 0.35789473684210527 0.14606741573033707 0.12421052631578948 0.29213483146067415
0 0.04105263157894737 0.14606741573033707 0.08210526315789474 0.29213483146067415
0 0.11368421052631579 0.1451310861423221 0.13894736842105262 0.2902621722846442
0 0.11368421052631579 0.6891385767790262 0.22736842105263158 0.6217228464419475
0 0.3105263157894737 0.6891385767790262 0.21894736842105264 0.6217228464419475
0 0.6068421052631578 0.8398876404494382 0.1773684210526316 0.3192883895131086
0 0.8431578947368421 0.8445692883895131 0.1773684210526316 0.31086142322097376
0 0.9284210526315789 0.600187265917603 0.1431578947368421 0.24531835205992508
0 0.86 0.4934456928838951 0.19631578947368422 0.20224719101123595
0 0.8426315789473684 0.7593632958801498 0.19789473684210526 0.450374531835206
0 0.6921052631578948 0.75 0.13421052631578947 0.4410112359550562
0 0.5878947368421052 0.7490636704119851 0.1463157894736842 0.3913857677902622
0 0.5421052631578948 0.7303370786516854 0.24421052631578946 0.450374531835206