0 0.16748166259168704 0.19858870967741934 0.2396088019559902 0.32056451612903225
0 0.5293398533007335 0.21169354838709678 0.15892420537897312 0.29435483870967744
0 0.054400977995110025 0.17943548387096775 0.10880195599022005 0.3588709677419355
0 0.17787286063569682 0.09475806451612903 0.1528117359413203 0.18951612903225806
0 0.3080684596577017 0.17943548387096775 0.13202933985330073 0.3588709677419355
0 0.3960880195599022 0.1743951612903226 0.10268948655256724 0.3487903225806452
0 0.11246943765281174 0.04032258064516129 0.08801955990220049 0.08064516129032258
0 0.5006112469437652 0.17842741935483872 0.14058679706601468 0.35685483870967744
0 0.3899755501222494 0.6794354838709677 0.1198044009779951 0.6411290322580645
0 0.22921760391198043 0.6683467741935484 0.07701711491442542 0.6189516129032258
0 0.06356968215158924 0.6794354838709677 0.1271393643031785 0.6411290322580645
0 0.30745721271393645 0.6794354838709677 0.1528117359413203 0.6411290322580645
0 0.5580684596577017 0.6794354838709677 0.10146699266503667 0.6411290322580645
0 0.17114914425427874 0.6794354838709677 0.13447432762836187 0.6411290322580645
0 0.460880195599022 0.6794354838709677 0.14180929095354522 0.6411290322580645
0 0.960794621026895 0.8987298387096774 0.05643031784841072 0.09002016129032253
0 0.6563080684596577 0.4651008064516129 0.037713936430317875 0.20687500000000003