0 0.07241379310344828 0.4045936395759717 0.12643678160919541 0.3286219081272085
0 0.48160919540229885 0.39840989399293286 0.14942528735632185 0.3409893992932862
0 0.3350574712643678 0.4045936395759717 0.15747126436781608 0.3286219081272085
0 0.6316091954022989 0.19081272084805653 0.07471264367816093 0.38162544169611307
0 0.496551724137931 0.20936395759717313 0.16091954022988506 0.41872791519434627
0 0.19367816091954024 0.39399293286219084 0.1367816091954023 0.3498233215547703
0 0.6028735632183908 0.4213780918727915 0.13218390804597702 0.2950530035335689
0 0.24482758620689654 0.21289752650176677 0.12873563218390804 0.42579505300353354
0 0.11724137931034483 0.18374558303886926 0.1724137931034483 0.3674911660777385
0 0.3735632183908046 0.21554770318021202 0.19310344827586207 0.43109540636042404
0 0.3252873563218391 0.23056537102473498 0.1103448275862069 0.2597173144876325
0 0.794528735632184 0.35464664310954064 0.09388505747126444 0.18779151943462902
0 0.44310344827586207 0.784452296819788 0.28045977011494255 0.37279151943462896
0 0.11264367816091954 0.7932862190812721 0.2218390804597701 0.338339222614841
0 0.2614942528735632 0.8144876325088339 0.21666666666666667 0.30918727915194344