0 0.02294853963838665 0.22494780793319416 0.0458970792767733 0.4498956158663883
0 0.2506954102920723 0.26826722338204595 0.15785813630041726 0.36325678496868474
0 0.11369958275382476 0.12578288100208768 0.13977746870653684 0.25156576200417535
0 0.14325452016689846 0.2860125260960334 0.13212795549374132 0.3277661795407098
0 0.2583449235048679 0.11795407098121086 0.12308762169680111 0.2359081419624217
0 0.8918636995827538 0.23068893528183715 0.1571627260083449 0.17745302713987474
0 0.7684283727399166 0.2176409185803758 0.15438108484005564 0.15605427974947808
0 0.6620305980528511 0.2197286012526096 0.10952712100139082 0.1304801670146138
0 0.4297635605006954 0.25626304801670147 0.14429763560500694 0.22129436325678498
0 0.5625869262865091 0.23225469728601253 0.14012517385257303 0.16336116910229645
0 0.44019471488178025 0.7249478079331941 0.2211404728789986 0.5501043841336117
0 0.8849095966620306 0.7249478079331941 0.2301808066759388 0.5501043841336117
0 0.6648122392211405 0.7348643006263048 0.33101529902642557 0.5302713987473904