0 0.1731651376146789 0.514026402640264 0.0963302752293578 0.20957095709570958
0 0.31536697247706424 0.43234323432343236 0.08256880733944955 0.37293729372937295
0 0.37672018348623854 0.5132013201320133 0.09518348623853211 0.21122112211221122
0 0.1095183486238532 0.42161716171617164 0.09288990825688073 0.3943894389438944
0 0.47477064220183485 0.5041254125412541 0.09862385321100918 0.22937293729372937
0 0.5286697247706422 0.42574257425742573 0.08944954128440367 0.38613861386138615
0 0.06594036697247706 0.5181518151815182 0.09977064220183486 0.20132013201320131
0 0.19094036697247707 0.37541254125412543 0.0768348623853211 0.2524752475247525
0 0.595756880733945 0.523102310231023 0.10665137614678899 0.19141914191419143
0 0.2643348623853211 0.5239273927392739 0.0860091743119266 0.18976897689768976
0 0.6754587155963303 0.5288778877887789 0.0481651376146789 0.17986798679867988
0 0.03841743119266055 0.4298679867986799 0.0768348623853211 0.3778877887788779
0 0.4461009174311927 0.4315181518151815 0.08486238532110092 0.37458745874587457
0 0.2586009174311927 0.36468646864686466 0.07454128440366972 0.2706270627062706
0 0.6702981651376146 0.40264026402640263 0.058486238532110095 0.30363036303630364
0 0.6003440366972477 0.3688118811881188 0.0768348623853211 0.23927392739273928
0 0.38474770642201833 0.35396039603960394 0.06307339449541284 0.20297029702970298
0 0.2213302752293578 0.2706270627062706 0.0481651376146789 0.11221122112211221
0 0.07110091743119266 0.26815181518151815 0.0481651376146789 0.10396039603960396
0 0.3480504587155963 0.2706270627062706 0.04472477064220184 0.12871287128712872
0 0.6444954128440367 0.38531353135313534 0.052752293577981654 0.30198019801980197
0 0.169151376146789 0.2607260726072607 0.05389908256880734 0.11221122112211221
0 0.28841743119266056 0.25742574257425743 0.03555045871559633 0.11221122112211221
0 0.5716743119266054 0.27970297029702973 0.03555045871559633 0.09075907590759076
0 0.41857798165137616 0.2632013201320132 0.0389908256880734 0.11716171617161716
0 0.009174311926605505 0.2764026402640264 0.01834862385321101 0.13036303630363036
0 0.9581422018348624 0.5222772277227723 0.08371559633027523 0.19306930693069307
0 0.9644495412844036 0.5552805280528053 0.06422018348623854 0.12706270627062707
0 0.7505733944954128 0.5907590759075908 0.0194954128440367 0.056105610561056105
0 0.06995412844036697 0.778052805280528 0.08027522935779817 0.3184818481848185
0 0.14621559633027523 0.7764026402640264 0.09288990825688073 0.31518151815181517
0 0.5361238532110092 0.7533003300330033 0.10206422018348624 0.26897689768976896
0 0.43061926605504586 0.7607260726072608 0.0676605504587156 0.2838283828382838
0 0.6295871559633027 0.745049504950495 0.07568807339449542 0.2524752475247525
0 0.21559633027522937 0.7755775577557755 0.07110091743119266 0.31353135313531355
0 0.39908256880733944 0.7475247524752475 0.06422018348623854 0.25742574257425743
0 0.5905963302752294 0.7466996699669967 0.06422018348623854 0.25577557755775576
0 0.3211009174311927 0.7656765676567657 0.07110091743119266 0.29372937293729373
0 0.2677752293577982 0.7698019801980198 0.05619266055045872 0.30198019801980197
0 0.46272935779816515 0.7533003300330033 0.04472477064220184 0.26897689768976896
0 0.49713302752293576 0.740924092409241 0.040137614678899085 0.24422442244224424
0 0.349197247706422 0.7557755775577558 0.04931192660550459 0.2739273927392739
0 0.34690366972477066 0.6716171617161716 0.04472477064220184 0.10561056105610561
0 0.966743119266055 0.8316831683168316 0.06651376146788991 0.33663366336633666
0 0.7408256880733946 0.8250825082508251 0.08256880733944955 0.34983498349834985
0 0.8216743119266054 0.8094059405940595 0.09977064220183486 0.3811881188118812
0 0.9420871559633027 0.7425742574257426 0.08142201834862385 0.24752475247524752
0 0.8899082568807339 0.8234323432343235 0.10091743119266056 0.35313531353135313