0 0.44639278557114226 0.24437299035369775 0.06713426853707415 0.4887459807073955
0 0.29458917835671344 0.24437299035369775 0.11823647294589178 0.4887459807073955
0 0.1813627254509018 0.24437299035369775 0.1523046092184369 0.4887459807073955
0 0.06162324649298597 0.24437299035369775 0.12324649298597194 0.4887459807073955
0 0.37074148296593185 0.2427652733118971 0.1062124248496994 0.4855305466237942
0 0.017034068136272545 0.2379421221864952 0.03406813627254509 0.4758842443729904
0 0.11723446893787576 0.12379421221864952 0.08216432865731463 0.24758842443729903
0 0.4468937875751503 0.08520900321543408 0.06613226452905811 0.17041800643086816
0 0.7880761523046093 0.26688102893890675 0.13927855711422846 0.4204180064308682
0 0.7244488977955912 0.2829581993569132 0.14228456913827656 0.4091639871382637
0 0.8947895791583166 0.32395498392282956 0.125751503006012 0.17443729903536978
0 0.8612224448897795 0.227491961414791 0.15531062124248496 0.454983922829582
0 0.3496993987975952 0.7065916398713826 0.09418837675350701 0.43569131832797425