0 0.27584745762711865 0.04132231404958678 0.06694915254237288 0.08264462809917356
0 0.22076271186440677 0.040633608815427 0.07033898305084746 0.081267217630854
0 0.10550847457627119 0.03787878787878788 0.08220338983050847 0.07575757575757576
0 0.16398305084745762 0.06611570247933884 0.06864406779661017 0.1322314049586777
0 0.09194915254237288 0.1446280991735537 0.12796610169491526 0.2892561983471074
0 0.28347457627118644 0.14669421487603307 0.0923728813559322 0.28512396694214875
0 0.20042372881355933 0.14738292011019283 0.1059322033898305 0.2837465564738292
0 0.7127118644067797 0.13429752066115702 0.17627118644067796 0.26859504132231404
0 0.9114406779661017 0.13636363636363635 0.17711864406779662 0.2727272727272727
0 0.4059322033898305 0.09917355371900827 0.14067796610169492 0.19834710743801653
0 0.5220338983050847 0.11983471074380166 0.18305084745762712 0.2396694214876033
0 0.8122881355932203 0.1012396694214876 0.12966101694915255 0.2024793388429752
0 0.6254237288135593 0.05578512396694215 0.16101694915254236 0.1115702479338843
0 0.610593220338983 0.6673553719008265 0.06186440677966102 0.2190082644628099
0 0.7906779661016949 0.7141873278236914 0.07923728813559322 0.23829201101928374