0 0.17857142857142858 0.24439775910364145 0.35714285714285715 0.4887955182072829
0 0.49212184873949577 0.24439775910364145 0.3434873949579832 0.4887955182072829
0 0.29516806722689076 0.03991596638655462 0.07142857142857142 0.07983193277310924
0 0.22058823529411764 0.049019607843137254 0.09033613445378151 0.09803921568627451
0 0.47584033613445376 0.04481792717086835 0.0819327731092437 0.0896358543417367
0 0.5367647058823529 0.0546218487394958 0.08823529411764706 0.1092436974789916
0 0.16649159663865545 0.05672268907563025 0.06407563025210083 0.1134453781512605
0 0.39233193277310924 0.0392156862745098 0.10819327731092437 0.0784313725490196
0 0.6439075630252101 0.19047619047619047 0.09033613445378151 0.38095238095238093
0 0.13760504201680673 0.06792717086834733 0.06302521008403361 0.13585434173669467
0 0.6202731092436975 0.032913165266106444 0.05777310924369748 0.06582633053221289
0 0.1013655462184874 0.07773109243697479 0.06197478991596639 0.15546218487394958
0 0.8828781512605042 0.22128851540616246 0.0976890756302521 0.24929971988795518
0 0.9227941176470589 0.3025210084033613 0.15441176470588236 0.37254901960784315
0 0.7247899159663865 0.2703081232492997 0.07142857142857142 0.4369747899159664
0 0.42489495798319327 0.757703081232493 0.2846638655462185 0.4733893557422969