0 0.5661931818181818 0.28694331983805665 0.12045454545454545 0.2049595141700405
0 0.40397727272727274 0.28694331983805665 0.09289772727272727 0.2069838056680162
0 0.26193181818181815 0.28694331983805665 0.08977272727272727 0.2049595141700405
0 0.47613636363636364 0.2874493927125506 0.09375 0.20597165991902833
0 0.33039772727272726 0.2940283400809717 0.07926136363636363 0.19331983805668015
0 0.4122159090909091 0.1791497975708502 0.0747159090909091 0.11538461538461539
0 0.34005681818181815 0.17965587044534412 0.07926136363636363 0.13006072874493926
0 0.115625 0.2894736842105263 0.08409090909090909 0.20091093117408906
0 0.1849431818181818 0.2889676113360324 0.07926136363636363 0.20192307692307693
0 0.27585227272727275 0.1771255060728745 0.08125 0.12651821862348178
0 0.4786931818181818 0.17611336032388664 0.06789772727272728 0.10779352226720648
0 0.20795454545454545 0.1887651821862348 0.06789772727272728 0.1346153846153846
0 0.5573863636363636 0.19331983805668015 0.1184659090909091 0.12601214574898786
0 0.1380681818181818 0.1791497975708502 0.08323863636363636 0.13714574898785425
0 0.9605113636363637 0.06629554655870445 0.05965909090909091 0.132085020242915
0 0.7571022727272727 0.15738866396761134 0.11392045454545455 0.20192307692307693
0 0.023295454545454546 0.9615384615384616 0.04659090909090909 0.07692307692307693
0 0.8948863636363636 0.7555668016194332 0.17102272727272727 0.46558704453441296