0 0.06258278145695365 0.407271702367531 0.1251655629139073 0.30496054114994364
0 0.1814569536423841 0.39571589627959414 0.15364238410596026 0.32807215332581735
0 0.40066225165562913 0.39627959413754227 0.12980132450331125 0.3269447576099211
0 0.28443708609271523 0.4064261555806088 0.123841059602649 0.30665163472378804
0 0.46225165562913906 0.37514092446448705 0.09536423841059603 0.3692220969560316
0 0.11688741721854305 0.2640924464487035 0.06158940397350993 0.09751972942502818
0 0.2870860927152318 0.25817361894024804 0.15562913907284767 0.1104847801578354
0 0.4248344370860927 0.25112739571589626 0.05894039735099338 0.06595264937993235
0 0.03443708609271523 0.8568207440811725 0.06887417218543046 0.22012401352874858
0 0.21026490066225165 0.846674182638106 0.13443708609271524 0.30665163472378804
0 0.37284768211920527 0.8354002254791432 0.16423841059602648 0.32919954904171367
0 0.4417218543046358 0.8599210822998873 0.13509933774834437 0.2801578354002255