0 0.31805019305019305 0.22470238095238096 0.24227799227799227 0.4494047619047619
0 0.10569498069498069 0.22470238095238096 0.21138996138996138 0.4494047619047619
0 0.21911196911196912 0.22470238095238096 0.17953667953667954 0.4494047619047619
0 0.14913127413127414 0.22470238095238096 0.2635135135135135 0.4494047619047619
0 0.07142857142857142 0.7284226190476191 0.08301158301158301 0.35639880952380953
0 0.15926640926640925 0.7001488095238095 0.06805019305019305 0.30505952380952384
0 0.26158301158301156 0.6994047619047619 0.06563706563706563 0.3244047619047619
0 0.3518339768339768 0.6666666666666666 0.052606177606177605 0.17857142857142858
0 0.3918918918918919 0.65625 0.05067567567567568 0.15773809523809523
0 0.2972972972972973 0.6517857142857143 0.033301158301158304 0.15848214285714285
0 0.013513513513513514 0.6316964285714286 0.02702702702702703 0.14434523809523808
0 0.7224903474903475 0.7552083333333334 0.5024131274131274 0.43973214285714285