0 0.1386509635974304 0.15964912280701754 0.23447537473233404 0.3192982456140351
0 0.2906852248394004 0.15964912280701754 0.11670235546038545 0.3192982456140351
0 0.7874732334047109 0.23508771929824562 0.0417558886509636 0.16842105263157894
0 0.826017130620985 0.2482456140350877 0.03961456102783726 0.14210526315789473
0 0.8798394004282655 0.24298245614035088 0.033137044967880135 0.14575438596491236
0 0.9645717344753747 0.23217543859649117 0.03416488222698082 0.11247368421052634
0 0.9892933618843683 0.24385964912280703 0.021413276231263382 0.14385964912280702
0 0.671306209850107 0.24649122807017543 0.023554603854389723 0.1456140350877193
0 0.5465738758029979 0.256140350877193 0.035331905781584586 0.12631578947368421
0 0.4828693790149893 0.25877192982456143 0.04068522483940043 0.12105263157894737
0 0.4148822269807281 0.26666666666666666 0.02676659528907923 0.10526315789473684
0 0.5996359743040685 0.25401754385964914 0.018083511777301914 0.11870175438596485
0 0.578372591006424 0.2586491228070176 0.024079229122055686 0.10692982456140358
0 0.7352462526766596 0.2391578947368421 0.020899357601713044 0.09601754385964915
0 0.46413276231263384 0.9385964912280702 0.025160599571734475 0.0956140350877193