0 0.04838709677419355 0.20887096774193548 0.0967741935483871 0.38870967741935486
0 0.672883064516129 0.22419354838709676 0.05342741935483871 0.4483870967741935
0 0.6365927419354839 0.3951612903225806 0.12600806451612903 0.34838709677419355
0 0.17590725806451613 0.2032258064516129 0.15625 0.3548387096774194
0 0.3558467741935484 0.392741935483871 0.1693548387096774 0.3532258064516129
0 0.21169354838709678 0.4153225806451613 0.1310483870967742 0.30806451612903224
0 0.45211693548387094 0.1774193548387097 0.11995967741935484 0.33225806451612905
0 0.08165322580645161 0.4137096774193548 0.16330645161290322 0.31129032258064515
0 0.6028225806451613 0.1443548387096774 0.09879032258064516 0.2887096774193548
0 0.5740927419354839 0.26048387096774195 0.11995967741935484 0.4306451612903226
0 0.4647177419354839 0.3967741935483871 0.09274193548387097 0.34516129032258064
0 0.2998991935483871 0.26370967741935486 0.13004032258064516 0.4467741935483871
0 0.3548387096774194 0.11774193548387096 0.11088709677419355 0.23548387096774193
0 0.25705645161290325 0.08629032258064516 0.0967741935483871 0.17258064516129032
0 0.5509072580645161 0.4274193548387097 0.10786290322580645 0.2806451612903226
0 0.1436491935483871 0.1879032258064516 0.08971774193548387 0.3758064516129032
0 0.4944556451612903 0.07096774193548387 0.055443548387096774 0.14193548387096774
0 0.8569052419354838 0.29938709677419356 0.08627016129032263 0.18503225806451618
0 0.7878024193548387 0.5483870967741935 0.0715725806451613 0.041935483870967745
0 0.7983870967741935 0.7846774193548387 0.1975806451612903 0.4306451612903226
0 0.9339717741935484 0.7991935483870968 0.13205645161290322 0.40161290322580645
0 0.9369959677419355 0.7846774193548387 0.12600806451612903 0.4306451612903226