0 0.46016260162601624 0.3097560975609756 0.15934959349593497 0.6195121951219512
0 0.3329268292682927 0.3097560975609756 0.12601626016260162 0.6195121951219512
0 0.04105691056910569 0.3097560975609756 0.08211382113821138 0.6195121951219512
0 0.12967479674796747 0.3097560975609756 0.14065040650406505 0.6195121951219512
0 0.22439024390243903 0.3097560975609756 0.12357723577235773 0.6195121951219512
0 0.7626016260162601 0.3871951219512195 0.37601626016260165 0.46463414634146344
0 0.891869918699187 0.33170731707317075 0.2146341463414634 0.5756097560975609
0 0.37682926829268293 0.9146341463414634 0.06991869918699187 0.06585365853658537
0 0.20243902439024392 0.6853658536585366 0.034552845528455285 0.09634146341463415
0 0.7125528455284553 0.8698658536585365 0.060642276422764256 0.1383658536585366
0 0.7699186991869919 0.9847560975609756 0.06341463414634146 0.03048780487804878
0 0.7203821138211381 0.7681341463414634 0.03647967479674797 0.08186585365853657