0 0.22278225806451613 0.5060483870967742 0.15725806451612903 0.34274193548387094
0 0.04889112903225806 0.2385752688172043 0.09778225806451613 0.2970430107526882
0 0.1688508064516129 0.26814516129032256 0.13608870967741934 0.43951612903225806
0 0.35080645161290325 0.4905913978494624 0.2056451612903226 0.3172043010752688
0 0.3598790322580645 0.2856182795698925 0.10080645161290322 0.36155913978494625
0 0.11441532258064516 0.48655913978494625 0.11995967741935484 0.3333333333333333
0 0.2757056451612903 0.25806451612903225 0.09576612903225806 0.28225806451612906
0 0.03931451612903226 0.48655913978494625 0.07862903225806452 0.32526881720430106
0 0.7202620967741935 0.2560483870967742 0.02620967741935484 0.15591397849462366
0 0.7661290322580645 0.26344086021505375 0.028225806451612902 0.1297043010752688
0 0.7938508064516129 0.25806451612903225 0.017641129032258066 0.13306451612903225
0 0.5917338709677419 0.2963709677419355 0.06300403225806452 0.3602150537634409
0 0.9420362903225806 0.2446236559139785 0.018649193548387098 0.09543010752688172
0 0.9122983870967742 0.2399193548387097 0.017641129032258066 0.09744623655913978
0 0.8734879032258065 0.3279569892473118 0.08770161290322581 0.38239247311827956
0 0.7384072580645161 0.25806451612903225 0.021169354838709676 0.1478494623655914
0 0.10383064516129033 0.8514784946236559 0.18346774193548387 0.24327956989247312
0 0.2963709677419355 0.8729838709677419 0.1532258064516129 0.20228494623655913
0 0.29435483870967744 0.8884408602150538 0.1507056451612903 0.17473118279569894