0 0.41068866571018653 0.4521505376344086 0.11692969870875179 0.15376344086021507
0 0.20121951219512196 0.4456989247311828 0.10832137733142037 0.16666666666666666
0 0.3012912482065997 0.439247311827957 0.11764705882352941 0.17956989247311828
0 0.13486370157819225 0.3403225806451613 0.09325681492109039 0.26344086021505375
0 0.09827833572453372 0.44516129032258067 0.11190817790530846 0.16774193548387098
0 0.22704447632711622 0.0935483870967742 0.09540889526542325 0.1870967741935484
0 0.4264705882352941 0.34838709677419355 0.11119081779053085 0.2709677419354839
0 0.3267575322812052 0.35053763440860214 0.09397417503586801 0.25591397849462366
0 0.5010760401721664 0.4505376344086022 0.09684361549497848 0.15698924731182795
0 0.22632711621233859 0.3543010752688172 0.07962697274031563 0.25268817204301075
0 0.4752510760401722 0.07580645161290323 0.08393113342898136 0.15161290322580645
0 0.01721664275466284 0.23118279569892472 0.03443328550932568 0.24301075268817204
0 0.09146341463414634 0.08709677419354839 0.09397417503586801 0.17419354838709677
0 0.36872309899569583 0.06827956989247312 0.08177905308464849 0.13655913978494624
0 0.5161406025824964 0.34516129032258064 0.0667144906743185 0.1978494623655914
0 0.21951219512195122 0.23763440860215054 0.08464849354375897 0.25161290322580643
0 0.5254662840746055 0.2075268817204301 0.04806312769010043 0.24731182795698925
0 0.06850789096126256 0.2693548387096774 0.08106169296987087 0.22473118279569892
0 0.4784791965566714 0.2 0.07890961262553801 0.2946236559139785
0 0.15136298421807748 0.19032258064516128 0.10616929698708752 0.24946236559139784
0 0.03837876614060258 0.3924731182795699 0.07675753228120516 0.2731182795698925
0 0.16212338593974174 0.0543010752688172 0.058823529411764705 0.1086021505376344
0 0.304519368723099 0.08709677419354839 0.07532281205164992 0.17419354838709677
0 0.02582496413199426 0.07849462365591398 0.05164992826398852 0.15698924731182795
0 0.3629842180774749 0.18870967741935485 0.06886657101865136 0.26129032258064516
0 0.06276901004304161 0.1381720430107527 0.09253945480631277 0.16666666666666666
0 0.30738880918220945 0.21397849462365592 0.06814921090387374 0.23440860215053763
0 0.4300573888091822 0.23225806451612904 0.10114777618364419 0.23010752688172043
0 0.4027977044476327 0.06344086021505377 0.06527977044476327 0.12688172043010754
0 0.7302725968436155 0.2870967741935484 0.36119081779053086 0.4838709677419355
0 0.7905308464849354 0.3381720430107527 0.3127690100430416 0.3817204301075269