0 0.14776632302405499 0.19495412844036697 0.2800687285223368 0.38990825688073394
0 0.3170103092783505 0.19495412844036697 0.0859106529209622 0.38990825688073394
0 0.22079037800687284 0.058868501529051986 0.12027491408934708 0.11773700305810397
0 0.7152061855670103 0.35856269113149847 0.09621993127147767 0.06269113149847094
0 0.5910652920962199 0.22782874617737003 0.09450171821305842 0.12079510703363915
0 0.9806701030927835 0.1551987767584098 0.03865979381443299 0.09021406727828746
0 0.23625429553264604 0.709480122324159 0.13960481099656358 0.581039755351682
0 0.15549828178694158 0.7897553516819572 0.140893470790378 0.3730886850152905
0 0.9643470790378007 0.7148318042813455 0.07130584192439862 0.36850152905198774
0 0.4102233676975945 0.6659021406727829 0.10051546391752578 0.5519877675840978
0 0.37199312714776633 0.8685015290519877 0.024054982817869417 0.26299694189602446
0 0.4411512027491409 0.8631498470948012 0.16237113402061856 0.27370030581039756
0 0.8612542955326461 0.709480122324159 0.1331615120274914 0.3363914373088685
0 0.7079037800687286 0.8608562691131498 0.14432989690721648 0.2782874617737003
0 0.8307560137457045 0.882262996941896 0.11168384879725086 0.23547400611620795
0 0.6258591065292096 0.6850152905198776 0.10223367697594501 0.3149847094801223
0 0.9359965635738832 0.8807339449541285 0.12800687285223367 0.23853211009174313
0 0.49742268041237114 0.613914373088685 0.08419243986254296 0.3532110091743119
0 0.5219072164948454 0.7637614678899083 0.10223367697594501 0.40825688073394495
0 0.6151202749140894 0.8646788990825688 0.07903780068728522 0.2706422018348624
0 0.7555841924398625 0.7668195718654435 0.11082474226804123 0.4235474006116208
0 0.7087628865979382 0.5764525993883792 0.09450171821305842 0.327217125382263
0 0.7920962199312714 0.5351681957186545 0.08247422680412371 0.290519877675841
0 0.5416666666666666 0.8944954128440367 0.09192439862542956 0.21100917431192662
0 0.8887457044673539 0.6674311926605505 0.07646048109965636 0.41131498470948014
0 0.5897766323024055 0.5458715596330275 0.04725085910652921 0.21100917431192662