0 0.062065972222222224 0.45815217391304347 0.12413194444444445 0.08369565217391305
0 0.3836805555555556 0.37119565217391304 0.10069444444444445 0.2576086956521739
0 0.20182291666666666 0.45869565217391306 0.1171875 0.08260869565217391
0 0.062065972222222224 0.37717391304347825 0.12413194444444445 0.24565217391304348
0 0.18619791666666666 0.35978260869565215 0.1154513888888889 0.28043478260869564
0 0.4700520833333333 0.3652173913043478 0.07899305555555555 0.25869565217391305
0 0.2877604166666667 0.3739130434782609 0.1015625 0.25217391304347825
0 0.8875868055555556 0.3244565217391304 0.03689236111111111 0.13695652173913042
0 0.9075520833333334 0.3451086956521739 0.017361111111111112 0.08315217391304348
0 0.9288194444444444 0.3190217391304348 0.033854166666666664 0.1532608695652174
0 0.9856770833333334 0.33043478260869563 0.028211805555555556 0.11902173913043479
0 0.9809027777777778 0.3027173913043478 0.020833333333333332 0.04891304347826087
0 0.14322916666666666 0.8956521739130435 0.21875 0.20815217391304347
0 0.4934895833333333 0.8891304347826087 0.031684027777777776 0.2217391304347826
0 0.47265625 0.878804347826087 0.07378472222222222 0.24239130434782608
0 0.7833159722222223 0.7973369565217392 0.1530555555555555 0.30784782608695654