0 0.16633333333333333 0.2742772424017791 0.14733333333333334 0.4314306893995552
0 0.356 0.24499629355077834 0.108 0.4899925871015567
0 0.058 0.2631578947368421 0.116 0.40029651593773163
0 0.06 0.03817642698295033 0.10933333333333334 0.07635285396590066
0 0.266 0.24499629355077834 0.152 0.4899925871015567
0 0.17833333333333334 0.05670867309117865 0.102 0.1134173461823573
0 0.11066666666666666 0.07079318013343217 0.08666666666666667 0.14158636026686433
0 0.28 0.7472201630837657 0.09766666666666667 0.31541882876204597
0 0.225 0.823943661971831 0.07966666666666666 0.34951816160118604
0 0.177 0.8402520385470719 0.05733333333333333 0.31690140845070425
0 0.11 0.7505559673832468 0.051 0.2134914751667902
0 0.12333333333333334 0.7913269088213492 0.08766666666666667 0.35507783543365457
0 0.6896666666666667 0.7668643439584878 0.49566666666666664 0.4636767976278725
0 0.794 0.7898443291326909 0.24433333333333335 0.3821349147516679