0 0.34381044487427465 0.12724550898203593 0.06673114119922631 0.12275449101796407
0 0.3970019342359768 0.12125748502994012 0.06286266924564797 0.1347305389221557
0 0.07688588007736943 0.11826347305389222 0.05899419729206963 0.1407185628742515
0 0.2736943907156673 0.1309880239520958 0.05029013539651837 0.11526946107784432
0 0.11315280464216634 0.11976047904191617 0.059961315280464215 0.1377245508982036
0 0.18665377176015474 0.125 0.06382978723404255 0.12724550898203593
0 0.23017408123791103 0.11676646706586827 0.058027079303675046 0.1437125748502994
0 0.1513539651837524 0.12949101796407186 0.039651837524177946 0.11826347305389222
0 0.30319148936170215 0.11826347305389222 0.041586073500967116 0.1407185628742515
0 0.5822050290135397 0.09431137724550898 0.24564796905222436 0.18862275449101795
0 0.8568665377176016 0.09431137724550898 0.25918762088974856 0.18862275449101795
0 0.6827852998065764 0.09431137724550898 0.14119922630560927 0.18862275449101795
0 0.29448742746615086 0.5950598802395209 0.28433268858800775 0.7634730538922155
0 0.15618955512572533 0.4977544910179641 0.12524177949709864 0.23278443113772454
0 0.059477756286266927 0.43862275449101795 0.11895551257253385 0.2694610778443114
0 0.706963249516441 0.6407185628742516 0.06673114119922631 0.48502994011976047