0 0.4530995106035889 0.30613577023498695 0.1366231647634584 0.26762402088772846
0 0.24510603588907015 0.31070496083550914 0.14926590538336051 0.2584856396866841
0 0.6553833605220228 0.31201044386422977 0.13825448613376834 0.2558746736292428
0 0.05464926590538336 0.3185378590078329 0.10929853181076672 0.24216710182767623
0 0.13866231647634583 0.28655352480417756 0.13866231647634583 0.30678851174934724
0 0.7524469820554649 0.31657963446475196 0.07422512234910278 0.24673629242819844
0 0.3666394779771615 0.2924281984334204 0.1166394779771615 0.2950391644908616
0 0.5791190864600326 0.30548302872062666 0.11256117455138662 0.2689295039164491
0 0.08972267536704731 0.17362924281984335 0.07748776508972267 0.05221932114882506
0 0.4938825448613377 0.16840731070496084 0.0432300163132137 0.04960835509138381
0 0.5570962479608483 0.15339425587467362 0.0734094616639478 0.050913838120104436
0 0.23123980424143556 0.16449086161879894 0.11745513866231648 0.09007832898172324
0 0.01835236541598695 0.3074412532637076 0.0367047308319739 0.2650130548302872
0 0.5203915171288744 0.29699738903394257 0.0901305057096248 0.28524804177545693
0 0.4294453507340946 0.1762402088772846 0.06402936378466557 0.06201044386422976
0 0.37112561174551384 0.1618798955613577 0.09747145187601958 0.08224543080939947
0 0.2936378466557912 0.29960835509138384 0.07096247960848287 0.2800261096605744
0 0.8947797716150081 0.2839425587467363 0.21044045676998369 0.31201044386422977
0 0.9808319738988581 0.6174934725848564 0.028548123980424143 0.09399477806788512