0 0.24689265536723165 0.2137826961770624 0.02937853107344633 0.06941649899396378
0 0.04943502824858757 0.22887323943661972 0.038700564971751415 0.061871227364185113
0 0.326271186440678 0.2107645875251509 0.03192090395480226 0.06841046277665996
0 0.11751412429378531 0.22082494969818914 0.02937853107344633 0.06438631790744467
0 0.3790960451977401 0.21428571428571427 0.02937853107344633 0.06287726358148893
0 0.2725988700564972 0.2147887323943662 0.02344632768361582 0.061871227364185113
0 0.4096045197740113 0.21277665995975856 0.03333333333333333 0.06287726358148893
0 0.18107344632768363 0.2198189134808853 0.038135593220338986 0.059356136820925554
0 0.48135593220338985 0.20724346076458752 0.038135593220338986 0.0699195171026157
0 0.15028248587570622 0.22183098591549297 0.02937853107344633 0.059356136820925554
0 0.21553672316384181 0.21629778672032193 0.03333333333333333 0.0658953722334004
0 0.44689265536723166 0.2062374245472837 0.039265536723163845 0.07394366197183098
0 0.5121468926553673 0.2052313883299799 0.03389830508474576 0.07344064386317907
0 0.2983050847457627 0.2107645875251509 0.030790960451977403 0.06790744466800805
0 0.5779661016949152 0.20372233400402415 0.04011299435028248 0.07696177062374246
0 0.5466101694915254 0.19869215291750503 0.042655367231638416 0.08048289738430583
0 0.3519774011299435 0.21227364185110664 0.027401129943502824 0.06237424547283702
0 0.14519774011299436 0.17303822937625754 0.027401129943502824 0.06941649899396378
0 0.17429378531073447 0.15945674044265593 0.03333333333333333 0.05030181086519115
0 0.23813559322033898 0.15492957746478872 0.030790960451977403 0.05331991951710262
0 0.2096045197740113 0.16046277665995975 0.027966101694915254 0.04678068410462777
0 0.3014124293785311 0.15140845070422534 0.03531073446327684 0.053822937625754526
0 0.33926553672316384 0.1675050301810865 0.027401129943502824 0.047283702213279676
0 0.2689265536723164 0.15995975855130784 0.030790960451977403 0.05030181086519115
0 0.415819209039548 0.14537223340040242 0.038700564971751415 0.05533199195171026
0 0.373728813559322 0.1720321931589537 0.030790960451977403 0.06388329979879276
0 0.48926553672316386 0.16146881287726358 0.03474576271186441 0.059356136820925554
0 0.4081920903954802 0.1790744466800805 0.039265536723163845 0.049798792756539235
0 0.4590395480225989 0.16448692152917505 0.03474576271186441 0.052313883299798795
0 0.08728813559322034 0.22283702213279677 0.03474576271186441 0.06488933601609657
0 0.7858757062146893 0.3983903420523139 0.05084745762711865 0.06237424547283702
0 0.7245762711864406 0.0437625754527163 0.05254237288135593 0.0875251509054326
0 0.9200564971751413 0.02012072434607646 0.03672316384180791 0.04024144869215292
0 0.8843220338983051 0.1836016096579477 0.046610169491525424 0.16096579476861167
0 0.8776836158192091 0.04879275653923541 0.03672316384180791 0.09758551307847083
0 0.6508474576271186 0.3440643863179074 0.04180790960451977 0.1710261569416499
0 0.7572033898305085 0.15467806841046278 0.046610169491525424 0.1836016096579477
0 0.6358757062146893 0.07142857142857142 0.011864406779661017 0.14285714285714285
0 0.8573446327683616 0.030181086519114688 0.03220338983050847 0.060362173038229376
0 0.8813559322033898 0.02112676056338028 0.0327683615819209 0.04225352112676056
0 0.985593220338983 0.053822937625754526 0.0288135593220339 0.10764587525150905
0 0.9620056497175141 0.14587525150905434 0.046610169491525424 0.1710261569416499
0 0.08087570621468926 0.7200301810865192 0.025525423728813595 0.16061368209255542
0 0.11509039548022601 0.6691951710261569 0.01862711864406781 0.06563380281690141
0 0.02342372881355931 0.7046981891348089 0.021570621468926524 0.17522132796780693
0 0.040689265536723154 0.6837424547283703 0.020943502824858785 0.13329979879275655
0 0.8564971751412429 0.6277665995975855 0.02175141242937853 0.13782696177062373
0 0.8186440677966101 0.6343058350100603 0.02344632768361582 0.1141851106639839
0 0.7957627118644067 0.6292756539235412 0.01440677966101695 0.11770623742454728
0 0.9627118644067797 0.6634808853118712 0.052259887005649715 0.31841046277665996
0 0.6728813559322034 0.6177062374245473 0.015254237288135594 0.08450704225352113
0 0.6974576271186441 0.613682092555332 0.01440677966101695 0.08601609657947686
0 0.7296610169491525 0.6916498993963782 0.07231638418079096 0.3380281690140845
0 0.8415254237288136 0.6292756539235412 0.017796610169491526 0.13078470824949698