0 0.14678899082568808 0.2099644128113879 0.12385321100917432 0.4199288256227758
0 0.2591743119266055 0.2099644128113879 0.10321100917431193 0.4199288256227758
0 0.3451834862385321 0.2099644128113879 0.08944954128440367 0.4199288256227758
0 0.047018348623853214 0.2099644128113879 0.09403669724770643 0.4199288256227758
0 0.37729357798165136 0.2099644128113879 0.02522935779816514 0.4199288256227758
0 0.014334862385321102 0.2099644128113879 0.028669724770642203 0.4199288256227758
0 0.2580275229357798 0.0693950177935943 0.12844036697247707 0.1387900355871886
0 0.08944954128440367 0.2099644128113879 0.06651376146788991 0.4199288256227758
0 0.08887614678899082 0.06316725978647687 0.06995412844036697 0.12633451957295375
0 0.5785894495412843 0.29142348754448394 0.10747706422018345 0.21220640569395016
0 0.18577981651376146 0.7686832740213523 0.047591743119266054 0.36743772241992884
0 0.21502293577981652 0.7473309608540926 0.04988532110091743 0.3692170818505338
0 0.7327981651376146 0.6494661921708185 0.1628440366972477 0.45907473309608543