0 0.32981927710843373 0.26996805111821087 0.06325301204819277 0.4185303514376997
0 0.09387550200803213 0.2803514376996805 0.05120481927710843 0.3977635782747604
0 0.045180722891566265 0.2787539936102236 0.09036144578313253 0.4009584664536741
0 0.40813253012048195 0.28594249201277955 0.04317269076305221 0.3865814696485623
0 0.2761044176706827 0.28993610223642174 0.07028112449799197 0.37859424920127793
0 0.13755020080321284 0.29472843450479236 0.07630522088353414 0.36900958466453676
0 0.20582329317269077 0.2955271565495208 0.07630522088353414 0.36741214057507987
0 0.357429718875502 0.3011182108626198 0.07028112449799197 0.3562300319488818
0 0.6355421686746988 0.2523961661341853 0.18875502008032127 0.4536741214057508
0 0.30271084337349397 0.6054313099041534 0.025100401606425703 0.04792332268370607
0 0.32630522088353414 0.6182108626198083 0.024096385542168676 0.07028753993610223
0 0.35190763052208834 0.6118210862619808 0.03313253012048193 0.08945686900958466
0 0.39006024096385544 0.6198083067092651 0.03313253012048193 0.07028753993610223
0 0.820281124497992 0.8146964856230032 0.05622489959839357 0.3706070287539936
0 0.8579317269076305 0.8266773162939297 0.10341365461847389 0.3466453674121406
0 0.9151606425702812 0.7939297124600639 0.16967871485943775 0.41214057507987223