0 0.4800944669365722 0.30856832971800435 0.0398110661268556 0.4609544468546638
0 0.4132928475033738 0.2749457700650759 0.12483130904183536 0.5281995661605207
0 0.053306342780026994 0.3129067245119306 0.10661268556005399 0.4522776572668113
0 0.1879217273954116 0.30531453362255967 0.13832658569500675 0.46746203904555317
0 0.29993252361673417 0.29229934924078094 0.11133603238866396 0.49349240780911063
0 0.2989203778677463 0.1898047722342733 0.1106612685560054 0.2885032537960954
0 0.1882591093117409 0.1984815618221258 0.1417004048582996 0.24511930585683298
0 0.053306342780026994 0.19305856832971802 0.10661268556005399 0.21258134490238612
0 0.6008771929824561 0.25976138828633405 0.1703778677462888 0.2098698481561822
0 0.9642375168690959 0.7960954446854663 0.07152496626180836 0.4078091106290672
0 0.5239541160593792 0.7868763557483731 0.047908232118758436 0.4262472885032538
0 0.6079622132253711 0.7917570498915402 0.04588394062078273 0.3470715835140998
0 0.6572199730094467 0.777114967462039 0.06477732793522267 0.38286334056399135
0 0.7125506072874493 0.7998915401301518 0.06072874493927125 0.3481561822125813
0 0.7526990553306343 0.8053145336225597 0.05735492577597841 0.3524945770065076
0 0.562753036437247 0.7863340563991323 0.06612685560053981 0.39913232104121477
0 0.9112685560053981 0.8085683297180043 0.0641025641025641 0.38286334056399135
0 0.8397435897435898 0.811822125813449 0.05195681511470985 0.37635574837310193
0 0.7979082321187584 0.7993492407809111 0.04520917678812416 0.39913232104121477
0 0.8761808367071525 0.7960954446854663 0.0465587044534413 0.4078091106290672
0 0.8120782726045884 0.6523861171366594 0.022267206477732792 0.07483731019522777