0 0.43931535269709543 0.29986149584487537 0.23962655601659752 0.5997229916897507
0 0.2225103734439834 0.2458448753462604 0.19605809128630705 0.4916897506925208
0 0.014522821576763486 0.18559556786703602 0.029045643153526972 0.3601108033240997
0 0.0783195020746888 0.2188365650969529 0.1566390041493776 0.4376731301939058
0 0.6535269709543569 0.3407202216066482 0.13485477178423236 0.3601108033240997
0 0.5757261410788381 0.35041551246537395 0.03319502074688797 0.3601108033240997
0 0.8677385892116183 0.3545706371191136 0.12966804979253113 0.3518005540166205
0 0.8132780082987552 0.14058171745152354 0.11618257261410789 0.28116343490304707
0 0.66701244813278 0.15512465373961218 0.14522821576763487 0.31024930747922436
0 0.7717842323651453 0.3628808864265928 0.13692946058091288 0.33240997229916897
0 0.6011410788381742 0.15997229916897507 0.08402489626556017 0.31994459833795014
0 0.38070539419087135 0.8157894736842105 0.18101659751037344 0.36772853185595566
0 0.7946058091286307 0.8095567867036011 0.4107883817427386 0.3808864265927978