0 0.581511839708561 0.10133495145631068 0.08469945355191257 0.20266990291262135
0 0.5204918032786885 0.11771844660194175 0.11384335154826958 0.2354368932038835
0 0.7158469945355191 0.10740291262135922 0.06557377049180328 0.1395631067961165
0 0.1912568306010929 0.11347087378640777 0.08925318761384335 0.19053398058252427
0 0.42714025500910746 0.11347087378640777 0.09107468123861566 0.21237864077669902
0 0.6402550091074681 0.13106796116504854 0.04735883424408015 0.1966019417475728
0 0.07285974499089254 0.1316747572815534 0.051001821493624776 0.14927184466019416
0 0.34790528233151186 0.1474514563106796 0.08925318761384335 0.25606796116504854
0 0.2795992714025501 0.15351941747572814 0.08378870673952642 0.25849514563106796
0 0.7317850637522769 0.23786407766990292 0.03551912568306011 0.38349514563106796
0 0.6889799635701275 0.28944174757281554 0.09562841530054644 0.37014563106796117
0 0.6056466302367942 0.3088592233009709 0.10382513661202186 0.32402912621359226
0 0.5109289617486339 0.3143203883495146 0.10564663023679417 0.3422330097087379
0 0.4275956284153005 0.3282766990291262 0.11748633879781421 0.35558252427184467
0 0.22176684881602915 0.34951456310679613 0.11384335154826958 0.48058252427184467
0 0.3296903460837887 0.36711165048543687 0.10200364298724955 0.35558252427184467
0 0.1384335154826958 0.35558252427184467 0.10746812386156648 0.4684466019417476
0 0.061930783242258654 0.34648058252427183 0.12386156648451731 0.4866504854368932
0 0.8415300546448088 0.154126213592233 0.010473588342440802 0.07281553398058252
0 0.7973588342440802 0.16686893203883496 0.018670309653916212 0.08737864077669903
0 0.77367941712204 0.17233009708737865 0.016848816029143898 0.1304611650485437
0 0.8506375227686703 0.17597087378640777 0.010018214936247723 0.06310679611650485
0 0.8711293260473588 0.1783980582524272 0.013205828779599272 0.07888349514563107
0 0.8342440801457195 0.18021844660194175 0.013205828779599272 0.08313106796116505
0 0.8897996357012751 0.18021844660194175 0.010018214936247723 0.06310679611650485
0 0.8123861566484517 0.18264563106796117 0.01639344262295082 0.08737864077669903
0 0.8246812386156649 0.21237864077669902 0.023224043715846996 0.09890776699029126
0 0.7846083788706739 0.21844660194174756 0.02459016393442623 0.11893203883495146
0 0.860655737704918 0.22451456310679613 0.018670309653916212 0.10861650485436893
0 0.7996357012750456 0.23118932038834952 0.014116575591985429 0.09587378640776699
0 0.8970856102003643 0.25788834951456313 0.015482695810564663 0.0970873786407767
0 0.9344262295081968 0.34648058252427183 0.022313296903460837 0.3003640776699029
0 0.8825136612021858 0.3574029126213592 0.023224043715846996 0.3161407766990291
0 0.8447176684881603 0.36225728155339804 0.021402550091074682 0.3234223300970874
0 0.9549180327868853 0.36589805825242716 0.03551912568306011 0.30764563106796117
0 0.9239526411657559 0.3743932038834951 0.025045537340619307 0.2961165048543689
0 0.8096539162112932 0.38288834951456313 0.018670309653916212 0.3337378640776699
0 0.9052823315118397 0.38349514563106796 0.03278688524590164 0.3294902912621359
0 0.8656648451730419 0.39745145631067963 0.03460837887067395 0.34769417475728154
0 0.7891621129326047 0.39987864077669905 0.04007285974499089 0.379247572815534
0 0.8296903460837887 0.404126213592233 0.03551912568306011 0.370752427184466
0 0.020947176684881604 0.8586165048543689 0.04189435336976321 0.2421116504854369
0 0.06466302367941712 0.8507281553398058 0.07832422586520947 0.22451456310679613
0 0.14162112932604737 0.8434466019417476 0.08879781420765027 0.19842233009708737
0 0.2736794171220401 0.9053398058252428 0.12386156648451731 0.17233009708737865
0 0.6215846994535519 0.8131067961165048 0.11657559198542805 0.14016990291262135
0 0.21265938069216758 0.8410194174757282 0.08378870673952642 0.1875
0 0.38752276867030966 0.9059466019417476 0.12158469945355191 0.1474514563106796
0 0.4344262295081967 0.8288834951456311 0.08105646630236794 0.17718446601941748
0 0.5186703096539163 0.8234223300970874 0.08970856102003642 0.15109223300970873
0 0.5063752276867031 0.9065533980582524 0.09107468123861566 0.13652912621359223
0 0.6202185792349727 0.9211165048543689 0.12386156648451731 0.12803398058252427
0 0.3588342440801457 0.8173543689320388 0.07468123861566485 0.13106796116504854
0 0.9153005464480874 0.7408980582524272 0.10564663023679417 0.30218446601941745
0 0.9448998178506375 0.7439320388349514 0.09016393442622951 0.308252427184466
0 0.8237704918032787 0.7949029126213593 0.14845173041894352 0.41019417475728154