0 0.21217712177121772 0.22232472324723246 0.045894833948339486 0.38253382533825336
0 0.08083487084870848 0.23062730627306274 0.04831642066420664 0.372539975399754
0 0.128690036900369 0.23062730627306274 0.06653597785977859 0.35731857318573185
0 0.16432195571955718 0.2320110701107011 0.06157749077490775 0.35316728167281675
0 0.9110931734317343 0.10824108241082411 0.027444649446494464 0.09686346863468635
0 0.9925046125461254 0.011531365313653136 0.014990774907749077 0.023062730627306273
0 0.30857933579335795 0.8523985239852399 0.0027675276752767526 0.04489544895448955
0 0.953759225092251 0.7922816728167281 0.09236623616236163 0.41543665436654365
0 0.8767297047970479 0.8045817958179582 0.08464022140221403 0.3908364083640836
0 0.7345479704797048 0.7939729397293973 0.0853321033210332 0.41205412054120544
0 0.8062730627306273 0.7885916359163592 0.08613929889298894 0.41436039360393606
0 0.6585562730627307 0.7752152521525215 0.08902214022140222 0.44941574415744157
0 0.3987546125461255 0.7964329643296433 0.08233394833948339 0.40698031980319804
0 0.4979243542435424 0.7922816728167281 0.09859317343173432 0.41543665436654365
0 0.5777214022140221 0.7849015990159902 0.07945110701107011 0.4300430504305043
0 0.5770295202952029 0.6505227552275523 0.07887453874538745 0.16113161131611317
0 0.4981549815498155 0.6552890528905289 0.10101476014760148 0.1368388683886839
0 0.39990774907749077 0.6523677736777368 0.07991236162361623 0.11869618696186962