0 0.4981481481481482 0.1925612052730697 0.19232804232804232 0.1812617702448211
0 0.32936507936507936 0.19491525423728814 0.17671957671957672 0.17890772128060264
0 0.1634920634920635 0.19538606403013184 0.19365079365079366 0.21045197740112995
0 0.4455026455026455 0.10828625235404897 0.06296296296296296 0.043785310734463276
0 0.11746031746031746 0.11346516007532957 0.1380952380952381 0.07250470809792843
0 0.36428571428571427 0.1016949152542373 0.10899470899470899 0.04566854990583804
0 0.267989417989418 0.11534839924670433 0.10291005291005291 0.05508474576271186
0 0.27724867724867724 0.0951035781544256 0.09682539682539683 0.03483992467043315
0 0.16164021164021164 0.08709981167608287 0.10291005291005291 0.030602636534839925
0 0.4042328042328042 0.128060263653484 0.08968253968253968 0.047080979284369114
0 0.40476190476190477 0.1713747645951036 0.09312169312169312 0.13465160075329566
0 0.19074074074074074 0.08380414312617702 0.042328042328042326 0.023540489642184557
0 0.7976190476190477 0.0532015065913371 0.03968253968253968 0.1064030131826742
0 0.7906084656084656 0.19350282485875706 0.051587301587301584 0.22128060263653485
0 0.9134920634920635 0.05649717514124294 0.046031746031746035 0.11299435028248588
0 0.2518518518518518 0.4529190207156309 0.04206349206349207 0.17278719397363465
0 0.8584656084656085 0.8568738229755178 0.13227513227513227 0.2857815442561205