0 0.18483146067415732 0.33183183183183185 0.11348314606741573 0.33633633633633636
0 0.026404494382022473 0.3280780780780781 0.052808988764044947 0.34384384384384387
0 0.09606741573033707 0.3385885885885886 0.11573033707865168 0.3228228228228228
0 0.47415730337078654 0.3483483483483483 0.08089887640449438 0.3033033033033033
0 0.5275280898876404 0.3400900900900901 0.043820224719101124 0.31981981981981983
0 0.2752808988764045 0.3490990990990991 0.09662921348314607 0.30180180180180183
0 0.4067415730337079 0.34384384384384387 0.0696629213483146 0.3123123123123123
0 0.34213483146067414 0.3415915915915916 0.07752808988764046 0.31681681681681684
0 0.7370786516853932 0.16441441441441443 0.07808988764044944 0.13213213213213212
0 0.697752808988764 0.22972972972972974 0.09831460674157304 0.22897897897897898
0 0.85 0.23798798798798798 0.10112359550561797 0.23948948948948948
0 0.851123595505618 0.35735735735735735 0.29775280898876405 0.28453453453453453
0 0.6123595505617978 0.34459459459459457 0.1258426966292135 0.3108108108108108
0 0.7477528089887641 0.34459459459459457 0.199438202247191 0.3108108108108108
0 0.2848314606741573 0.9504504504504504 0.09550561797752809 0.0990990990990991
0 0.3493820224719101 0.7731981981981982 0.09050561797752804 0.20663663663663664
0 0.8907415730337078 0.8524024024024025 0.03326966292134833 0.14537537537537545
0 0.9145168539325843 0.8508258258258258 0.027056179775280943 0.14423423423423415