0 0.40794223826714804 0.28586723768736616 0.1161251504211793 0.565845824411135
0 0.08935018050541517 0.28693790149892934 0.12093862815884476 0.5653104925053534
0 0.2000601684717208 0.2917558886509636 0.12454873646209386 0.5481798715203426
0 0.5709987966305656 0.2917558886509636 0.1194344163658243 0.5556745182012848
0 0.2972322503008424 0.2810492505353319 0.11371841155234658 0.5519271948608137
0 0.5120336943441637 0.29764453961456105 0.10198555956678701 0.5438972162740899
0 0.7060770156438027 0.06691648822269808 0.057160048134777375 0.13383297644539616
0 0.687424789410349 0.022483940042826552 0.04993983152827918 0.044967880085653104
0 0.8267148014440433 0.3948072805139186 0.06919374247894103 0.2328693790149893
0 0.8237063778580024 0.5203426124197003 0.07220216606498195 0.09850107066381156
0 0.7250300842358605 0.4732334047109208 0.061371841155234655 0.19271948608137046
0 0.6681708784596871 0.34528907922912205 0.036702767749699154 0.27301927194860814