0 0.31729634002361273 0.2599789915966387 0.3400236127508855 0.5199579831932774
0 0.15554899645808737 0.32142857142857145 0.31080283353010624 0.39705882352941174
0 0.5368949232585596 0.2815126050420168 0.16587957497048406 0.47478991596638653
0 0.9433293978748524 0.25735294117647056 0.11334120425029516 0.5147058823529411
0 0.7488193624557261 0.2505252100840336 0.05962219598583235 0.4527310924369748
0 0.6587957497048406 0.2668067226890756 0.07792207792207792 0.4957983193277311
0 0.8314639905548996 0.2767857142857143 0.07142857142857142 0.40861344537815125
0 0.890495867768595 0.2547268907563025 0.0690672963400236 0.421218487394958
0 0.698051948051948 0.24632352941176472 0.07733175914994096 0.49264705882352944
0 0.9397874852420307 0.13497899159663865 0.03305785123966942 0.1880252100840336
0 0.9604486422668241 0.2694327731092437 0.07319952774498228 0.48214285714285715
0 0.28364817001180637 0.5540966386554622 0.05608028335301062 0.06827731092436974
0 0.33766233766233766 0.6260504201680672 0.048406139315230225 0.21218487394957983
0 0.2802538370720189 0.6801470588235294 0.05165289256198347 0.21533613445378152
0 0.2895513577331759 0.9490546218487395 0.04427390791027155 0.10189075630252101
0 0.4445100354191263 0.6129201680672269 0.047225501770956316 0.18592436974789917
0 0.3990554899645809 0.6102941176470589 0.04132231404958678 0.18067226890756302
0 0.541469893742621 0.8377100840336135 0.05755608028335301 0.27836134453781514
0 0.03600944510035419 0.5777310924369747 0.047225501770956316 0.11554621848739496
0 0.007674144037780401 0.6418067226890757 0.015348288075560802 0.22268907563025211
0 0.1552538370720189 0.539390756302521 0.03541912632821724 0.038865546218487396
0 0.10684769775678866 0.5971638655462185 0.047225501770956316 0.15441176470588236
0 0.12529515938606847 0.7274159663865546 0.05755608028335301 0.17857142857142858
0 0.14197166469893743 0.8834033613445378 0.050177095631641085 0.23319327731092437
0 0.47284533648170013 0.7983193277310925 0.053128689492325853 0.23634453781512604
0 0.3584710743801653 0.8455882352941176 0.05165289256198347 0.23634453781512604
0 0.814935064935065 0.7253151260504201 0.1307556080283353 0.2972689075630252