0 0.39768145161290325 0.352891156462585 0.17237903225806453 0.21258503401360543
0 0.05997983870967742 0.358843537414966 0.11995967741935484 0.20068027210884354
0 0.14465725806451613 0.22959183673469388 0.11794354838709678 0.45918367346938777
0 0.2368951612903226 0.3681972789115646 0.1310483870967742 0.18197278911564627
0 0.04788306451612903 0.1879251700680272 0.09576612903225806 0.3758503401360544
0 0.25705645161290325 0.22959183673469388 0.13911290322580644 0.45918367346938777
0 0.40826612903225806 0.22959183673469388 0.18346774193548387 0.45918367346938777
0 0.3744959677419355 0.22023809523809523 0.15221774193548387 0.44047619047619047
0 0.5766129032258065 0.22704081632653061 0.1532258064516129 0.17091836734693877
0 0.6748991935483871 0.24319727891156462 0.24848790322580644 0.2891156462585034
0 0.1743951612903226 0.7738095238095238 0.2903225806451613 0.4523809523809524