0 0.046476761619190406 0.3365168539325843 0.09295352323838081 0.48651685393258426
0 0.6195652173913043 0.44662921348314605 0.09970014992503748 0.2662921348314607
0 0.2391304347826087 0.45393258426966293 0.15142428785607195 0.251685393258427
0 0.1386806596701649 0.3235955056179775 0.13493253373313344 0.5123595505617977
0 0.3785607196401799 0.4533707865168539 0.15442278860569716 0.25280898876404495
0 0.4808845577211394 0.2589887640449438 0.1446776611694153 0.41685393258426967
0 0.5172413793103449 0.42303370786516853 0.1724137931034483 0.31348314606741573
0 0.2552473763118441 0.28707865168539326 0.12818590704647675 0.3831460674157303
0 0.3620689655172414 0.302247191011236 0.1199400299850075 0.3550561797752809
0 0.6049475262368815 0.2679775280898876 0.12893553223388307 0.3831460674157303
0 0.14505247376311844 0.7646067415730337 0.020239880059970013 0.03146067415730337
0 0.44490254872563717 0.7617977528089888 0.017241379310344827 0.03146067415730337
0 0.7623688155922039 0.7966292134831461 0.18590704647676162 0.4061797752808989