0 0.029716981132075472 0.14575289575289574 0.059433962264150944 0.15637065637065636
0 0.4683962264150943 0.20945945945945946 0.08584905660377358 0.4189189189189189
0 0.2636792452830189 0.20945945945945946 0.09339622641509433 0.4189189189189189
0 0.34056603773584904 0.2306949806949807 0.13018867924528302 0.3764478764478765
0 0.5127358490566037 0.23552123552123552 0.07452830188679245 0.3667953667953668
0 0.41037735849056606 0.24613899613899615 0.07924528301886792 0.34555984555984554
0 0.07688679245283019 0.20945945945945946 0.15377358490566037 0.4189189189189189
0 0.19009433962264152 0.2384169884169884 0.11415094339622642 0.361003861003861
0 0.35047169811320755 0.7895752895752896 0.37075471698113205 0.42084942084942084
0 0.7084905660377359 0.7606177606177607 0.16132075471698112 0.4777992277992278
0 0.8372641509433962 0.7606177606177607 0.14622641509433962 0.4777992277992278