0 0.2935656836461126 0.30412371134020616 0.07238605898123325 0.5309278350515464
0 0.21715817694369974 0.31572164948453607 0.16353887399463807 0.5077319587628866
0 0.07707774798927614 0.33634020618556704 0.13270777479892762 0.46649484536082475
0 0.01742627345844504 0.17268041237113402 0.03485254691689008 0.26288659793814434
0 0.2714477211796247 0.14690721649484537 0.08981233243967829 0.29381443298969073
0 0.12466487935656836 0.19458762886597938 0.08579088471849866 0.327319587628866
0 0.7094906166219839 0.4119329896907217 0.0886997319034852 0.3012628865979381
0 0.028820375335120642 0.8788659793814433 0.057640750670241284 0.2422680412371134
0 0.08042895442359249 0.8737113402061856 0.14745308310991956 0.25257731958762886
0 0.20777479892761394 0.8775773195876289 0.128686327077748 0.24484536082474226
0 0.28619302949061665 0.875 0.0871313672922252 0.25
0 0.5180965147453083 0.8041237113402062 0.028820375335120642 0.03994845360824742
0 0.6843163538873994 0.8002577319587629 0.01876675603217158 0.041237113402061855
0 0.7908847184986595 0.8028350515463918 0.0160857908847185 0.01675257731958763
0 0.6689008042895442 0.8054123711340206 0.01742627345844504 0.029639175257731958
0 0.8438337801608579 0.8002577319587629 0.012734584450402145 0.01675257731958763