0 0.032285714285714286 0.28971486761710796 0.06457142857142857 0.4592668024439919
0 0.30342857142857144 0.3589613034623218 0.06742857142857143 0.32077393075356414
0 0.09771428571428571 0.3528513238289206 0.08114285714285714 0.3329938900203666
0 0.23885714285714285 0.35539714867617106 0.08685714285714285 0.32790224032586557
0 0.1657142857142857 0.34979633401221993 0.08 0.3391038696537678
0 0.08114285714285714 0.19653767820773932 0.06628571428571428 0.1384928716904277
0 0.3382857142857143 0.3518329938900204 0.04342857142857143 0.335030549898167
0 0.3494285714285714 0.1934826883910387 0.021142857142857144 0.1425661914460285
0 0.29742857142857143 0.20010183299389003 0.061142857142857145 0.15376782077393075
0 0.24314285714285713 0.19042769857433808 0.172 0.1690427698574338
0 0.13028571428571428 0.1939918533604888 0.046857142857142854 0.1354378818737271
0 0.20342857142857143 0.21181262729124237 0.048 0.13238289205702647
0 0.12914285714285714 0.32331975560081466 0.05142857142857143 0.3920570264765784
0 0.2022857142857143 0.2780040733197556 0.046857142857142854 0.26476578411405294
0 0.24285714285714285 0.20621181262729124 0.08342857142857144 0.12321792260692464
0 0.8034285714285714 0.24236252545824846 0.040857142857142856 0.07841140529531568
0 0.18 0.785132382892057 0.36 0.42973523421588594
0 0.6535714285714286 0.8034928716904277 0.023394285714285746 0.23052953156822822
0 0.6167485714285714 0.7905193482688391 0.028668571428571404 0.2119450101832995
0 0.7786685714285715 0.7126883910386965 0.009394285714285746 0.06929735234215881