0 0.13027027027027027 0.1283653846153846 0.04 0.11442307692307692
0 0.08405405405405406 0.16442307692307692 0.05405405405405406 0.14615384615384616
0 0.20540540540540542 0.16634615384615384 0.04864864864864865 0.16153846153846155
0 0.1643243243243243 0.16634615384615384 0.046486486486486484 0.15
0 0.25054054054054054 0.16682692307692307 0.04810810810810811 0.1701923076923077
0 0.2891891891891892 0.19326923076923078 0.03891891891891892 0.16923076923076924
0 0.37972972972972974 0.2552884615384615 0.08054054054054054 0.48365384615384616
0 0.32675675675675675 0.2879807692307692 0.062162162162162166 0.4028846153846154
0 0.04108108108108108 0.29375 0.07351351351351351 0.4125
0 0.10351351351351351 0.3293269230769231 0.09135135135135135 0.34134615384615385
0 0.22216216216216217 0.34326923076923077 0.05297297297297297 0.31346153846153846
0 0.17351351351351352 0.34615384615384615 0.06594594594594595 0.3076923076923077
0 0.2727027027027027 0.34423076923076923 0.06972972972972973 0.31153846153846154
0 0.632972972972973 0.18846153846153846 0.04810810810810811 0.08605769230769231
0 0.9548648648648649 0.26875 0.022972972972972974 0.07788461538461539
0 0.9351351351351351 0.2639423076923077 0.021621621621621623 0.0625
0 0.8159459459459459 0.22115384615384615 0.026486486486486487 0.04230769230769231
0 0.10162162162162162 0.8201923076923077 0.20297297297297298 0.3596153846153846
0 0.2735135135135135 0.7658653846153847 0.2927027027027027 0.46826923076923077
0 0.7954054054054054 0.5264423076923077 0.03405405405405405 0.052884615384615384
0 0.8489189189189189 0.5634615384615385 0.04594594594594595 0.12692307692307692
0 0.8954054054054054 0.5432692307692307 0.05027027027027027 0.08653846153846154