0 0.4268361581920904 0.4245472837022133 0.0788135593220339 0.37525150905432597
0 0.48983050847457626 0.4164989939637827 0.07429378531073447 0.38782696177062376
0 0.1115819209039548 0.40492957746478875 0.06977401129943503 0.37877263581488935
0 0.3440677966101695 0.42354124748490946 0.059322033898305086 0.35563380281690143
0 0.15423728813559323 0.4014084507042254 0.07090395480225989 0.3646881287726358
0 0.24124293785310735 0.41901408450704225 0.07542372881355933 0.37525150905432597
0 0.29265536723163843 0.4084507042253521 0.06864406779661017 0.3933601609657948
0 0.19943502824858758 0.4170020120724346 0.04689265536723164 0.3506036217303823
0 0.3788135593220339 0.40492957746478875 0.04915254237288136 0.37877263581488935
0 0.7672316384180791 0.13933601609657947 0.05367231638418079 0.1358148893360161
0 0.8187853107344633 0.22359154929577466 0.046610169491525424 0.24396378269617705
0 0.8216101694915254 0.0902917505030181 0.046610169491525424 0.13832997987927564
0 0.7637005649717514 0.29527162977867205 0.04943502824858757 0.2062374245472837
0 0.7725988700564972 0.5669014084507042 0.0423728813559322 0.12575452716297786
0 0.5550847457627118 0.08098591549295775 0.031073446327683617 0.1619718309859155
0 0.9211864406779661 0.22862173038229378 0.04519774011299435 0.1836016096579477
0 0.8774011299435028 0.2147887323943662 0.03954802259887006 0.2012072434607646
0 0.9288135593220339 0.045774647887323945 0.04406779661016949 0.09154929577464789
0 0.8977401129943503 0.05331991951710262 0.04067796610169491 0.10663983903420524
0 0.7951977401129944 0.028169014084507043 0.0423728813559322 0.056338028169014086
0 0.8440677966101695 0.036720321931589535 0.04406779661016949 0.07344064386317907
0 0.9929378531073446 0.4461770623742455 0.014124293785310734 0.2665995975855131
0 0.546045197740113 0.15442655935613683 0.012994350282485875 0.19617706237424548
0 0.6443502824858757 0.09280684104627766 0.03389830508474576 0.17354124748490946
0 0.6033898305084746 0.08023138832997988 0.04519774011299435 0.153420523138833
0 0.5977401129943503 0.20724346076458752 0.04519774011299435 0.1659959758551308
0 0.6153954802259887 0.34054325955734405 0.05508474576271186 0.1710261569416499
0 0.631638418079096 0.4939637826961771 0.0480225988700565 0.23138832997987926
0 0.981638418079096 0.08601609657947686 0.03672316384180791 0.1720321931589537
0 0.9858757062146892 0.02414486921529175 0.02824858757062147 0.0482897384305835
0 0.9480225988700565 0.4084507042253521 0.05084745762711865 0.22635814889336017
0 0.8385593220338983 0.4537223340040241 0.04943502824858757 0.22635814889336017
0 0.37598870056497175 0.8269617706237424 0.13502824858757062 0.06891348088531186
0 0.3559322033898305 0.8355130784708249 0.038700564971751415 0.04527162977867203
0 0.2615819209039548 0.8309859154929577 0.05875706214689266 0.06438631790744467
0 0.17824858757062148 0.8742454728370221 0.08926553672316384 0.1805835010060362
0 0.5330508474576271 0.8832997987927566 0.012994350282485875 0.09154929577464789
0 0.5217514124293785 0.8324949698189135 0.03559322033898305 0.07545271629778671
0 0.4748587570621469 0.9039235412474849 0.12937853107344632 0.1841046277665996