0 0.4552896725440806 0.14597315436241612 0.08942065491183879 0.29194630872483224
0 0.11209068010075567 0.14345637583892618 0.0906801007556675 0.28691275167785235
0 0.19269521410579346 0.1476510067114094 0.09571788413098237 0.2953020134228188
0 0.27455919395465994 0.13674496644295303 0.10579345088161209 0.27348993288590606
0 0.03841309823677582 0.15268456375838926 0.07682619647355164 0.3053691275167785
0 0.345088161209068 0.13590604026845637 0.09571788413098237 0.27181208053691275
0 0.42002518891687657 0.12164429530201343 0.07934508816120907 0.24328859060402686
0 0.5440806045340051 0.047818791946308725 0.08816120906801007 0.09479865771812081
0 0.19710327455919396 0.7088926174496645 0.058564231738035266 0.1929530201342282
0 0.2531486146095718 0.9169463087248322 0.06108312342569269 0.13590604026845637
0 0.20465994962216624 0.5671140939597316 0.03526448362720403 0.11409395973154363
0 0.8797229219143576 0.4966442953020134 0.041561712846347604 0.04697986577181208
0 0.6102015113350125 0.6417785234899329 0.07934508816120907 0.2197986577181208