0 0.12583892617449666 0.5201793721973094 0.1040268456375839 0.19730941704035873
0 0.43791946308724833 0.5112107623318386 0.11521252796420582 0.21524663677130046
0 0.049217002237136466 0.13565022421524664 0.09843400447427293 0.2713004484304933
0 0.11912751677852348 0.3789237668161435 0.0883668903803132 0.30493273542600896
0 0.5162192393736018 0.5269058295964125 0.06599552572706935 0.18385650224215247
0 0.016778523489932886 0.3576233183856502 0.03355704697986577 0.32062780269058294
0 0.040268456375838924 0.5213004484304933 0.08053691275167785 0.19506726457399104
0 0.0587248322147651 0.3542600896860987 0.08165548098434004 0.3183856502242152
0 0.2539149888143177 0.3991031390134529 0.087248322147651 0.43946188340807174
0 0.4451901565995526 0.1681614349775785 0.07158836689038031 0.336322869955157
0 0.4267337807606264 0.36771300448430494 0.08389261744966443 0.32286995515695066
0 0.18232662192393737 0.39349775784753366 0.07606263982102908 0.45067264573991034
0 0.33221476510067116 0.4170403587443946 0.08053691275167785 0.40358744394618834
0 0.34451901565995524 0.5168161434977578 0.07829977628635347 0.2040358744394619
0 0.5022371364653244 0.3789237668161435 0.08053691275167785 0.33183856502242154
0 0.22651006711409397 0.5257847533632287 0.11968680089485459 0.1860986547085202
0 0.10234899328859061 0.21076233183856502 0.05704697986577181 0.17040358744394618
0 0.37919463087248323 0.3508968609865471 0.06711409395973154 0.3475336322869955
0 0.2214765100671141 0.2062780269058296 0.04697986577181208 0.17937219730941703
0 0.28859060402684567 0.242152466367713 0.049217002237136466 0.17488789237668162
0 0.802013422818792 0.7982062780269058 0.1174496644295302 0.0952914798206278