0 0.02441860465116279 0.15443686006825938 0.04883720930232558 0.13822525597269625
0 0.5465116279069767 0.15699658703071673 0.02558139534883721 0.26621160409556316
0 0.43372093023255814 0.15870307167235495 0.06046511627906977 0.19795221843003413
0 0.29534883720930233 0.34726962457337884 0.11395348837209303 0.643344709897611
0 0.14244186046511628 0.38310580204778155 0.07325581395348837 0.5716723549488054
0 0.5331395348837209 0.3515358361774744 0.05232558139534884 0.6348122866894198
0 0.022674418604651164 0.35665529010238906 0.04534883720930233 0.6245733788395904
0 0.21686046511627907 0.38139931740614336 0.14534883720930233 0.5750853242320819
0 0.4831395348837209 0.37542662116040953 0.15232558139534882 0.5870307167235495
0 0.0872093023255814 0.38054607508532423 0.12790697674418605 0.5767918088737202
0 0.3627906976744186 0.39078498293515357 0.13488372093023257 0.5563139931740614
0 0.9261627906976744 0.3361774744027304 0.14767441860465116 0.6655290102389079
0 0.7034883720930233 0.33447098976109213 0.24186046511627907 0.6689419795221843
0 0.8924418604651163 0.33447098976109213 0.1755813953488372 0.6689419795221843
0 0.6436046511627908 0.33447098976109213 0.1686046511627907 0.6689419795221843
0 0.21203488372093027 0.8654095563139932 0.08915116279069762 0.25261092150170644
0 0.6618023255813953 0.8678668941979522 0.07160465116279074 0.23286689419795228
0 0.5924418604651163 0.8899317406143344 0.06627906976744186 0.22013651877133106