0 0.1817116060961313 0.3935281837160752 0.07620164126611957 0.4405010438413361
0 0.21805392731535755 0.3872651356993737 0.023446658851113716 0.48643006263048016
0 0.10844079718640094 0.47860125260960334 0.08089097303634232 0.418580375782881
0 0.03780773739742087 0.4754697286012526 0.0697538100820633 0.4102296450939457
0 0.12807737397420868 0.37265135699373697 0.06389214536928488 0.4321503131524008
0 0.011723329425556858 0.26252609603340293 0.023446658851113716 0.2139874739039666
0 0.07737397420867527 0.25260960334029225 0.04689331770222743 0.21085594989561587
0 0.03839390386869871 0.24791231732776617 0.047479484173505275 0.18893528183716074
0 0.7332942555685815 0.6456158663883089 0.06330597889800703 0.10751565762004175
0 0.27520515826494724 0.5487995824634656 0.05568581477139507 0.23225469728601253
0 0.3045134818288394 0.42745302713987476 0.05275498241500586 0.2453027139874739
0 0.6840562719812426 0.10908141962421712 0.05568581477139507 0.1409185803757829
0 0.6305685814771395 0.19650313152400836 0.04835873388042204 0.2531315240083507
0 0.6274912075029309 0.06471816283924843 0.04865181711606096 0.12943632567849686
0 0.8502344665885111 0.030793319415448852 0.03927315357561548 0.061586638830897704
0 0.6877198124267292 0.2708768267223382 0.05128956623681125 0.2139874739039666
0 0.6779015240328253 0.5934237995824635 0.043962485345838215 0.21189979123173278
0 0.9059202813599062 0.0662839248434238 0.0369284876905041 0.1325678496868476
0 0.8723622508792497 0.1325678496868476 0.039566236811254395 0.18789144050104384
0 0.8423212192262602 0.21085594989561587 0.043962485345838215 0.19832985386221294
0 0.5243259085580305 0.2017223382045929 0.04689331770222743 0.19050104384133612
0 0.5697538100820633 0.1873695198329854 0.041031652989449004 0.20876826722338204
0 0.4780187573270809 0.0360125260960334 0.04865181711606096 0.0720250521920668
0 0.5161195779601406 0.029749478079331943 0.045134818288393906 0.059498956158663886
0 0.548358733880422 0.037578288100208766 0.04279015240328253 0.07515657620041753
0 0.8194607268464243 0.033402922755741124 0.03985932004689332 0.06680584551148225
0 0.6085873388042204 0.5174843423799582 0.06301289566236812 0.24791231732776617
0 0.5155334114888629 0.4574634655532359 0.0615474794841735 0.23747390396659707
0 0.4429953106682298 0.3804801670146138 0.05422039859320047 0.2609603340292276
0 0.940504103165299 0.1638830897703549 0.049824150058616644 0.20876826722338204
0 0.9788980070339977 0.17014613778705637 0.04220398593200469 0.20041753653444677
0 0.8342614302461899 0.40657620041753656 0.05715123094958968 0.2453027139874739
0 0.6559202813599062 0.6022964509394572 0.05861664712778429 0.1941544885177453
0 0.28751465416178196 0.07776617954070981 0.04279015240328253 0.15553235908141963
0 0.44431418522860494 0.9441544885177453 0.13071512309495897 0.11169102296450939