0 0.07473118279569893 0.377151051625239 0.09462365591397849 0.26481835564053535
0 0.23360215053763442 0.3604206500956023 0.09516129032258064 0.2982791586998088
0 0.153494623655914 0.3551625239005736 0.09623655913978495 0.30879541108986613
0 0.3185483870967742 0.33078393881453155 0.09946236559139784 0.3575525812619503
0 0.5962365591397849 0.36424474187380496 0.06666666666666667 0.29063097514340347
0 0.49811827956989246 0.3575525812619503 0.11021505376344086 0.30401529636711283
0 0.4088709677419355 0.34608030592734224 0.08870967741935484 0.32695984703632885
0 0.4096774193548387 0.30975143403441685 0.08817204301075268 0.25430210325047803
0 0.4978494623655914 0.3173996175908222 0.11290322580645161 0.21606118546845124
0 0.5962365591397849 0.31261950286806883 0.06666666666666667 0.18738049713193117
0 0.8224569892473118 0.27223709369024857 0.15043010752688168 0.3742925430210325
0 0.15725806451612903 0.9416826003824091 0.051075268817204304 0.11663479923518165
0 0.18413978494623656 0.8790630975143403 0.04838709677419355 0.22466539196940727
0 0.532258064516129 0.5874760994263862 0.051075268817204304 0.12906309751434034
0 0.4831989247311828 0.6675430210325047 0.04435483870967742 0.23183556405353728
0 0.4803763440860215 0.5578393881453155 0.044623655913978495 0.0965583173996176
0 0.5356182795698925 0.73565965583174 0.04704301075268817 0.1959847036328872
0 0.5266129032258065 0.9670172084130019 0.04032258064516129 0.06596558317399617
0 0.385752688172043 0.6723231357552581 0.043010752688172046 0.17447418738049714
0 0.4274193548387097 0.6591778202676865 0.03763440860215054 0.19120458891013384
0 0.40779569892473116 0.5329827915869981 0.03924731182795699 0.04684512428298279
0 0.29758064516129035 0.8761950286806883 0.0521505376344086 0.24760994263862332
0 0.13844086021505375 0.5602294455066922 0.0456989247311828 0.10133843212237094
0 0.02620967741935484 0.7105640535372849 0.04704301075268817 0.17447418738049714
0 0.3271505376344086 0.5640535372848948 0.03602150537634408 0.1089866156787763
0 0.3602150537634409 0.8432122370936902 0.04838709677419355 0.21510516252390058
0 0.4643817204301075 0.8862332695984704 0.04704301075268817 0.21510516252390058
0 0.7956989247311828 0.7466539196940727 0.1620967741935484 0.3283938814531549