0 0.5104395604395604 0.23681640625 0.07774725274725275 0.46630859375
0 0.2958791208791209 0.3173828125 0.10137362637362637 0.318359375
0 0.2129120879120879 0.3125 0.08543956043956044 0.32666015625
0 0.2302197802197802 0.12548828125 0.08406593406593407 0.2109375
0 0.4431318681318681 0.32080078125 0.08901098901098901 0.3212890625
0 0.06840659340659341 0.23828125 0.08269230769230769 0.4453125
0 0.13131868131868132 0.31787109375 0.09175824175824175 0.3212890625
0 0.36923076923076925 0.31005859375 0.07582417582417582 0.32958984375
0 0.30851648351648353 0.12451171875 0.08324175824175824 0.20703125
0 0.3799450549450549 0.11962890625 0.07637362637362638 0.193359375
0 0.44175824175824174 0.13818359375 0.07362637362637363 0.21142578125
0 0.14752747252747253 0.13427734375 0.08818681318681319 0.21337890625
0 0.85 0.64306640625 0.0521978021978022 0.1318359375
0 0.8277472527472527 0.97412109375 0.0521978021978022 0.0517578125
0 0.5763736263736263 0.64013671875 0.03296703296703297 0.1806640625
0 0.9928571428571429 0.83837890625 0.014285714285714285 0.2099609375
0 0.6398351648351648 0.768798828125 0.06043956043956044 0.22705078125
0 0.8321428571428572 0.793212890625 0.04120879120879121 0.20263671875
0 0.7998626373626374 0.724853515625 0.04532967032967033 0.23681640625
0 0.7971153846153847 0.595458984375 0.04532967032967033 0.13427734375
0 0.7002747252747252 0.69677734375 0.04120879120879121 0.1708984375
0 0.739423076923077 0.6845703125 0.03983516483516483 0.1904296875
0 0.6582417582417582 0.541015625 0.03956043956043956 0.0625
0 0.6961538461538461 0.5361328125 0.03296703296703297 0.052734375
0 0.7266483516483516 0.54345703125 0.03571428571428571 0.0673828125
0 0.9942307692307693 0.6962890625 0.011538461538461539 0.185546875
0 0.9936813186813187 0.55419921875 0.012637362637362638 0.0888671875
0 0.970054945054945 0.56640625 0.03461538461538462 0.11328125
0 0.6906593406593406 0.96533203125 0.06593406593406594 0.0693359375