0 0.3030434782608696 0.18361581920903955 0.16695652173913045 0.3283898305084746
0 0.10695652173913044 0.192090395480226 0.1317391304347826 0.2980225988700565
0 0.19521739130434781 0.2111581920903955 0.12869565217391304 0.2725988700564972
0 0.888695652173913 0.19491525423728814 0.21913043478260869 0.3898305084745763
0 0.9339130434782609 0.1271186440677966 0.13217391304347825 0.2542372881355932
0 0.4882608695652174 0.20480225988700565 0.11739130434782609 0.4096045197740113
0 0.6634782608695652 0.20480225988700565 0.18782608695652173 0.4096045197740113
0 0.697391304347826 0.11087570621468927 0.15130434782608695 0.22175141242937854
0 0.8126086956521739 0.1772598870056497 0.1208695652173913 0.3545197740112994
0 0.558695652173913 0.1772598870056497 0.13304347826086957 0.3545197740112994
0 0.4865217391304348 0.0557909604519774 0.09478260869565218 0.1115819209039548
0 0.7252173913043478 0.902542372881356 0.07521739130434782 0.17231638418079095
0 0.6621739130434783 0.7125706214689266 0.049565217391304345 0.20056497175141244
0 0.6004347826086956 0.7471751412429378 0.03869565217391304 0.18573446327683615