0 0.0485553772070626 0.2572289156626506 0.0971107544141252 0.36265060240963853
0 0.26845906902086675 0.28433734939759037 0.09831460674157304 0.3108433734939759
0 0.42174959871589085 0.28795180722891567 0.09390048154093097 0.3036144578313253
0 0.30658105939004815 0.2765060240963855 0.06741573033707865 0.3265060240963855
0 0.1906099518459069 0.2783132530120482 0.08146067415730338 0.3228915662650602
0 0.1260032102728732 0.2680722891566265 0.09269662921348315 0.3427710843373494
0 0.36276083467094705 0.3006024096385542 0.05818619582664526 0.2783132530120482
0 0.8182182985553772 0.10843373493975904 0.14526484751203853 0.21686746987951808
0 0.5702247191011236 0.21987951807228914 0.10192616372391654 0.4397590361445783
0 0.5906902086677368 0.1427710843373494 0.14285714285714285 0.2855421686746988
0 0.9209470304975923 0.2608433734939759 0.1581059390048154 0.3578313253012048
0 0.9281701444622793 0.21987951807228914 0.14365971107544143 0.4397590361445783
0 0.7536115569823435 0.7686746987951807 0.18619582664526485 0.46265060240963857
0 0.6023274478330658 0.8512048192771084 0.0666131621187801 0.29759036144578316