0 0.061553030303030304 0.25080906148867316 0.05303030303030303 0.16181229773462782
0 0.28882575757575757 0.2766990291262136 0.08143939393939394 0.2459546925566343
0 0.20738636363636365 0.28236245954692557 0.09090909090909091 0.23462783171521034
0 0.1434659090909091 0.28883495145631066 0.061553030303030304 0.22168284789644013
0 0.03361742424242424 0.30258899676375406 0.06723484848484848 0.1941747572815534
0 0.11553030303030302 0.3106796116504854 0.10416666666666667 0.1779935275080906
0 0.5980113636363636 0.21035598705501618 0.3527462121212121 0.32119741100323623
0 0.06628787878787878 0.6998381877022654 0.12310606060606061 0.6003236245954693
0 0.25047348484848486 0.7839805825242718 0.14488636363636365 0.4320388349514563
0 0.17755681818181818 0.6998381877022654 0.13162878787878787 0.6003236245954693
0 0.3025568181818182 0.7969255663430421 0.05397727272727273 0.40614886731391586
0 0.28077651515151514 0.5485436893203883 0.09753787878787878 0.2977346278317152