0 0.3346238938053097 0.42035398230088494 0.049778761061946904 0.5988200589970502
0 0.28042035398230086 0.4306784660766962 0.11836283185840708 0.5781710914454278
0 0.0459070796460177 0.4638643067846608 0.0918141592920354 0.5117994100294986
0 0.19579646017699115 0.4564896755162242 0.10398230088495575 0.5265486725663717
0 0.11283185840707964 0.45132743362831856 0.10176991150442478 0.5368731563421829
0 0.8163716814159292 0.8805309734513275 0.36670353982300885 0.1902654867256637
0 0.4811946902654867 0.8687315634218289 0.24336283185840707 0.17772861356932154
0 0.6803097345132744 0.8775811209439528 0.14712389380530974 0.16150442477876106
0 0.6493362831858407 0.806047197640118 0.13993362831858408 0.10545722713864307
0 0.45685840707964603 0.7942477876106194 0.05530973451327434 0.09365781710914454
0 0.47511061946902655 0.801622418879056 0.08904867256637168 0.09513274336283185
0 0.7372787610619469 0.8355457227138643 0.05088495575221239 0.048672566371681415
0 0.985066371681416 0.8207964601769911 0.029867256637168143 0.028023598820058997
0 0.5674778761061947 0.831858407079646 0.03761061946902655 0.049410029498525077
0 0.5066371681415929 0.8510324483775811 0.05530973451327434 0.04498525073746313