0 0.13544973544973546 0.3295668549905838 0.08121693121693122 0.2980225988700565
0 0.5383597883597884 0.332391713747646 0.1328042328042328 0.24623352165725046
0 0.614021164021164 0.3611111111111111 0.06111111111111111 0.24623352165725046
0 0.441005291005291 0.3220338983050847 0.05502645502645503 0.2598870056497175
0 0.2976190476190476 0.3210922787193974 0.059788359788359786 0.24717514124293785
0 0.07645502645502646 0.3050847457627119 0.07142857142857142 0.2838983050847458
0 0.3457671957671958 0.3540489642184557 0.05714285714285714 0.24199623352165725
0 0.19576719576719576 0.3356873822975518 0.0626984126984127 0.2532956685499058
0 0.24365079365079365 0.3173258003766478 0.05767195767195767 0.25
0 0.3862433862433862 0.3135593220338983 0.058465608465608464 0.25
0 0.4793650793650794 0.2984934086629002 0.05238095238095238 0.2514124293785311
0 0.1634920634920635 0.18879472693032015 0.039153439153439155 0.089924670433145
0 0.33121693121693124 0.2222222222222222 0.05026455026455026 0.10734463276836158
0 0.41164021164021164 0.1534839924670433 0.05423280423280423 0.08145009416195857
0 0.6275132275132275 0.2434086629001883 0.07433862433862434 0.12099811676082863
0 0.3531746031746032 0.1751412429378531 0.03518518518518519 0.07627118644067797
0 0.512962962962963 0.18926553672316385 0.030952380952380953 0.07532956685499058
0 0.5682539682539682 0.2029190207156309 0.043915343915343914 0.07344632768361582
0 0.28386243386243387 0.19962335216572505 0.05026455026455026 0.09416195856873823
0 0.19126984126984126 0.20903954802259886 0.050793650793650794 0.0795668549905838
0 0.44074074074074077 0.19303201506591336 0.05582010582010582 0.09463276836158192
0 0.5296296296296297 0.307909604519774 0.07698412698412699 0.2547080979284369
0 0.17857142857142858 0.1586629001883239 0.02142857142857143 0.04472693032015066
0 0.6023809523809524 0.21092278719397364 0.025396825396825397 0.039077212806026364
0 0.25476190476190474 0.18455743879472694 0.02962962962962963 0.06261770244821092
0 0.48597883597883595 0.16242937853107345 0.04206349206349207 0.054143126177024485
0 0.3082010582010582 0.16195856873822975 0.02619047619047619 0.06167608286252354
0 0.41243386243386243 0.19915254237288135 0.03518518518518519 0.09322033898305085
0 0.23835978835978835 0.20009416195856874 0.051587301587301584 0.089924670433145
0 0.10449735449735449 0.19397363465160075 0.03439153439153439 0.06591337099811675
0 0.3693121693121693 0.20056497175141244 0.03439153439153439 0.0743879472693032
0 0.32275132275132273 0.147834274952919 0.020634920634920634 0.04472693032015066
0 0.12301587301587301 0.1850282485875706 0.02328042328042328 0.07015065913370998
0 0.25767195767195766 0.16101694915254236 0.0335978835978836 0.07627118644067797
0 0.8365079365079365 0.6746704331450094 0.018783068783068783 0.10875706214689265
0 0.8611111111111112 0.6770244821092278 0.016666666666666666 0.1115819209039548