0 0.19753086419753085 0.03423236514522822 0.05864197530864197 0.06846473029045644
0 0.3387345679012346 0.17219917012448133 0.08487654320987655 0.34439834024896265
0 0.1427469135802469 0.18568464730290457 0.08796296296296297 0.37136929460580914
0 0.020061728395061727 0.19190871369294607 0.040123456790123455 0.38381742738589214
0 0.4174382716049383 0.1887966804979253 0.13425925925925927 0.3775933609958506
0 0.2993827160493827 0.1908713692946058 0.09567901234567901 0.3817427385892116
0 0.22916666666666666 0.2095435684647303 0.125 0.4190871369294606
0 0.0779320987654321 0.22406639004149378 0.13117283950617284 0.44813278008298757
0 0.9583333333333334 0.12863070539419086 0.08333333333333333 0.2572614107883817
0 0.3873456790123457 0.7966804979253111 0.32407407407407407 0.4066390041493776
0 0.20987654320987653 0.8101659751037344 0.41975308641975306 0.3796680497925311
0 0.7901234567901234 0.7240663900414938 0.41975308641975306 0.5518672199170125