0 0.15180878552971577 0.4483204134366925 0.07364341085271318 0.16279069767441862
0 0.07493540051679587 0.4444444444444444 0.09043927648578812 0.17054263565891473
0 0.29328165374677 0.45155038759689925 0.08010335917312661 0.15633074935400518
0 0.020025839793281652 0.4560723514211886 0.040051679586563305 0.14728682170542637
0 0.21963824289405684 0.45930232558139533 0.08010335917312661 0.14082687338501293
0 0.36563307493540054 0.45671834625323 0.08527131782945736 0.14599483204134367
0 0.42441860465116277 0.458656330749354 0.050387596899224806 0.1421188630490956
0 0.7248062015503876 0.2648578811369509 0.5503875968992248 0.5297157622739018
0 0.35852713178294576 0.8236434108527132 0.1821705426356589 0.35271317829457366
0 0.04521963824289406 0.774547803617571 0.09043927648578812 0.17700258397932817
0 0.83656330749354 0.8656330749354005 0.1434108527131783 0.268733850129199
0 0.625968992248062 0.8675710594315246 0.1298449612403101 0.2648578811369509
0 0.5064599483204134 0.872093023255814 0.11369509043927649 0.2558139534883721