0 0.28711985688729874 0.22974537037037038 0.11627906976744186 0.45949074074074076
0 0.39221824686940965 0.22974537037037038 0.13506261180679785 0.45949074074074076
0 0.17531305903398928 0.2818287037037037 0.12343470483005367 0.35532407407407407
0 0.06753130590339892 0.2824074074074074 0.10644007155635063 0.3541666666666667
0 0.0129695885509839 0.29050925925925924 0.0259391771019678 0.33796296296296297
0 0.20527728085867622 0.22916666666666666 0.09749552772808587 0.4583333333333333
0 0.022808586762075134 0.1076388888888889 0.04561717352415027 0.2152777777777778
0 0.12790697674418605 0.10127314814814815 0.07155635062611806 0.2025462962962963
0 0.0684257602862254 0.09259259259259259 0.07245080500894455 0.18518518518518517
0 0.7732558139534884 0.30324074074074076 0.1426654740608229 0.2523148148148148
0 0.674865831842576 0.5734953703703703 0.04561717352415027 0.12384259259259259
0 0.9065295169946332 0.5775462962962963 0.04964221824686941 0.1388888888888889
0 0.7455277280858676 0.5960648148148148 0.044722719141323794 0.11747685185185185
0 0.5576923076923077 0.6157407407407407 0.04203935599284436 0.1875
0 0.7450805008944544 0.7135416666666666 0.04382826475849732 0.35300925925925924
0 0.9601967799642218 0.7233796296296297 0.07915921288014312 0.40046296296296297
0 0.8363148479427549 0.7523148148148148 0.061270125223613595 0.3506944444444444
0 0.6404293381037567 0.7569444444444444 0.06708407871198568 0.39641203703703703
0 0.7741502683363148 0.7569444444444444 0.0684257602862254 0.3431712962962963
0 0.8926654740608229 0.7621527777777778 0.07915921288014312 0.36863425925925924
0 0.7008050089445438 0.7650462962962963 0.0943649373881932 0.3836805555555556
0 0.5715563506261181 0.7800925925925926 0.1050983899821109 0.4195601851851852
0 0.5008944543828264 0.7818287037037037 0.08228980322003578 0.43171296296296297
0 0.7093023255813954 0.5283564814814815 0.04606440071556351 0.10706018518518519
0 0.7759391771019678 0.5480324074074074 0.04382826475849732 0.1111111111111111
0 0.5974955277280859 0.5486111111111112 0.050536672629695883 0.109375
0 0.6364042933810375 0.5538194444444444 0.03980322003577817 0.13541666666666666
0 0.8568872987477638 0.5613425925925926 0.05143112701252236 0.15046296296296297
0 0.8112701252236136 0.5671296296296297 0.04561717352415027 0.1545138888888889