0 0.07954545454545454 0.23029045643153526 0.12733100233100234 0.36721991701244816
0 0.2864219114219114 0.22977178423236513 0.10751748251748251 0.3682572614107884
0 0.1858974358974359 0.21265560165975103 0.15238927738927738 0.3983402489626556
0 0.4431818181818182 0.01867219917012448 0.05419580419580419 0.03734439834024896
0 0.756993006993007 0.1312240663900415 0.05536130536130536 0.1400414937759336
0 0.4881993006993007 0.18309128630705393 0.056818181818181816 0.2074688796680498
0 0.5552156177156177 0.14548755186721993 0.056818181818181816 0.22562240663900415
0 0.6113053613053613 0.11566390041493776 0.043706293706293704 0.1970954356846473
0 0.6433566433566433 0.1078838174273859 0.05244755244755245 0.19190871369294607
0 0.6824009324009324 0.0912863070539419 0.05244755244755245 0.1825726141078838
0 0.6870629370629371 0.2712655601659751 0.05536130536130536 0.22302904564315354
0 0.7052738927738927 0.20513485477178423 0.04807692307692308 0.1841286307053942
0 0.9208916083916084 0.26867219917012447 0.056818181818181816 0.21265560165975103
0 0.9340034965034965 0.11177385892116183 0.04516317016317016 0.1841286307053942
0 0.8916083916083916 0.0783195020746888 0.03613053613053613 0.1566390041493776
0 0.9842657342657343 0.07468879668049792 0.03146853146853147 0.14937759336099585
0 0.4184149184149184 0.8314315352697096 0.037296037296037296 0.2437759336099585
0 0.7884615384615384 0.5150414937759336 0.05536130536130536 0.1400414937759336
0 0.6424825174825175 0.508298755186722 0.043706293706293704 0.17842323651452283
0 0.6748251748251748 0.5031120331950207 0.05244755244755245 0.16804979253112035
0 0.7138694638694638 0.4927385892116183 0.05244755244755245 0.14730290456431536
0 0.9523601398601399 0.6524896265560166 0.056818181818181816 0.21265560165975103
0 0.9653263403263403 0.5031120331950207 0.04487179487179487 0.16804979253112035
0 0.9230769230769231 0.47977178423236516 0.03613053613053613 0.12136929460580913
0 0.7648601398601399 0.9196058091286307 0.05536130536130536 0.1607883817427386
0 0.5823135198135199 0.5850622406639004 0.05099067599067599 0.22821576763485477
0 0.6098484848484849 0.9377593360995851 0.06235431235431235 0.12448132780082988
0 0.7331002331002331 0.5941390041493776 0.05536130536130536 0.24636929460580914
0 0.7418414918414918 0.666753112033195 0.0641025641025641 0.24636929460580914
0 0.9683857808857809 0.5435684647302904 0.04224941724941725 0.17634854771784234
0 0.6952214452214452 0.9725103734439834 0.05827505827505827 0.054979253112033194
0 0.48892773892773894 0.5134854771784232 0.053613053613053616 0.1887966804979253