0 0.05455508474576271 0.3904761904761905 0.10858050847457627 0.6182539682539683
0 0.5254237288135594 0.35 0.08845338983050847 0.7
0 0.3040254237288136 0.3626984126984127 0.10063559322033898 0.6746031746031746
0 0.3940677966101695 0.38571428571428573 0.0916313559322034 0.6285714285714286
0 0.1483050847457627 0.3738095238095238 0.10222457627118645 0.6515873015873016
0 0.4576271186440678 0.42142857142857143 0.06567796610169492 0.5563492063492064
0 0.22351694915254236 0.35555555555555557 0.08527542372881355 0.6880952380952381
0 0.579978813559322 0.04047619047619048 0.020127118644067795 0.08095238095238096
0 0.7966101694915254 0.26746031746031745 0.038135593220338986 0.14761904761904762
0 0.6122881355932204 0.4015873015873016 0.07415254237288135 0.15555555555555556
0 0.7240466101694916 0.5293650793650794 0.06673728813559322 0.15396825396825398
0 0.5826271186440678 0.530952380952381 0.025423728813559324 0.173015873015873