0 0.2543604651162791 0.24468085106382978 0.19767441860465115 0.48936170212765956
0 0.08212209302325581 0.24468085106382978 0.16424418604651161 0.48936170212765956
0 0.3866279069767442 0.24468085106382978 0.14534883720930233 0.48936170212765956
0 0.16061046511627908 0.24468085106382978 0.12936046511627908 0.48936170212765956
0 0.023255813953488372 0.08333333333333333 0.046511627906976744 0.16666666666666666
0 0.023255813953488372 0.24468085106382978 0.046511627906976744 0.48936170212765956
0 0.5726744186046512 0.10904255319148937 0.2063953488372093 0.21808510638297873
0 0.21440406976744183 0.9101595744680849 0.06255813953488366 0.11725177304964539
0 0.29001453488372086 0.8899468085106383 0.08880813953488376 0.11413120567375887
0 0.3132267441860465 0.9512411347517731 0.09156976744186046 0.0975177304964539
0 0.07613372093023255 0.8654432624113475 0.05856104651162794 0.20287234042553184
0 0.3561191860465116 0.8626595744680852 0.06529069767441854 0.11017730496453898
0 0.8219476744186046 0.8882978723404256 0.13226744186046513 0.22340425531914893