0 0.08052631578947368 0.2406367041198502 0.11368421052631579 0.45692883895131087
0 0.34868421052631576 0.2345505617977528 0.10684210526315789 0.4691011235955056
0 0.20763157894736842 0.2663857677902622 0.0868421052631579 0.4054307116104869
0 0.26342105263157894 0.25608614232209737 0.07736842105263157 0.42602996254681647
0 0.15552631578947368 0.24110486891385768 0.08473684210526315 0.4559925093632959
0 0.30447368421052634 0.2345505617977528 0.06578947368421052 0.4691011235955056
0 0.30473684210526314 0.08380149812734082 0.06526315789473684 0.16760299625468164
0 0.7336842105263158 0.3197565543071161 0.155 0.2551498127340824
0 0.22 0.8085205992509363 0.04447368421052632 0.15917602996254682
0 0.6197368421052631 0.5575842696629213 0.06263157894736843 0.17696629213483145
0 0.8768421052631579 0.6465355805243446 0.1936842105263158 0.3548689138576779