0 0.3951271186440678 0.2549435028248588 0.19279661016949154 0.5098870056497176
0 0.23516949152542374 0.2549435028248588 0.18220338983050846 0.5098870056497176
0 0.08315677966101695 0.2549435028248588 0.1641949152542373 0.5098870056497176
0 0.725635593220339 0.10875706214689265 0.046610169491525424 0.16101694915254236
0 0.5995762711864406 0.10240112994350282 0.05084745762711865 0.1596045197740113
0 0.9311440677966102 0.12570621468926554 0.046610169491525424 0.1497175141242938
0 0.5195974576271186 0.11016949152542373 0.03919491525423729 0.14689265536723164
0 0.6848516949152542 0.1115819209039548 0.037076271186440676 0.1440677966101695
0 0.829978813559322 0.1228813559322034 0.06038135593220339 0.1384180790960452
0 0.8792372881355932 0.1285310734463277 0.046610169491525424 0.1384180790960452
0 0.7754237288135594 0.11511299435028248 0.05296610169491525 0.153954802259887
0 0.6440677966101694 0.1016949152542373 0.048728813559322036 0.15819209039548024
0 0.558792372881356 0.10522598870056497 0.04343220338983051 0.14548022598870056
0 0.8871822033898306 0.04731638418079096 0.04343220338983051 0.09463276836158192
0 0.8411016949152542 0.020480225988700564 0.05296610169491525 0.04096045197740113
0 0.739406779661017 0.01694915254237288 0.048728813559322036 0.03389830508474576
0 0.784957627118644 0.01977401129943503 0.04449152542372881 0.03954802259887006
0 0.6393008474576272 0.013418079096045197 0.05614406779661017 0.026836158192090395
0 0.5789194915254238 0.02824858757062147 0.04343220338983051 0.05649717514124294
0 0.690677966101695 0.0211864406779661 0.048728813559322036 0.0423728813559322
0 0.524364406779661 0.04307909604519774 0.048728813559322036 0.08615819209039548
0 0.975635593220339 0.1306497175141243 0.048728813559322036 0.15112994350282485
0 0.3252118644067797 0.7966101694915254 0.3432203389830508 0.4067796610169492
0 0.75 0.7549435028248588 0.5 0.4901129943502825