0 0.31785714285714284 0.14930555555555555 0.15714285714285714 0.2986111111111111
0 0.21369047619047618 0.14930555555555555 0.11785714285714285 0.2986111111111111
0 0.11726190476190476 0.14930555555555555 0.14642857142857144 0.2986111111111111
0 0.375 0.14930555555555555 0.08571428571428572 0.2986111111111111
0 0.6452380952380953 0.17274305555555555 0.0744047619047619 0.06684027777777778
0 0.7351190476190477 0.1970486111111111 0.07202380952380952 0.0859375
0 0.8184523809523809 0.1814236111111111 0.05773809523809524 0.06336805555555555
0 0.21845238095238095 0.671875 0.23273809523809524 0.6553819444444444
0 0.36964285714285716 0.6493055555555556 0.16071428571428573 0.7013888888888888
0 0.5607142857142857 0.9097222222222222 0.22142857142857142 0.18055555555555555
0 0.8476190476190476 0.6493055555555556 0.22380952380952382 0.7013888888888888
0 0.9547619047619048 0.8133680555555556 0.09047619047619047 0.3732638888888889