0 0.34444444444444444 0.5077951002227171 0.13071895424836602 0.10356347438752785
0 0.13856209150326798 0.5083518930957683 0.12810457516339868 0.10244988864142539
0 0.25326797385620914 0.5183741648106904 0.12222222222222222 0.08240534521158129
0 0.06241830065359477 0.48747216035634744 0.12483660130718954 0.14420935412026725
0 0.3990196078431373 0.48802895322939865 0.021568627450980392 0.09632516703786191
0 0.2506535947712418 0.4821826280623608 0.15359477124183007 0.1091314031180401
0 0.11470588235294117 0.4752227171492205 0.05816993464052288 0.06514476614699331
0 0.25163398692810457 0.6701002227171492 0.029411764705882353 0.12444320712694877
0 0.03529411764705882 0.7639198218262806 0.02875816993464052 0.1650890868596882
0 0.08071895424836602 0.8493875278396437 0.03888888888888889 0.20601336302895323
0 0.05196078431372549 0.8616369710467706 0.05784313725490196 0.20601336302895323
0 0.5741830065359477 0.8195991091314031 0.020588235294117647 0.0645879732739421
0 0.5392156862745098 0.8154231625835189 0.014705882352941176 0.06041202672605791
0 0.519281045751634 0.8148663697104677 0.017973856209150325 0.06987750556792872