0 0.3013297872340426 0.18714555765595464 0.03829787234042553 0.11436672967863894
0 0.34547872340425534 0.22353497164461247 0.05159574468085106 0.14650283553875237
0 0.2297872340425532 0.22542533081285443 0.04654255319148936 0.16162570888468808
0 0.2688829787234043 0.22542533081285443 0.04441489361702128 0.1502835538752363
0 0.18670212765957447 0.22589792060491493 0.04601063829787234 0.17060491493383742
0 0.14973404255319148 0.2523629489603025 0.03723404255319149 0.16965973534971646
0 0.061436170212765956 0.31427221172022685 0.08058510638297872 0.4844045368620038
0 0.11382978723404255 0.34688090737240074 0.059308510638297875 0.40359168241965976
0 0.38670212765957446 0.3539697542533081 0.07021276595744681 0.41493383742911155
0 0.3268617021276596 0.3936672967863894 0.08723404255319149 0.35255198487712663
0 0.21356382978723404 0.4054820415879017 0.05053191489361702 0.31947069943289225
0 0.2601063829787234 0.40737240075614367 0.06303191489361702 0.31190926275992437
0 0.16542553191489362 0.40879017013232516 0.06648936170212766 0.3223062381852552
0 0.5989361702127659 0.5184310018903592 0.0574468085106383 0.10302457466918714
0 0.9946808510638298 0.4276937618147448 0.010638297872340425 0.2107750472589792
0 0.9819148936170212 0.31805293005671076 0.036170212765957444 0.222117202268431
0 0.6433510638297872 0.04678638941398866 0.05053191489361702 0.09357277882797732
0 0.6920212765957446 0.11153119092627599 0.043617021276595745 0.22306238185255198
0 0.6946808510638298 0.024102079395085067 0.043617021276595745 0.048204158790170135
0 0.6402925531914894 0.17627599243856332 0.04654255319148936 0.1937618147448015
0 0.6486702127659575 0.47117202268431 0.0398936170212766 0.19754253308128544
0 0.4800531914893617 0.06805293005671077 0.02074468085106383 0.13610586011342155
0 0.5 0.1219281663516068 0.0398936170212766 0.17958412098298676
0 0.788563829787234 0.1136578449905482 0.0425531914893617 0.1724952741020794
0 0.7473404255319149 0.10066162570888469 0.03723404255319149 0.1890359168241966
0 0.7121010638297872 0.39957466918714557 0.057180851063829786 0.22448015122873347
0 0.7965425531914894 0.34522684310018903 0.05585106382978723 0.21502835538752363
0 0.8623670212765957 0.27551984877126656 0.04920212765957447 0.23629489603024575
0 0.507313829787234 0.29914933837429114 0.05186170212765957 0.222117202268431
0 0.6686170212765957 0.4792060491493384 0.05319148936170213 0.18147448015122875
0 0.33643617021276595 0.8256143667296786 0.1800531914893617 0.3388468809073724
0 0.7398936170212767 0.9078449905482041 0.0574468085106383 0.1843100189035917
0 0.8058510638297872 0.7944234404536862 0.05053191489361702 0.24102079395085066
0 0.6207446808510638 0.6195652173913043 0.06382978723404255 0.09924385633270322
0 0.8018617021276596 0.5959357277882797 0.0398936170212766 0.05198487712665406
0 0.8896276595744681 0.8946124763705104 0.06648936170212766 0.2107750472589792
0 0.8736702127659575 0.8133270321361059 0.05585106382978723 0.21266540642722118
0 0.9388297872340425 0.7743383742911153 0.06382978723404255 0.2339319470699433