0 0.33175105485232065 0.36313291139240506 0.12552742616033755 0.23259493670886075
0 0.17352320675105484 0.370253164556962 0.1339662447257384 0.21835443037974683
0 0.055379746835443035 0.3852848101265823 0.11075949367088607 0.18829113924050633
0 0.45675105485232065 0.3599683544303797 0.10548523206751055 0.2389240506329114
0 0.2209915611814346 0.30063291139240506 0.0981012658227848 0.3575949367088608
0 0.3802742616033755 0.2911392405063291 0.08122362869198312 0.37658227848101267
0 0.2979957805907173 0.2927215189873418 0.08544303797468354 0.3575949367088608
0 0.13924050632911392 0.23022151898734178 0.07383966244725738 0.21360759493670886
0 0.4525316455696203 0.2286392405063291 0.08860759493670886 0.19778481012658228
0 0.07331223628691984 0.27927215189873417 0.11286919831223628 0.3180379746835443
0 0.8328059071729957 0.14794303797468356 0.049578059071729956 0.09018987341772151
0 0.7768987341772152 0.18829113924050633 0.03691983122362869 0.07278481012658228
0 0.4140295358649789 0.7776898734177216 0.1909282700421941 0.44462025316455694
0 0.3180379746835443 0.7357594936708861 0.21729957805907174 0.4754746835443038
0 0.16350210970464135 0.7492088607594937 0.2600210970464135 0.31329113924050633
0 0.044831223628691984 0.5490506329113924 0.07858649789029536 0.0625
0 0.505801687763713 0.5965189873417721 0.007383966244725738 0.05379746835443038
0 0.6962025316455697 0.8939873417721519 0.035864978902953586 0.07990506329113924
0 0.7468354430379747 0.8979430379746836 0.04377637130801688 0.06408227848101265
0 0.9256329113924051 0.9137658227848101 0.04219409282700422 0.03401898734177215
0 0.884493670886076 0.9240506329113924 0.05959915611814346 0.022151898734177215
0 0.7853375527426161 0.9074367088607594 0.039029535864978905 0.06724683544303797
0 0.8539029535864979 0.8971518987341772 0.08280590717299578 0.022151898734177215
0 0.8502109704641351 0.9185126582278481 0.037447257383966245 0.03164556962025317