0 0.062389380530973454 0.29188829787234044 0.12477876106194691 0.535904255319149
0 0.18451327433628317 0.32313829787234044 0.12654867256637167 0.4734042553191489
0 0.30796460176991153 0.2978723404255319 0.15398230088495576 0.523936170212766
0 0.4393805309734513 0.2878989361702128 0.1407079646017699 0.5438829787234043
0 0.10929203539823008 0.27992021276595747 0.1 0.5598404255319149
0 0.38097345132743365 0.08710106382978723 0.09115044247787611 0.17420212765957446
0 0.4911504424778761 0.08776595744680851 0.03716814159292035 0.17553191489361702
0 0.22654867256637168 0.1077127659574468 0.13805309734513274 0.2154255319148936
0 0.32433628318584073 0.7958776595744681 0.010176991150442478 0.034574468085106384
0 0.33849557522123896 0.7952127659574468 0.009292035398230088 0.021941489361702128
0 0.7442477876106195 0.6841755319148937 0.01415929203539823 0.031914893617021274