0 0.16968911917098445 0.17467532467532468 0.16493955094991364 0.34935064935064936
0 0.7050949913644214 0.17467532467532468 0.16839378238341968 0.34935064935064936
0 0.31044905008635576 0.18961038961038962 0.1234887737478411 0.3194805194805195
0 0.4309153713298791 0.17467532467532468 0.15025906735751296 0.34935064935064936
0 0.5647668393782384 0.17467532467532468 0.14853195164075994 0.34935064935064936
0 0.23704663212435234 0.17467532467532468 0.09758203799654577 0.34935064935064936
0 0.5021588946459413 0.05779220779220779 0.08894645941278066 0.11558441558441558
0 0.6398963730569949 0.05844155844155844 0.09671848013816926 0.11688311688311688
0 0.35146804835924006 0.07792207792207792 0.13471502590673576 0.15584415584415584
0 0.9348013816925734 0.05909090909090909 0.01468048359240069 0.024675324675324677
0 0.6649395509499136 0.827922077922078 0.10276338514680483 0.16558441558441558
0 0.542314335060449 0.8480519480519481 0.10103626943005181 0.11298701298701298
0 0.3579447322970639 0.8045454545454546 0.11139896373056994 0.17012987012987013
0 0.9335060449050087 0.888961038961039 0.015975820379965457 0.10454545454545454
0 0.9106217616580311 0.8941558441558441 0.019430051813471502 0.08311688311688312
0 0.8307426597582038 0.9149350649350649 0.018998272884283247 0.04415584415584416
0 0.8493091537132987 0.9285714285714286 0.026338514680483593 0.02857142857142857
0 0.8937823834196891 0.9058441558441559 0.017271157167530225 0.08766233766233766
0 0.8626943005181347 0.8922077922077922 0.037132987910189985 0.02857142857142857
0 0.864853195164076 0.9207792207792208 0.01683937823834197 0.04155844155844156