0 0.42513661202185793 0.26941747572815533 0.10382513661202186 0.36019417475728155
0 0.8072896174863389 0.3513689320388349 0.03995081967213097 0.19607766990291264
0 0.7591639344262295 0.3249417475728156 0.029316939890710433 0.1583203883495145
0 0.9653005464480874 0.3703883495145631 0.02896174863387978 0.15825242718446603
0 0.994535519125683 0.3048543689320388 0.01092896174863388 0.1203883495145631
0 0.9165901639344263 0.2882621359223301 0.02176502732240433 0.09575728155339794
0 0.780568306010929 0.2742330097087379 0.022945355191256712 0.059077669902912536
0 0.5475409836065573 0.37281553398058254 0.03825136612021858 0.1533980582524272
0 0.5671202185792349 0.31660194174757283 0.025076502732240366 0.12598058252427183
0 0.5557377049180328 0.2887961165048544 0.01955191256830612 0.08820388349514555
0 0.25519125683060107 0.9446601941747573 0.06256830601092896 0.09466019417475728
0 0.18469945355191256 0.7252427184466019 0.057103825136612024 0.18349514563106797