0 0.10008741258741259 0.26947040498442365 0.1791958041958042 0.5389408099688473
0 0.1866258741258741 0.3862928348909657 0.11975524475524475 0.3052959501557632
0 0.25786713286713286 0.338785046728972 0.08391608391608392 0.40031152647975077
0 0.5428321678321678 0.37227414330218067 0.04589160839160839 0.08722741433021806
0 0.9558566433566433 0.3574766355140187 0.04283216783216783 0.08255451713395638
0 0.6743881118881119 0.3644859813084112 0.04589160839160839 0.08800623052959501
0 0.6066433566433567 0.367601246105919 0.03802447552447553 0.09190031152647975
0 0.7355769230769231 0.37149532710280375 0.03365384615384615 0.0926791277258567
0 0.7661713286713286 0.3652647975077882 0.03977272727272727 0.08489096573208722
0 0.9182692307692307 0.36682242990654207 0.05332167832167832 0.08566978193146417
0 0.8736888111888111 0.3598130841121495 0.028846153846153848 0.0794392523364486
0 0.9038461538461539 0.3317757009345794 0.021416083916083916 0.030373831775700934
0 0.9418706293706294 0.3302180685358255 0.027534965034965036 0.04127725856697819
0 0.8142482517482518 0.37772585669781933 0.04414335664335664 0.08333333333333333
0 0.9816433566433567 0.36682242990654207 0.03365384615384615 0.08099688473520249
0 0.7888986013986014 0.5802180685358256 0.056818181818181816 0.08255451713395638
0 0.5729895104895105 0.7546728971962616 0.08304195804195805 0.43146417445482865
0 0.8758741258741258 0.5864485981308412 0.07167832167832168 0.09501557632398754