0 0.1723993288590604 0.2962686567164179 0.20385906040268456 0.48507462686567165
0 0.5113255033557047 0.37089552238805973 0.07466442953020135 0.3358208955223881
0 0.6269798657718121 0.17816417910447763 0.04344798657718118 0.20294029850746273
0 0.14429530201342283 0.8716417910447761 0.1644295302013423 0.25671641791044775
0 0.4412751677852349 0.7768656716417911 0.03691275167785235 0.4462686567164179
0 0.020553691275167787 0.7843283582089552 0.041107382550335574 0.43134328358208956
0 0.39890939597315433 0.8813432835820896 0.12164429530201343 0.2373134328358209
0 0.05662751677852349 0.8044776119402985 0.09479865771812081 0.39104477611940297
0 0.1514261744966443 0.7164179104477612 0.10486577181208054 0.27761194029850744
0 0.2407718120805369 0.8037313432835821 0.09060402684563758 0.3925373134328358
0 0.3011744966442953 0.7925373134328358 0.07046979865771812 0.3611940298507463
0 0.2026006711409396 0.6485074626865671 0.051174496644295304 0.12985074626865672
0 0.10654362416107382 0.6619402985074627 0.06040268456375839 0.2253731343283582
0 0.3729026845637584 0.8007462686567164 0.0964765100671141 0.3567164179104478
0 0.36703020134228187 0.6529850746268657 0.09815436241610738 0.18059701492537314
0 0.7181208053691275 0.7895522388059701 0.1040268456375839 0.20597014925373133
0 0.7562919463087249 0.7305970149253731 0.028104026845637585 0.04552238805970149