0 0.6585580304806565 0.054801670146137786 0.05568581477139507 0.10960334029227557
0 0.7123388042203986 0.12656576200417535 0.04835873388042204 0.2531315240083507
0 0.7151230949589683 0.029749478079331943 0.04806565064478312 0.059498956158663886
0 0.6551875732708089 0.20093945720250522 0.05128956623681125 0.2139874739039666
0 0.6644196951934349 0.46868475991649267 0.043962485345838215 0.1022964509394572
0 0.7195193434935522 0.4879958246346555 0.0627198124267292 0.06367432150313153
0 0.7400351699882767 0.4373695198329854 0.056858147713950764 0.1649269311064718
0 0.8279601406799532 0.407098121085595 0.06037514654161782 0.2254697286012526
0 0.8911195779601406 0.24791231732776617 0.05715123094958968 0.25052192066805845
0 0.4372801875732708 0.031315240083507306 0.035169988276670575 0.06263048016701461
0 0.432883939038687 0.07933194154488518 0.02637749120750293 0.15866388308977036
0 0.47039859320046895 0.07828810020876827 0.03927315357561548 0.15657620041753653
0 0.5005861664712778 0.1409185803757829 0.043962485345838215 0.19832985386221294
0 0.4939917936694021 0.31184759916492694 0.05128956623681125 0.24269311064718163
0 0.8185814771395076 0.13178496868475992 0.04689331770222743 0.19050104384133612
0 0.7731535756154748 0.1174321503131524 0.041031652989449004 0.20876826722338204
0 0.21277842907385697 0.7249478079331941 0.12485345838218054 0.39509394572025053