0 0.18759873617693523 0.14957865168539325 0.09518167456556083 0.1678370786516854
0 0.05252764612954187 0.16151685393258428 0.03830963665086888 0.16081460674157302
0 0.7507898894154819 0.15730337078651685 0.08293838862559241 0.3146067415730337
0 0.6828593996840442 0.020365168539325844 0.02764612954186414 0.04073033707865169
0 0.29381516587677725 0.5765870786516853 0.04955766192733018 0.34403089887640453
0 0.2658609794628752 0.5412640449438202 0.025797788309636627 0.1710252808988764
0 0.37243285939968407 0.7731741573033708 0.054502369668246446 0.2710674157303371
0 0.3680410742496051 0.5756601123595506 0.03466824644549771 0.28192415730337084
0 0.39178515007898895 0.6165730337078652 0.01579778830963665 0.14325842696629212
0 0.388088467614534 0.5188061797752809 0.021429699842022202 0.16823033707865165
0 0.05242496050552923 0.4875140449438202 0.036603475513428144 0.19637640449438193
0 0.07746445497630332 0.47080056179775287 0.04086887835703002 0.19384831460674162
0 0.6275671406003159 0.45224719101123595 0.15442338072669826 0.14536516853932585
0 0.830173775671406 0.7837078651685393 0.1212480252764613 0.1931179775280899