0 0.48234953703703703 0.48199588477366256 0.05497685185185185 0.15534979423868311
0 0.5112847222222222 0.39969135802469136 0.052083333333333336 0.2417695473251029
0 0.8859953703703703 0.08590534979423868 0.05497685185185185 0.1388888888888889
0 0.8331886574074074 0.1720679012345679 0.04774305555555555 0.24948559670781892
0 0.8301504629629629 0.05298353909465021 0.048032407407407406 0.10596707818930041
0 0.8896122685185185 0.24537037037037038 0.05063657407407408 0.2109053497942387
0 0.8799189814814815 0.5092592592592593 0.043402777777777776 0.10082304526748971
0 0.7282986111111112 0.1772119341563786 0.046296296296296294 0.18775720164609053
0 0.7731481481481481 0.16306584362139917 0.04050925925925926 0.205761316872428
0 0.7201967592592593 0.018518518518518517 0.04456018518518518 0.037037037037037035
0 0.7520254629629629 0.026234567901234566 0.04224537037037037 0.05246913580246913
0 0.6335358796296297 0.39969135802469136 0.05642361111111111 0.2726337448559671
0 0.4620949074074074 0.05555555555555555 0.04918981481481482 0.1111111111111111
0 0.30931712962962965 0.11676954732510288 0.019097222222222224 0.1800411522633745
0 0.34129050925925924 0.2183641975308642 0.05063657407407408 0.18775720164609053
0 0.6652199074074074 0.059670781893004114 0.03877314814814815 0.11934156378600823
0 0.7008101851851852 0.3611111111111111 0.052083333333333336 0.23148148148148148
0 0.8129340277777778 0.4074074074074074 0.05063657407407408 0.23148148148148148
0 0.0720486111111111 0.6972736625514403 0.05497685185185185 0.22890946502057613
0 0.10069444444444445 0.6291152263374485 0.052083333333333336 0.1388888888888889
0 0.2230902777777778 0.6368312757201646 0.05613425925925926 0.15432098765432098
0 0.2821180555555556 0.6069958847736625 0.03530092592592592 0.09465020576131687
0 0.6299189814814815 0.9814814814814815 0.06915509259259259 0.037037037037037035