0 0.17 0.31274703557312256 0.055 0.12154150197628459
0 0.08166666666666667 0.3468379446640316 0.16333333333333333 0.25889328063241107
0 0.37805555555555553 0.5311264822134387 0.14944444444444444 0.1966403162055336
0 0.09527777777777778 0.5647233201581028 0.15944444444444444 0.12944664031620554
0 0.5761111111111111 0.5800395256916996 0.16777777777777778 0.09881422924901186
0 0.8616666666666667 0.09090909090909091 0.02388888888888889 0.17292490118577075
0 0.635 0.9580039525691699 0.05 0.08399209486166008
0 0.6083333333333333 0.8977272727272727 0.05 0.20454545454545456
0 0.24861111111111112 0.6531620553359684 0.05277777777777778 0.04743083003952569
0 0.29944444444444446 0.7208498023715415 0.04555555555555556 0.18280632411067194
0 0.24541666666666667 0.7633399209486166 0.04861111111111111 0.2025691699604743
0 0.4 0.708498023715415 0.044444444444444446 0.15810276679841898
0 0.3572222222222222 0.7060276679841897 0.03888888888888889 0.15316205533596838
0 0.4911111111111111 0.8903162055335968 0.05444444444444444 0.21936758893280633
0 0.01888888888888889 0.6753952569169961 0.03777777777777778 0.09189723320158102
0 0.08222222222222222 0.6936758893280632 0.044444444444444446 0.12845849802371542
0 0.09958333333333333 0.807806324110672 0.05416666666666667 0.16798418972332016
0 0.11527777777777778 0.9224308300395256 0.04722222222222222 0.1551383399209486
0 0.4266666666666667 0.8745059288537549 0.05 0.22233201581027667
0 0.3188888888888889 0.9036561264822134 0.04888888888888889 0.19268774703557312
0 0.6947222222222222 0.6516798418972332 0.04833333333333333 0.044466403162055336
0 0.7036111111111111 0.8888339920948617 0.041666666666666664 0.22233201581027667
0 0.9405555555555556 0.7406126482213439 0.05444444444444444 0.22233201581027667
0 0.865 0.724308300395257 0.06111111111111111 0.18972332015810275
0 0.77125 0.7653162055335968 0.059722222222222225 0.22727272727272727