0 0.4027552674230146 0.09582132564841499 0.04051863857374392 0.19164265129682997
0 0.6057536466774717 0.20461095100864554 0.09116693679092383 0.4092219020172911
0 0.8824959481361426 0.20605187319884727 0.1559967585089141 0.27089337175792505
0 0.8184764991896273 0.10158501440922191 0.0619935170178282 0.13760806916426513
0 0.7572933549432739 0.20028818443804033 0.08589951377633712 0.14697406340057637
0 0.6896272285251216 0.17435158501440923 0.11304700162074555 0.13328530259365995
0 0.6612641815235009 0.1685878962536023 0.07658022690437602 0.11023054755043228
0 0.05753646677471637 0.6095100864553314 0.024311183144246355 0.06556195965417867
0 0.022690437601296597 0.7629682997118156 0.04538087520259319 0.47406340057636887
0 0.49959481361426256 0.8263688760806917 0.12074554294975688 0.3472622478386167
0 0.27512155591572124 0.7319884726224783 0.14181523500810372 0.5360230547550432
0 0.3719611021069692 0.7543227665706052 0.12317666126418152 0.49063400576368876
0 0.12844408427876824 0.7377521613832853 0.19043760129659643 0.5244956772334294
0 0.456645056726094 0.7521613832853026 0.06726094003241491 0.14121037463976946
0 0.6388249594813614 0.8130691642651297 0.017925445705024315 0.1139625360230548
0 0.6707941653160454 0.8149423631123919 0.021815235008103694 0.1326368876080691
0 0.6070097244732576 0.8301729106628242 0.022893030794165315 0.11236311239193086
0 0.6557860615883306 0.7906772334293949 0.014197730956239855 0.07819884726224781