0 0.09853279631760645 0.3523541453428864 0.046317606444188725 0.1745138178096213
0 0.18901035673187572 0.0849539406345957 0.014815880322209436 0.052200614124872056
0 0.1727560414269275 0.07343909928352098 0.016829689298043727 0.04094165813715456
0 0.5635788262370541 0.12231320368474924 0.017836593785960874 0.056550665301944726
0 0.7301495972382048 0.32139201637666326 0.11047180667433831 0.27635619242579323
0 0.6595224395857308 0.3170419651995906 0.07508630609896433 0.2850562947799386
0 0.7950230149597238 0.3060388945752303 0.07681242807825087 0.3070624360286592
0 0.7393785960874568 0.18214943705220066 0.035368239355581275 0.10411463664278406
0 0.912108745684695 0.18694984646878196 0.031127733026467153 0.13768679631525074
0 0.883337169159954 0.19737973387922214 0.025086306098964273 0.1310951893551688
0 0.8490477560414269 0.23017911975435004 0.036156501726122066 0.20667860798362328
0 0.8168555811277332 0.22186284544524051 0.03274741081703105 0.1792374616171955
0 0.7815506329113924 0.15299385875127944 0.018737054085155382 0.0581320368474924
0 0.8289585730724971 0.15394575230296825 0.02537399309551203 0.09080348004094158
0 0.7972698504027618 0.16687308085977479 0.019085155350978177 0.08006653019447278
0 0.09651898734177215 0.7809621289662231 0.10126582278481013 0.43807574206755373
0 0.37787686996547754 0.6361310133060389 0.03783084004602992 0.1589048106448311
0 0.2820771001150748 0.65992835209826 0.035097813578826235 0.1041453428863869
0 0.3212025316455696 0.642272262026612 0.02704257767548907 0.08290685772773797
0 0.35083429228998847 0.6432958034800409 0.021576524741081703 0.08469805527123848
0 0.7436708860759493 0.7139201637666326 0.01726121979286536 0.04785056294779939
0 0.8424913693901036 0.7873592630501536 0.12341772151898735 0.42528147389969295