0 0.9326271186440678 0.44108761329305135 0.13474576271186442 0.3950151057401813
0 0.8355932203389831 0.36555891238670696 0.06737288135593221 0.13972809667673716
0 0.7580508474576271 0.40105740181268884 0.10762711864406779 0.47583081570996977
0 0.49194915254237287 0.5196374622356495 0.12627118644067797 0.23867069486404835
0 0.4682203389830508 0.47658610271903323 0.0788135593220339 0.1487915407854985
0 0.375 0.4871601208459215 0.07033898305084746 0.18429003021148035
0 0.6377118644067796 0.4811178247734139 0.08898305084745763 0.3157099697885196
0 0.6855932203389831 0.41389728096676737 0.04025423728813559 0.1419939577039275
0 0.1847457627118644 0.9116314199395771 0.04745762711864407 0.17673716012084592
0 0.2593220338983051 0.9123867069486404 0.061016949152542375 0.17522658610271905
0 0.2440677966101695 0.9123867069486404 0.03220338983050847 0.10574018126888217
0 0.2266949152542373 0.8753776435045317 0.02457627118644068 0.12537764350453173