0 0.23114754098360657 0.5459183673469388 0.08196721311475409 0.08600583090379009
0 0.6901639344262295 0.3782798833819242 0.15901639344262294 0.3462099125364432
0 0.40491803278688526 0.8352769679300291 0.09016393442622951 0.3294460641399417
0 0.39430327868852455 0.7328134110787172 0.06681967213114752 0.23115160349854236
0 0.9831967213114754 0.8068513119533528 0.03360655737704918 0.08892128279883382
0 0.9364754098360656 0.8010204081632653 0.075 0.09620991253644315
0 0.8573770491803279 0.8024781341107872 0.07991803278688525 0.09402332361516035
0 0.7799180327868852 0.8010204081632653 0.06434426229508197 0.09693877551020408
0 0.6963114754098361 0.8097667638483965 0.06434426229508197 0.08746355685131195
0 0.5676229508196722 0.8061224489795918 0.05040983606557377 0.10131195335276968
0 0.4918032786885246 0.8061224489795918 0.07991803278688525 0.10422740524781342
0 0.6180327868852459 0.8061224489795918 0.14795081967213114 0.17857142857142858