0 0.6481001727115717 0.012307692307692308 0.023316062176165803 0.024615384615384615
0 0.5375647668393783 0.043076923076923075 0.03540587219343696 0.08615384615384615
0 0.4844559585492228 0.04846153846153846 0.03281519861830743 0.09692307692307692
0 0.6282383419689119 0.07692307692307693 0.023316062176165803 0.10461538461538461
0 0.442573402417962 0.4369230769230769 0.06649395509499137 0.28615384615384615
0 0.7491364421416234 0.38769230769230767 0.038860103626943004 0.12923076923076923
0 0.7387737478411054 0.8715384615384615 0.0613126079447323 0.2569230769230769
0 0.7897236614853195 0.87 0.03367875647668394 0.24769230769230768
0 0.9222797927461139 0.8684615384615385 0.1001727115716753 0.2630769230769231
0 0.8816925734024179 0.8546153846153847 0.0535405872193437 0.2323076923076923
0 0.8540587219343696 0.86 0.03281519861830743 0.19384615384615383