0 0.4139344262295082 0.24271137026239067 0.06885245901639345 0.09475218658892129
0 0.4807377049180328 0.19752186588921283 0.0430327868852459 0.04664723032069971
0 0.20491803278688525 0.7558309037900874 0.23114754098360657 0.48833819241982507
0 0.9217213114754098 0.6814868804664723 0.08852459016393442 0.21720116618075802
0 0.8532786885245902 0.6151603498542274 0.07418032786885245 0.27405247813411077
0 0.8245901639344262 0.6034985422740525 0.04057377049180328 0.19606413994169097
0 0.7823770491803279 0.5816326530612245 0.05491803278688524 0.1377551020408163
0 0.7823770491803279 0.5153061224489796 0.05204918032786885 0.056851311953352766
0 0.7573770491803279 0.5619533527696793 0.028688524590163935 0.1392128279883382
0 0.7413934426229508 0.5794460641399417 0.022131147540983605 0.14795918367346939
0 0.6774590163934426 0.6071428571428571 0.019672131147540985 0.1377551020408163
0 0.7139344262295082 0.5969387755102041 0.019672131147540985 0.14431486880466474
0 0.7049180327868853 0.6217201166180758 0.05860655737704918 0.17055393586005832
0 0.6520491803278688 0.6362973760932945 0.028688524590163935 0.09329446064139942
0 0.6237704918032787 0.6428571428571429 0.022131147540983605 0.08819241982507289
0 0.6090163934426229 0.6158892128279884 0.018442622950819672 0.03134110787172012
0 0.6622950819672131 0.6107871720116618 0.013114754098360656 0.05539358600583091
0 0.5979508196721312 0.6311953352769679 0.01680327868852459 0.04154518950437318