0 0.30954323001631323 0.4028985507246377 0.07585644371941272 0.17971014492753623
0 0.36500815660685154 0.10942028985507246 0.018760195758564437 0.07971014492753623
0 0.8890701468189234 0.2753623188405797 0.16761827079934746 0.42246376811594205
0 0.6835236541598695 0.21231884057971015 0.16150081566068517 0.12681159420289856
0 0.6109298531810766 0.30434782608695654 0.16150081566068517 0.3572463768115942
0 0.7145187601957586 0.2927536231884058 0.18433931484502447 0.36376811594202896
0 0.5901305057096248 0.7268115942028985 0.008156606851549755 0.02753623188405797
0 0.7724306688417618 0.8536231884057971 0.03915171288743882 0.14420289855072463
0 0.7267536704730831 0.8130434782608695 0.04608482871125612 0.19492753623188405
0 0.7814029363784666 0.7659420289855072 0.05138662316476346 0.08115942028985507
0 0.7752854812398042 0.8123188405797102 0.04119086460032626 0.19057971014492753
0 0.7475530179445351 0.7985507246376812 0.03221859706362153 0.20072463768115942
0 0.8340130505709625 0.8065217391304348 0.05628058727569331 0.23043478260869565