0 0.4300176056338028 0.0219435736677116 0.014964788732394365 0.0438871473354232
0 0.19806338028169015 0.804858934169279 0.07570422535211267 0.18730407523510972
0 0.02244718309859155 0.9239811912225705 0.0448943661971831 0.15203761755485892
0 0.25440140845070425 0.7437304075235109 0.04181338028169014 0.11128526645768025
0 0.14128521126760563 0.8150470219435737 0.05413732394366197 0.15438871473354232
0 0.2904929577464789 0.6794670846394985 0.020246478873239437 0.045454545454545456
0 0.41153169014084506 0.6661442006269592 0.014524647887323943 0.03683385579937304
0 0.3701584507042254 0.6677115987460815 0.01716549295774648 0.0384012539184953
0 0.6998239436619719 0.8518808777429467 0.03169014084507042 0.07366771159874608
0 0.8829225352112676 0.8330721003134797 0.045774647887323945 0.13557993730407525
0 0.8248239436619719 0.853448275862069 0.02112676056338028 0.09639498432601881