0 0.025416666666666667 0.24629080118694363 0.0425 0.2344213649851632
0 0.93125 0.25445103857566764 0.1375 0.5089020771513353
0 0.5183333333333333 0.25445103857566764 0.27625 0.5089020771513353
0 0.90625 0.18768545994065283 0.05291666666666667 0.1758160237388724
0 0.84125 0.14910979228486648 0.06 0.1513353115727003
0 0.7829166666666667 0.16765578635014836 0.05583333333333333 0.09495548961424333
0 0.8483333333333334 0.3479228486646884 0.14583333333333334 0.27596439169139464
0 0.7429166666666667 0.2507418397626113 0.13333333333333333 0.15801186943620177
0 0.6433333333333333 0.21810089020771514 0.05708333333333333 0.24629080118694363
0 0.7308333333333333 0.11795252225519288 0.08583333333333333 0.14169139465875372
0 0.6520833333333333 0.09198813056379822 0.02875 0.03115727002967359
0 0.05125 0.7477744807121661 0.1025 0.1632047477744807
0 0.14791666666666667 0.7418397626112759 0.1225 0.1572700296735905
0 0.21291666666666667 0.844213649851632 0.12083333333333333 0.17507418397626112
0 0.21916666666666668 0.7863501483679525 0.058333333333333334 0.10385756676557864
0 0.40458333333333335 0.7054896142433235 0.01125 0.028189910979228485
0 0.6641666666666667 0.8353115727002968 0.05583333333333333 0.1476261127596439
0 0.5991666666666666 0.7937685459940653 0.06583333333333333 0.19955489614243324
0 0.6770833333333334 0.7455489614243324 0.07291666666666667 0.0830860534124629
0 0.66875 0.793026706231454 0.05875 0.19510385756676557
0 0.6291666666666667 0.7781899109792285 0.04583333333333333 0.20474777448071216
0 0.7525 0.7870919881305638 0.08 0.23590504451038577