0 0.780241935483871 0.29083094555873923 0.04435483870967742 0.167621776504298
0 0.6568548387096774 0.3022922636103152 0.04435483870967742 0.07020057306590258
0 0.3064516129032258 0.7478510028653295 0.059274193548387095 0.4520057306590258
0 0.11612903225806452 0.5830945558739254 0.018548387096774192 0.08237822349570201
0 0.23508064516129032 0.6626074498567335 0.050806451612903224 0.2915472779369627
0 0.20161290322580644 0.7507163323782235 0.07983870967741935 0.4455587392550143
0 0.1774193548387097 0.6611747851002865 0.039112903225806454 0.2843839541547278
0 0.3758064516129032 0.5601719197707736 0.05161290322580645 0.18051575931232092
0 0.8584677419354839 0.7170487106017192 0.06532258064516129 0.34813753581661894
0 0.7560483870967742 0.8402578796561605 0.08790322580645162 0.3194842406876791
0 0.8205645161290323 0.8531518624641834 0.1314516129032258 0.29369627507163326