0 0.1373689010487916 0.15319148936170213 0.11171910624715002 0.18981762917933132
0 0.7159142726858185 0.28206686930091185 0.19231646146830825 0.49544072948328266
0 0.4223666210670315 0.8372340425531914 0.020975832193342453 0.06534954407294832
0 0.40036479708162337 0.8372340425531914 0.012311901504787962 0.06778115501519758
0 0.06908344733242135 0.9044072948328268 0.024623803009575923 0.08753799392097264
0 0.21500227998176014 0.7770516717325228 0.02188782489740082 0.036170212765957444
0 0.24384404924760603 0.5554711246200608 0.018467852257181942 0.051367781155015196
0 0.3684450524395805 0.7525835866261398 0.014819881440948472 0.05501519756838906
0 0.09667122663018696 0.7571428571428571 0.009575923392612859 0.06200607902735562
0 0.06988144094847241 0.7086626139817629 0.017555859553123575 0.04437689969604863
0 0.16187870497036025 0.5503039513677812 0.014135886912904697 0.041033434650455926
0 0.5655494756041952 0.5560790273556231 0.018467852257181942 0.052583586626139815
0 0.8703830369357045 0.9395136778115502 0.11479708162334701 0.1209726443768997
0 0.6893524851801186 0.8732522796352583 0.0646374829001368 0.25349544072948327
0 0.6038531691746466 0.6089665653495441 0.04616963064295486 0.15835866261398177
0 0.689124487004104 0.6045592705167173 0.036137710898312816 0.1493920972644377
0 0.7528499772001824 0.888145896656535 0.11126310989512084 0.2237082066869301
0 0.6623347013223895 0.6127659574468085 0.04366165070679435 0.16580547112462007
0 0.8837209302325582 0.6075987841945288 0.0506155950752394 0.14437689969604864
0 0.9361605107159142 0.632370820668693 0.06041951664386685 0.09665653495440729
0 0.7898996808025536 0.577355623100304 0.054149566803465575 0.09513677811550152
0 0.8352713178294574 0.5870820668693009 0.0677154582763338 0.11458966565349545