0 0.42379679144385024 0.2980038022813688 0.12379679144385027 0.28422053231939165
0 0.8815508021390375 0.34980988593155893 0.23689839572192514 0.6996197718631179
0 0.7029411764705882 0.3650190114068441 0.1267379679144385 0.6687262357414449
0 0.20909090909090908 0.9448669201520913 0.057754010695187166 0.11026615969581749
0 0.6205882352941177 0.8502851711026616 0.03796791443850268 0.21197718631178708
0 0.6 0.7756653992395437 0.0481283422459893 0.1520912547528517
0 0.27540106951871657 0.8683460076045627 0.05080213903743316 0.2423954372623574
0 0.0893048128342246 0.7210076045627376 0.06417112299465241 0.04277566539923954
0 0.35962566844919786 0.9315589353612167 0.06684491978609626 0.13688212927756654
0 0.34358288770053474 0.8873574144486692 0.05614973262032086 0.21387832699619772
0 0.4090909090909091 0.8481463878326996 0.06417112299465241 0.2352661596958175
0 0.8719251336898396 0.8013307984790875 0.05080213903743316 0.20342205323193915
0 0.8449197860962567 0.7490494296577946 0.0481283422459893 0.09885931558935361
0 0.6628342245989305 0.7927756653992395 0.046524064171122995 0.18631178707224336