0 0.07045088566827697 0.3176328502415459 0.14090177133655393 0.32367149758454106
0 0.2286634460547504 0.30434782608695654 0.06763285024154589 0.21618357487922704
0 0.2717391304347826 0.2669082125603865 0.06843800322061191 0.18478260869565216
0 0.41586151368760066 0.34601449275362317 0.1473429951690821 0.2669082125603865
0 0.7471819645732689 0.411231884057971 0.05877616747181964 0.10507246376811594
0 0.7669082125603864 0.24456521739130435 0.05837359098228664 0.1461352657004831
0 0.8417874396135265 0.27355072463768115 0.03784219001610306 0.14070048309178743
0 0.035024154589371984 0.7717391304347826 0.07004830917874397 0.45652173913043476
0 0.3176328502415459 0.8043478260869565 0.12318840579710146 0.391304347826087
0 0.20893719806763286 0.7608695652173914 0.1392914653784219 0.4782608695652174
0 0.427938808373591 0.8049516908212561 0.11513687600644122 0.39009661835748793
0 0.11513687600644122 0.8031400966183575 0.12238325281803543 0.39371980676328505