0 0.2962046204620462 0.38366336633663367 0.13366336633663367 0.3712871287128713
0 0.08250825082508251 0.485973597359736 0.16501650165016502 0.16666666666666666
0 0.9884488448844885 0.36056105610561057 0.0231023102310231 0.24587458745874588
0 0.8184818481848185 0.3572607260726073 0.06930693069306931 0.20627062706270627
0 0.7367986798679867 0.3580858085808581 0.07755775577557755 0.2079207920792079
0 0.6526402640264026 0.35396039603960394 0.07095709570957096 0.21287128712871287
0 0.5181518151815182 0.30198019801980197 0.07920792079207921 0.1188118811881188
0 0.8836633663366337 0.3655115511551155 0.06105610561056106 0.22277227722772278
0 0.608085808580858 0.5363036303630363 0.14356435643564355 0.066006600660066
0 0.8151815181518152 0.7986798679867987 0.08250825082508251 0.2838283828382838
0 0.7062706270627063 0.7252475247524752 0.09900990099009901 0.14686468646864687