0 0.9263020833333333 0.33194444444444443 0.06041666666666667 0.13425925925925927
0 0.6473958333333333 0.32546296296296295 0.04348958333333333 0.13657407407407407
0 0.6192708333333333 0.32037037037037036 0.027604166666666666 0.1162037037037037
0 0.8440104166666667 0.32407407407407407 0.053125 0.14953703703703702
0 0.8583333333333333 0.3050925925925926 0.0265625 0.0875
0 0.6888020833333334 0.30416666666666664 0.0265625 0.0787037037037037
0 0.6028645833333334 0.30972222222222223 0.01796875 0.07592592592592592
0 0.09296875 0.7768518518518519 0.18411458333333333 0.44305555555555554
0 0.4166666666666667 0.712037037037037 0.10625 0.2175925925925926
0 0.87734375 0.9439814814814815 0.05572916666666667 0.11203703703703703
0 0.4825520833333333 0.8495370370370371 0.025520833333333333 0.2064814814814815
0 0.49661458333333336 0.7421296296296296 0.046875 0.2175925925925926
0 0.83359375 0.46111111111111114 0.049479166666666664 0.12222222222222222
0 0.786328125 0.5372685185185185 0.04296875 0.22453703703703703
0 0.78359375 0.4388888888888889 0.043229166666666666 0.07777777777777778
0 0.837109375 0.6032407407407407 0.045572916666666664 0.18981481481481483
0 0.8283854166666667 0.8976851851851851 0.0390625 0.20462962962962963
0 0.7796875 0.9148148148148149 0.05625 0.17037037037037037
0 0.7615885416666667 0.8543981481481482 0.05078125 0.22916666666666666
0 0.6834635416666667 0.7953703703703704 0.053385416666666664 0.2175925925925926
0 0.6274739583333333 0.6449074074074074 0.05078125 0.2222222222222222
0 0.5231770833333333 0.46111111111111114 0.043229166666666666 0.12222222222222222
0 0.9916666666666667 0.48194444444444445 0.016666666666666666 0.1638888888888889
0 0.9744791666666667 0.55 0.0390625 0.17592592592592593
0 0.9786458333333333 0.7013888888888888 0.042708333333333334 0.21574074074074073
0 0.6919270833333333 0.5418981481481482 0.041666666666666664 0.16898148148148148
0 0.7322916666666667 0.5291666666666667 0.036458333333333336 0.18518518518518517