0 0.20907079646017698 0.6254152823920266 0.017699115044247787 0.16777408637873753
0 0.22787610619469026 0.5722591362126246 0.017146017699115043 0.19850498338870431
0 0.11836283185840708 0.6810631229235881 0.015486725663716814 0.05647840531561462
0 0.09789823008849557 0.6553156146179402 0.016592920353982302 0.1079734219269103
0 0.06360619469026549 0.6602990033222591 0.014380530973451327 0.09800664451827243
0 0.05918141592920354 0.4634551495016611 0.011061946902654867 0.16943521594684385
0 0.056969026548672565 0.29900332225913623 0.01327433628318584 0.1303986710963455
0 0.26935840707964603 0.5182724252491694 0.00995575221238938 0.15780730897009967
0 0.28595132743362833 0.5772425249169435 0.011615044247787611 0.16196013289036545
0 0.2942477876106195 0.6137873754152824 0.012721238938053098 0.16196013289036545
0 0.2975663716814159 0.6387043189368771 0.014380530973451327 0.14119601328903655
0 0.2649336283185841 0.45598006644518274 0.009402654867256638 0.11378737541528239
0 0.6404867256637168 0.3754152823920266 0.2002212389380531 0.4393687707641196
0 0.2771017699115044 0.8081395348837209 0.06526548672566372 0.19767441860465115
0 0.38495575221238937 0.8322259136212624 0.08185840707964602 0.24584717607973422
0 0.9513274336283186 0.8637873754152824 0.09734513274336283 0.2724252491694352
0 0.8711283185840708 0.7533222591362126 0.0918141592920354 0.08803986710963455
0 0.9546460176991151 0.760797342192691 0.09070796460176991 0.10299003322259136
0 0.7981194690265486 0.7657807308970099 0.09623893805309734 0.11295681063122924
0 0.8816371681415929 0.8887043189368771 0.13274336283185842 0.22259136212624583
0 0.7599557522123894 0.8762458471760798 0.12831858407079647 0.24750830564784054
0 0.4778761061946903 0.7416943521594684 0.084070796460177 0.06478405315614617
0 0.7035398230088495 0.8546511627906976 0.10176991150442478 0.29069767441860467
0 0.32853982300884954 0.8546511627906976 0.03761061946902655 0.29069767441860467
0 0.5707964601769911 0.7624584717607974 0.08849557522123894 0.10631229235880399
0 0.6554203539823009 0.8023255813953488 0.06969026548672566 0.18604651162790697
0 0.8213495575221239 0.8172757475083057 0.08517699115044247 0.2159468438538206