0 0.328537170263789 0.6320346320346321 0.03177458033573141 0.15367965367965367
0 0.0077937649880095924 0.5205627705627706 0.015587529976019185 0.13636363636363635
0 0.49280575539568344 0.22186147186147187 0.02158273381294964 0.08982683982683982
0 0.42565947242206237 0.31493506493506496 0.02158273381294964 0.11363636363636363
0 0.3932853717026379 0.2846320346320346 0.01738609112709832 0.11904761904761904
0 0.4844124700239808 0.03787878787878788 0.020983213429256596 0.06168831168831169
0 0.005995203836930456 0.0735930735930736 0.011990407673860911 0.06926406926406926
0 0.6354916067146283 0.15151515151515152 0.019184652278177457 0.11471861471861472
0 0.36510791366906475 0.461038961038961 0.024580335731414868 0.12878787878787878
0 0.2685851318944844 0.08441558441558442 0.020983213429256596 0.07142857142857142
0 0.7314148681055156 0.03787878787878788 0.019784172661870502 0.07575757575757576
0 0.7943645083932853 0.1699134199134199 0.02997601918465228 0.13636363636363635
0 0.8237410071942446 0.17532467532467533 0.03117505995203837 0.1341991341991342
0 0.8699040767386091 0.4199134199134199 0.20503597122302158 0.7186147186147186
0 0.43465227817745805 0.8939393939393939 0.2314148681055156 0.21212121212121213
0 0.6264988009592326 0.8939393939393939 0.23621103117505995 0.21212121212121213
0 0.10431654676258993 0.8939393939393939 0.20623501199040767 0.21212121212121213
0 0.276378896882494 0.8939393939393939 0.18585131894484413 0.21212121212121213
0 0.9712230215827338 0.8939393939393939 0.05755395683453238 0.21212121212121213
0 0.895083932853717 0.8939393939393939 0.12589928057553956 0.21212121212121213
0 0.8123501199040767 0.8939393939393939 0.12589928057553956 0.21212121212121213