0 0.3737704918032787 0.4081967213114754 0.027049180327868853 0.0942622950819672
0 0.6434426229508197 0.34098360655737703 0.011475409836065573 0.08442622950819673
0 0.23524590163934425 0.15655737704918032 0.018032786885245903 0.05491803278688524
0 0.29180327868852457 0.2139344262295082 0.018032786885245903 0.06967213114754098
0 0.3188524590163934 0.19508196721311474 0.014754098360655738 0.07295081967213114
0 0.24180327868852458 0.04344262295081967 0.01721311475409836 0.03770491803278689
0 0.6450819672131147 0.06557377049180328 0.00819672131147541 0.04262295081967213
0 0.11475409836065574 0.11311475409836065 0.01639344262295082 0.07049180327868852
0 0.009836065573770493 0.3836065573770492 0.019672131147540985 0.07868852459016394
0 0.34262295081967215 0.30327868852459017 0.020491803278688523 0.07950819672131147
0 0.4245901639344262 0.07213114754098361 0.01721311475409836 0.04344262295081967
0 0.03278688524590164 0.03770491803278689 0.018032786885245903 0.06147540983606557
0 0.8245901639344262 0.25 0.35081967213114756 0.5
0 0.18934426229508197 0.7204918032786886 0.09016393442622951 0.11311475409836065
0 0.04180327868852459 0.728688524590164 0.08360655737704918 0.11967213114754098
0 0.16639344262295083 0.8491803278688524 0.20491803278688525 0.3016393442622951
0 0.4377049180327869 0.7360655737704918 0.11147540983606558 0.15737704918032788
0 0.34918032786885245 0.7172131147540983 0.11147540983606558 0.15245901639344261
0 0.5327868852459017 0.7450819672131147 0.14098360655737704 0.18524590163934426
0 0.5606557377049181 0.8245901639344262 0.17704918032786884 0.35081967213114756