0 0.8670910493827161 0.42220394736842104 0.03665123456790124 0.14638157894736842
0 0.8478009259259259 0.3457236842105263 0.034722222222222224 0.15460526315789475
0 0.8057484567901234 0.04276315789473684 0.03587962962962963 0.08552631578947369
0 0.8067129629629629 0.01644736842105263 0.03780864197530864 0.03289473684210526
0 0.6944444444444444 0.13519736842105262 0.028935185185185185 0.125
0 0.6732253086419753 0.13026315789473683 0.034722222222222224 0.12171052631578948
0 0.6471836419753086 0.11710526315789474 0.034722222222222224 0.12171052631578948
0 0.7243441358024691 0.027960526315789474 0.02507716049382716 0.05592105263157895
0 0.7044753086419753 0.025657894736842105 0.03009259259259259 0.05131578947368421
0 0.6790123456790124 0.030592105263157896 0.034722222222222224 0.06118421052631579
0 0.890625 0.03782894736842105 0.03356481481481482 0.0756578947368421
0 0.7344714506172839 0.18947368421052632 0.03375771604938271 0.14473684210526316
0 0.7019675925925926 0.5059210526315789 0.04822530864197531 0.06710526315789474
0 0.7160493827160493 0.45657894736842103 0.041666666666666664 0.16578947368421051
0 0.6412037037037037 0.19506578947368422 0.023148148148148147 0.15592105263157896
0 0.6398533950617284 0.24111842105263157 0.02044753086419753 0.15592105263157896
0 0.8984375 0.11792763157894737 0.031828703703703706 0.10361842105263158
0 0.9437692901234568 0.09325657894736843 0.02797067901234568 0.1069078947368421
0 0.9760802469135802 0.13108552631578949 0.030864197530864196 0.1299342105263158
0 0.9799382716049383 0.06694078947368422 0.02700617283950617 0.07730263157894737
0 0.9947916666666666 0.12006578947368421 0.010416666666666666 0.11513157894736842
0 0.9928626543209876 0.2805921052631579 0.01427469135802469 0.14671052631578949
0 0.6597222222222222 0.4786184210526316 0.038580246913580245 0.12171052631578948
0 0.7961998456790124 0.14342105263157895 0.03568672839506173 0.12171052631578948
0 0.20264274691358025 0.8723684210526316 0.04147376543209876 0.1513157894736842
0 0.5040509259259259 0.7695723684210526 0.03665123456790124 0.14638157894736842
0 0.4847608024691358 0.6930921052631579 0.034722222222222224 0.15460526315789475
0 0.2810570987654321 0.5957236842105263 0.03665123456790124 0.1125
0 0.2690972222222222 0.5684210526315789 0.03202160493827161 0.05789473684210526
0 0.013310185185185185 0.6641447368421053 0.02662037037037037 0.14671052631578949
0 0.1263503086419753 0.5930921052631579 0.03742283950617284 0.10723684210526316
0 0.3584104938271605 0.8123355263157894 0.04436728395061729 0.14309210526315788
0 0.2503858024691358 0.7819078947368421 0.03665123456790124 0.16776315789473684
0 0.34239969135802467 0.9180921052631579 0.048996913580246916 0.16381578947368422
0 0.29812885802469136 0.8707236842105263 0.043402777777777776 0.17105263157894737
0 0.42573302469135804 0.5546052631578947 0.03665123456790124 0.030263157894736843
0 0.6194058641975309 0.6180921052631579 0.02044753086419753 0.14671052631578949
0 0.3713348765432099 0.5743421052631579 0.03356481481481482 0.06973684210526315
0 0.8713348765432098 0.8950657894736842 0.015046296296296295 0.0861842105263158
0 0.8628472222222222 0.9802631578947368 0.01890432098765432 0.039473684210526314
0 0.738233024691358 0.7759868421052631 0.008873456790123456 0.05986842105263158
0 0.6628086419753086 0.7174342105263158 0.010030864197530864 0.06381578947368421
0 0.777391975308642 0.7674342105263158 0.009259259259259259 0.0625
0 0.8288966049382716 0.8894736842105263 0.015046296296296295 0.09210526315789473
0 0.8915895061728395 0.8115131578947369 0.013117283950617283 0.08223684210526316
0 0.9376929012345679 0.7927631578947368 0.010416666666666666 0.04078947368421053
0 0.9845679012345679 0.6078947368421053 0.012345679012345678 0.05394736842105263
0 0.9870756172839507 0.9144736842105263 0.021219135802469136 0.08026315789473684
0 0.9089506172839507 0.8555921052631579 0.016203703703703703 0.07434210526315789
0 0.8645833333333334 0.8444078947368421 0.010030864197530864 0.06513157894736842
0 0.714891975308642 0.70625 0.007716049382716049 0.053289473684210525
0 0.8009259259259259 0.6825657894736842 0.006944444444444444 0.05197368421052632
0 0.7663966049382716 0.7585526315789474 0.009645061728395061 0.07105263157894737
0 0.8350694444444444 0.8289473684210527 0.011188271604938271 0.06973684210526315
0 0.8516589506172839 0.8509868421052632 0.010416666666666666 0.08223684210526316
0 0.9170524691358025 0.5703947368421053 0.009259259259259259 0.05131578947368421
0 0.9724151234567902 0.8430921052631579 0.013503086419753086 0.0375
0 0.7779706790123457 0.5434210526315789 0.008873456790123456 0.007894736842105263
0 0.8206018518518519 0.5493421052631579 0.008487654320987654 0.019736842105263157
0 0.7268518518518519 0.7756578947368421 0.008487654320987654 0.06184210526315789
0 0.9027777777777778 0.5651315789473684 0.007716049382716049 0.04736842105263158
0 0.6442901234567902 0.6786184210526316 0.007716049382716049 0.053289473684210525
0 0.8896604938271605 0.5611842105263158 0.007716049382716049 0.04342105263157895
0 0.6381172839506173 0.6736842105263158 0.006944444444444444 0.05
0 0.7961033950617284 0.6805921052631579 0.008101851851851851 0.053289473684210525
0 0.7756558641975309 0.6842105263157895 0.006558641975308642 0.05394736842105263
0 0.8042052469135802 0.5467105263157894 0.009645061728395061 0.014473684210526316
0 0.8601466049382716 0.5552631578947368 0.009645061728395061 0.031578947368421054
0 0.8466435185185185 0.5536184210526316 0.008873456790123456 0.028289473684210528
0 0.7903163580246914 0.6799342105263158 0.006558641975308642 0.049342105263157895
0 0.7704475308641975 0.6815789473684211 0.007716049382716049 0.04736842105263158
0 0.9454089506172839 0.5855263157894737 0.008101851851851851 0.05
0 0.8096064814814815 0.8582236842105263 0.015046296296296295 0.06644736842105263
0 0.7035108024691358 0.6542763157894737 0.0073302469135802465 0.049342105263157895
0 0.7229938271604939 0.7046052631578947 0.008487654320987654 0.05
0 0.7584876543209876 0.7753289473684211 0.009259259259259259 0.07039473684210526
0 0.6684027777777778 0.6542763157894737 0.006558641975308642 0.04407894736842105
0 0.8215663580246914 0.6621710526315789 0.006558641975308642 0.049342105263157895