0 0.8732057416267942 0.19840425531914893 0.23444976076555024 0.3627659574468085
0 0.6279904306220095 0.23829787234042554 0.13307416267942584 0.28297872340425534
0 0.07715311004784689 0.8351063829787234 0.15430622009569378 0.32978723404255317
0 0.16955741626794257 0.8351063829787234 0.12619617224880383 0.32978723404255317
0 0.29545454545454547 0.8265957446808511 0.1519138755980861 0.3468085106382979
0 0.3693181818181818 0.9372340425531915 0.14204545454545456 0.125531914893617
0 0.916267942583732 0.4175531914893617 0.04784688995215311 0.07553191489361702
0 0.9186602870813397 0.38563829787234044 0.04665071770334928 0.011702127659574468
0 0.9775717703349283 0.8861702127659574 0.04485645933014354 0.2276595744680851
0 0.684061004784689 0.6885638297872341 0.06130382775119617 0.22074468085106383
0 0.6466806220095693 0.6593085106382979 0.046351674641148324 0.22606382978723405
0 0.6519138755980861 0.4930851063829787 0.056818181818181816 0.18085106382978725
0 0.5928528708133971 0.5715425531914894 0.04037081339712919 0.11436170212765957
0 0.6336722488038278 0.9526595744680851 0.056818181818181816 0.09468085106382979
0 0.45424641148325356 0.5324468085106383 0.008971291866028708 0.19680851063829788
0 0.458133971291866 0.4824468085106383 0.01674641148325359 0.17553191489361702
0 0.4700956937799043 0.39893617021276595 0.04066985645933014 0.03829787234042553
0 0.7356459330143541 0.5156914893617022 0.04784688995215311 0.17287234042553193
0 0.697517942583732 0.5063829787234042 0.04336124401913875 0.19148936170212766
0 0.8066686602870813 0.5356382978723404 0.05233253588516747 0.22872340425531915
0 0.5080741626794258 0.3872340425531915 0.03289473684210526 0.014893617021276596
0 0.861244019138756 0.6273936170212766 0.05083732057416268 0.22074468085106383