0 0.0451668584579977 0.13422131147540983 0.052071346375143844 0.12346311475409837
0 0.1277330264672037 0.11424180327868852 0.08400460299194476 0.1567622950819672
0 0.23388952819332567 0.13063524590163936 0.07249712313003452 0.12090163934426229
0 0.30724971231300346 0.1168032786885246 0.05897583429228999 0.08247950819672131
0 0.370253164556962 0.10297131147540983 0.06444188722669736 0.09631147540983606
0 0.4600115074798619 0.11219262295081968 0.043153049482163405 0.07581967213114754
0 0.19131185270425777 0.10245901639344263 0.028481012658227847 0.07223360655737705
0 0.1734752589182969 0.08452868852459017 0.013233601841196778 0.027151639344262294
0 0.8852128883774454 0.17008196721311475 0.1093210586881473 0.12295081967213115
0 0.713463751438435 0.13729508196721313 0.10615650172612198 0.18596311475409835
0 0.7799194476409667 0.17725409836065573 0.12025316455696203 0.1244877049180328
0 0.8035097813578826 0.11577868852459017 0.09838895281933256 0.11885245901639344
0 0.5408515535097813 0.29815573770491804 0.0379746835443038 0.1168032786885246
0 0.5422899884925202 0.26741803278688525 0.035097813578826235 0.055327868852459015
0 0.18901035673187572 0.9754098360655737 0.05581127733026467 0.04918032786885246
0 0.32149021864211735 0.5811987704918032 0.05897583429228999 0.21260245901639344
0 0.2855293440736479 0.5530225409836066 0.04459148446490219 0.2177254098360656
0 0.2905638665132336 0.39293032786885246 0.05466052934407365 0.17418032786885246
0 0.3135788262370541 0.35450819672131145 0.037399309551208286 0.18442622950819673
0 0.3488204833141542 0.37371926229508196 0.041714614499424624 0.16649590163934427
0 0.23374568469505178 0.46849385245901637 0.03883774453394707 0.11014344262295082
0 0.07695627157652474 0.4864241803278688 0.041714614499424624 0.1869877049180328
0 0.08846375143843498 0.4339139344262295 0.041714614499424624 0.18442622950819673
0 0.03452243958573072 0.5056352459016393 0.04602991944764097 0.19467213114754098
0 0.1262945914844649 0.3237704918032787 0.043153049482163405 0.1680327868852459
0 0.08271001150747986 0.3199282786885246 0.03883774453394707 0.15112704918032788
0 0.04861910241657077 0.32633196721311475 0.037399309551208286 0.17315573770491804
0 0.016398158803222096 0.35040983606557374 0.03279631760644419 0.16598360655737704
0 0.07336018411967779 0.2930327868852459 0.037399309551208286 0.10655737704918032
0 0.2882623705408516 0.9052254098360656 0.05638665132336018 0.18954918032786885
0 0.4272151898734177 0.5773565573770492 0.05753739930955121 0.22028688524590165
0 0.43944188722669736 0.3634733606557377 0.056098964326812426 0.2023565573770492
0 0.1373705408515535 0.40445696721311475 0.035960874568469504 0.17674180327868852
0 0.014384349827387802 0.4400614754098361 0.028768699654775604 0.17725409836065573
0 0.793728423475259 0.8913934426229508 0.05581127733026467 0.21721311475409835
0 0.9262082853855006 0.4131659836065574 0.05897583429228999 0.21260245901639344
0 0.8902474108170311 0.38498975409836067 0.04459148446490219 0.2177254098360656
0 0.8949942462600691 0.27561475409836067 0.05466052934407365 0.07172131147540983
0 0.9180092059838896 0.25922131147540983 0.037399309551208286 0.0389344262295082
0 0.9533947065592635 0.26434426229508196 0.04142692750287687 0.04918032786885246
0 0.838463751438435 0.3004610655737705 0.03883774453394707 0.11014344262295082
0 0.6815304948216341 0.32581967213114754 0.04200230149597238 0.1721311475409836
0 0.6930379746835443 0.29866803278688525 0.04200230149597238 0.11782786885245902
0 0.6392405063291139 0.33760245901639346 0.04602991944764097 0.19467213114754098
0 0.583716915995397 0.25922131147540983 0.04430379746835443 0.0389344262295082
0 0.8931242807825086 0.7704918032786885 0.056098964326812426 0.25614754098360654
0 0.7419447640966629 0.2822745901639344 0.03624856156501726 0.08504098360655737
0 0.6075949367088608 0.30020491803278687 0.05178365937859609 0.12090163934426229