0 0.22582480091012513 0.2626518218623482 0.07963594994311718 0.24392712550607287
0 0.7212741751990899 0.21103238866396762 0.0540386803185438 0.13663967611336034
0 0.9934584755403868 0.20799595141700405 0.013083048919226393 0.18724696356275303
0 0.5463594994311718 0.41346153846153844 0.06825938566552901 0.21761133603238866
0 0.9388509670079636 0.34134615384615385 0.06257110352673492 0.2353238866396761
0 0.7397610921501706 0.3666497975708502 0.042662116040955635 0.21002024291497975
0 0.7731797497155859 0.2957995951417004 0.04692832764505119 0.24544534412955465
0 0.7760238907849829 0.1616902834008097 0.04692832764505119 0.13917004048582995
0 0.8762798634812287 0.2667004048582996 0.042662116040955635 0.1771255060728745
0 0.8357508532423208 0.2540485829959514 0.04124004550625711 0.19736842105263158
0 0.9195108077360638 0.06882591093117409 0.04152445961319681 0.13765182186234817
0 0.8805460750853242 0.06376518218623482 0.034129692832764506 0.12753036437246965
0 0.8489761092150171 0.07135627530364372 0.036973833902161544 0.14271255060728744
0 0.5598691695108078 0.2667004048582996 0.035551763367463025 0.19230769230769232
0 0.5399601820250285 0.20723684210526316 0.04124004550625711 0.1695344129554656
0 0.5122298065984073 0.1819331983805668 0.034129692832764506 0.19483805668016194
0 0.4894766780432309 0.14144736842105263 0.03128555176336746 0.1847165991902834
0 0.5227531285551763 0.051113360323886636 0.02957906712172924 0.10222672064777327
0 0.5598691695108078 0.09210526315789473 0.03839590443686007 0.14676113360323886
0 0.5968430034129693 0.09590080971659919 0.035551763367463025 0.18977732793522267
0 0.5264505119453925 0.026821862348178137 0.03128555176336746 0.053643724696356275
0 0.764505119453925 0.8577935222672065 0.12400455062571103 0.28441295546558704