0 0.5208333333333334 0.21 0.14833333333333334 0.42
0 0.1575 0.23416666666666666 0.17833333333333334 0.37166666666666665
0 0.1975 0.3641666666666667 0.20166666666666666 0.11166666666666666
0 0.5033333333333333 0.041666666666666664 0.1 0.08333333333333333
0 0.3958333333333333 0.04083333333333333 0.06166666666666667 0.08166666666666667
0 0.8008333333333333 0.06 0.105 0.12
0 0.8325 0.31916666666666665 0.14833333333333334 0.20166666666666666
0 0.7133333333333334 0.335 0.16666666666666666 0.17
0 0.8565666666666668 0.20805000000000007 0.09536666666666671 0.20833333333333334
0 0.13583333333333333 0.7233333333333334 0.18166666666666667 0.3416666666666667
0 0.9908333333333333 0.8625 0.018333333333333333 0.225
0 0.9808333333333333 0.81 0.035 0.1825