0 0.3708583333333333 0.19324786324786328 0.08332500000000001 0.3560826210826211
0 0.3095833333333333 0.146011396011396 0.049166666666666664 0.292022792022792
0 0.3458333333333333 0.026353276353276354 0.03166666666666667 0.05270655270655271
0 0.05838333333333329 0.20135327635327638 0.03657500000000009 0.218945868945869
0 0.08087499999999996 0.192991452991453 0.03324166666666675 0.19866096866096872
0 0.056666666666666664 0.06267806267806268 0.04 0.12535612535612536
0 0.7583333333333333 0.35826210826210825 0.3 0.32336182336182334
0 0.9395833333333333 0.3561253561253561 0.12083333333333333 0.32763532763532766
0 0.8591666666666666 0.2143874643874644 0.056666666666666664 0.13532763532763534
0 0.8 0.21794871794871795 0.07166666666666667 0.16524216524216523
0 0.985 0.21082621082621084 0.03 0.1623931623931624
0 0.7570833333333333 0.22364672364672364 0.050833333333333335 0.18518518518518517
0 0.93625 0.19515669515669515 0.08583333333333333 0.17094017094017094
0 0.7341666666666666 0.2621082621082621 0.05 0.15384615384615385
0 0.7054166666666667 0.26994301994301995 0.049166666666666664 0.17806267806267806
0 0.30041666666666667 0.8148148148148148 0.049166666666666664 0.07264957264957266
0 0.6795833333333333 0.8931623931623932 0.15583333333333332 0.21367521367521367