0 0.2430992736077482 0.378983870967742 0.13801452784503632 0.3716290322580645
0 0.30515738498789347 0.2239032258064516 0.07559322033898298 0.34825806451612895
0 0.362590799031477 0.018548387096774192 0.023002421307506054 0.037096774193548385
0 0.30387409200968524 0.8846774193548387 0.15012106537530268 0.2306451612903226
0 0.4524818401937046 0.8909193548387097 0.029188861985472173 0.18764516129032263
0 0.5545278450363196 0.8764032258064516 0.0454237288135593 0.19087096774193554
0 0.14826876513317194 0.8491612903225807 0.025012106537530367 0.10091935483870976
0 0.0974213075060533 0.8409354838709677 0.029854721549636903 0.1070483870967742
0 0.6301452784503632 0.9 0.06174334140435835 0.2
0 0.5884140435835351 0.8839193548387096 0.0380024213075059 0.1426129032258064
0 0.524455205811138 0.8584193548387097 0.022845036319612457 0.07990322580645155
0 0.4985956416464891 0.8587580645161291 0.03274818401937041 0.11869354838709682
0 0.47314769975786924 0.8561612903225806 0.02640435835351083 0.12227419354838719
0 0.4301694915254237 0.8952419354838709 0.03927360774818395 0.2086774193548387
0 0.4080145278450363 0.8776935483870969 0.027663438256658623 0.1769354838709678
0 0.3543583535108959 0.8662419354838709 0.03709443099273606 0.14895161290322584
0 0.3846731234866828 0.8656451612903227 0.03239709443099272 0.14267741935483877
0 0.04223970944309926 0.8346612903225806 0.023208232445520668 0.06716129032258063
0 0.25808716707021784 0.838 0.02370460048426141 0.055225806451612916
0 0.006053268765133172 0.8274193548387097 0.012106537530266344 0.08064516129032258
0 0.0594915254237288 0.8314999999999999 0.0179539951573849 0.055758064516129024
0 0.019116222760290513 0.8337580645161291 0.016077481840193673 0.05520967741935487