0 0.35782986111111115 0.17984374999999997 0.05602430555555552 0.21123263888888882
0 0.43374999999999997 0.19645833333333337 0.07532986111111109 0.2839583333333334
0 0.23210069444444445 0.17711805555555551 0.07161458333333333 0.24164930555555564
0 0.4869791666666667 0.04600694444444445 0.036458333333333336 0.0920138888888889
0 0.6571180555555556 0.3480902777777778 0.06510416666666667 0.3993055555555556
0 0.7144097222222222 0.2881944444444444 0.021701388888888888 0.1605902777777778
0 0.6927083333333334 0.2586805555555556 0.018229166666666668 0.12760416666666666
0 0.7682291666666666 0.2864583333333333 0.025173611111111112 0.2309027777777778
0 0.8923611111111112 0.3880208333333333 0.0625 0.3897569444444444
0 0.9487847222222222 0.24739583333333334 0.011284722222222222 0.10069444444444445
0 0.8498263888888888 0.22916666666666666 0.005208333333333333 0.07552083333333333
0 0.7986111111111112 0.2222222222222222 0.008680555555555556 0.05295138888888889
0 0.2743055555555556 0.8611111111111112 0.5486111111111112 0.2777777777777778
0 0.7743055555555556 0.8446180555555556 0.4513888888888889 0.3107638888888889