0 0.2482042253521127 0.2082218309859155 0.062165492957746385 0.30551056338028176
0 0.653169014084507 0.5985915492957746 0.028169014084507043 0.05985915492957746
0 0.47183098591549294 0.5686619718309859 0.022887323943661973 0.06778169014084508
0 0.8116197183098591 0.5598591549295775 0.023767605633802816 0.06602112676056338
0 0.8309859154929577 0.5158450704225352 0.02112676056338028 0.07306338028169014
0 0.852112676056338 0.5299295774647887 0.023767605633802816 0.0625
0 0.954225352112676 0.4269366197183099 0.01936619718309859 0.04225352112676056
0 0.9181338028169014 0.3899647887323944 0.01936619718309859 0.03345070422535211
0 0.9066901408450704 0.36795774647887325 0.013204225352112676 0.04753521126760563
0 0.914612676056338 0.40580985915492956 0.014964788732394365 0.04753521126760563
0 0.9005281690140845 0.3996478873239437 0.017605633802816902 0.03345070422535211
0 0.8705985915492958 0.3538732394366197 0.009683098591549295 0.035211267605633804
0 0.8600352112676056 0.35563380281690143 0.016725352112676055 0.02640845070422535
0 0.8661971830985915 0.3301056338028169 0.01232394366197183 0.03697183098591549
0 0.4586267605633803 0.41725352112676056 0.013204225352112676 0.06426056338028169
0 0.44454225352112675 0.4234154929577465 0.009683098591549295 0.06073943661971831
0 0.3926056338028169 0.3714788732394366 0.014084507042253521 0.051056338028169015
0 0.44630281690140844 0.30985915492957744 0.016725352112676055 0.04401408450704225
0 0.4119718309859155 0.31778169014084506 0.009683098591549295 0.04401408450704225
0 0.42077464788732394 0.3204225352112676 0.01056338028169014 0.03697183098591549
0 0.4216549295774648 0.29313380281690143 0.009683098591549295 0.035211267605633804
0 0.38204225352112675 0.375 0.006161971830985915 0.04929577464788732
0 0.38028169014084506 0.3336267605633803 0.0035211267605633804 0.05369718309859155
0 0.7720070422535211 0.5484154929577465 0.018485915492957746 0.06073943661971831
0 0.7517605633802817 0.5580985915492958 0.023767605633802816 0.0625
0 0.7588028169014085 0.5079225352112676 0.02112676056338028 0.06778169014084508
0 0.698943661971831 0.4595070422535211 0.022887323943661973 0.03873239436619718
0 0.7649647887323944 0.45686619718309857 0.02112676056338028 0.03169014084507042
0 0.789612676056338 0.37764084507042256 0.007922535211267605 0.035211267605633804
0 0.7605633802816901 0.38380281690140844 0.013204225352112676 0.03873239436619718
0 0.738556338028169 0.3714788732394366 0.01232394366197183 0.028169014084507043
0 0.6857394366197183 0.37411971830985913 0.01056338028169014 0.02992957746478873
0 0.6919014084507042 0.40757042253521125 0.014964788732394365 0.02992957746478873
0 0.573943661971831 0.4014084507042254 0.01936619718309859 0.03169014084507042
0 0.6839788732394366 0.26672535211267606 0.009683098591549295 0.03697183098591549
0 0.6725352112676056 0.2658450704225352 0.01056338028169014 0.04225352112676056
0 0.6883802816901409 0.23327464788732394 0.013204225352112676 0.035211267605633804
0 0.6540492957746479 0.24119718309859156 0.009683098591549295 0.04753521126760563
0 0.8345070422535211 0.44190140845070425 0.02640845070422535 0.051056338028169015
0 0.8257042253521126 0.35651408450704225 0.016725352112676055 0.02992957746478873
0 0.8908450704225352 0.43221830985915494 0.018485915492957746 0.05369718309859155
0 0.8882042253521126 0.4198943661971831 0.023767605633802816 0.045774647887323945
0 0.9480633802816901 0.477112676056338 0.01936619718309859 0.03697183098591549
0 0.9436619718309859 0.4630281690140845 0.028169014084507043 0.04225352112676056
0 0.8811619718309859 0.32922535211267606 0.017605633802816902 0.01936619718309859
0 0.8133802816901409 0.590669014084507 0.03169014084507042 0.07570422535211267
0 0.7860915492957746 0.44190140845070425 0.01936619718309859 0.07834507042253522
0 0.7535211267605634 0.4251760563380282 0.028169014084507043 0.02992957746478873
0 0.6971830985915493 0.3653169014084507 0.018485915492957746 0.04401408450704225
0 0.6214788732394366 0.3609154929577465 0.017605633802816902 0.040492957746478875
0 0.5669014084507042 0.2640845070422535 0.01056338028169014 0.028169014084507043
0 0.5889084507042254 0.24911971830985916 0.008802816901408451 0.03873239436619718
0 0.5959507042253521 0.24295774647887325 0.009683098591549295 0.04225352112676056
0 0.5801056338028169 0.24735915492957747 0.01056338028169014 0.04225352112676056
0 0.6294014084507042 0.2130281690140845 0.007922535211267605 0.02640845070422535
0 0.6470070422535211 0.23943661971830985 0.008802816901408451 0.035211267605633804
0 0.6390845070422535 0.24471830985915494 0.007922535211267605 0.03169014084507042
0 0.738556338028169 0.2632042253521127 0.0035211267605633804 0.03169014084507042
0 0.7447183098591549 0.26672535211267606 0.01056338028169014 0.03697183098591549
0 0.7200704225352113 0.36883802816901406 0.014964788732394365 0.04753521126760563
0 0.8485915492957746 0.2948943661971831 0.009683098591549295 0.035211267605633804
0 0.840669014084507 0.28433098591549294 0.008802816901408451 0.03169014084507042
0 0.8274647887323944 0.29401408450704225 0.009683098591549295 0.04401408450704225
0 0.8151408450704225 0.30809859154929575 0.007922535211267605 0.03873239436619718
0 0.8204225352112676 0.31514084507042256 0.01056338028169014 0.03345070422535211
0 0.7649647887323944 0.25264084507042256 0.00528169014084507 0.03169014084507042
0 0.7711267605633803 0.25264084507042256 0.00528169014084507 0.028169014084507043
0 0.7764084507042254 0.2605633802816901 0.00528169014084507 0.02640845070422535
0 0.7808098591549296 0.2535211267605634 0.009683098591549295 0.03697183098591549
0 0.795774647887324 0.24295774647887325 0.008802816901408451 0.01936619718309859
0 0.8063380281690141 0.2737676056338028 0.007922535211267605 0.03873239436619718
0 0.7984154929577465 0.26936619718309857 0.014084507042253521 0.04401408450704225
0 0.7869718309859155 0.27024647887323944 0.01232394366197183 0.01936619718309859
0 0.7649647887323944 0.22975352112676056 0.01056338028169014 0.03169014084507042
0 0.7535211267605634 0.22975352112676056 0.0044014084507042256 0.03345070422535211
0 0.7913732394366197 0.238556338028169 0.009683098591549295 0.04401408450704225
0 0.801056338028169 0.23591549295774647 0.0044014084507042256 0.02640845070422535
0 0.5572183098591549 0.26848591549295775 0.00528169014084507 0.035211267605633804
0 0.5501760563380281 0.2596830985915493 0.00528169014084507 0.03697183098591549
0 0.5440140845070423 0.2596830985915493 0.00528169014084507 0.035211267605633804
0 0.5369718309859155 0.27024647887323944 0.006161971830985915 0.03345070422535211
0 0.5255281690140845 0.25440140845070425 0.008802816901408451 0.03345070422535211
0 0.5325704225352113 0.25704225352112675 0.009683098591549295 0.03873239436619718
0 0.49383802816901406 0.25440140845070425 0.00528169014084507 0.035211267605633804
0 0.4735915492957746 0.24735915492957747 0.007922535211267605 0.035211267605633804
0 0.47975352112676056 0.2535211267605634 0.00528169014084507 0.03169014084507042
0 0.4867957746478873 0.24735915492957747 0.007922535211267605 0.03697183098591549
0 0.5985915492957746 0.3846830985915493 0.01056338028169014 0.03697183098591549
0 0.585387323943662 0.3714788732394366 0.014964788732394365 0.03169014084507042
0 0.5765845070422535 0.3512323943661972 0.014964788732394365 0.017605633802816902
0 0.6610915492957746 0.11003521126760564 0.008802816901408451 0.02640845070422535
0 0.5897887323943662 0.10827464788732394 0.00528169014084507 0.02640845070422535
0 0.5730633802816901 0.1073943661971831 0.00528169014084507 0.028169014084507043
0 0.5519366197183099 0.11003521126760564 0.009683098591549295 0.028169014084507043
0 0.4867957746478873 0.12147887323943662 0.008802816901408451 0.03345070422535211
0 0.6927816901408451 0.11091549295774648 0.009683098591549295 0.028169014084507043
0 0.6998239436619719 0.11443661971830986 0.006161971830985915 0.02464788732394366
0 0.7077464788732394 0.11443661971830986 0.006161971830985915 0.028169014084507043
0 0.7191901408450704 0.11707746478873239 0.007922535211267605 0.02640845070422535
0 0.7244718309859155 0.11883802816901408 0.009683098591549295 0.028169014084507043
0 0.7552816901408451 0.12411971830985916 0.006161971830985915 0.02640845070422535
0 0.7887323943661971 0.13204225352112675 0.007922535211267605 0.028169014084507043
0 0.7825704225352113 0.13028169014084506 0.007922535211267605 0.02464788732394366
0 0.8019366197183099 0.13908450704225353 0.0035211267605633804 0.04753521126760563
0 0.8089788732394366 0.34507042253521125 0.016725352112676055 0.022887323943661973
0 0.7948943661971831 0.3415492957746479 0.02112676056338028 0.02464788732394366
0 0.801056338028169 0.31866197183098594 0.009683098591549295 0.040492957746478875
0 0.789612676056338 0.31514084507042256 0.01056338028169014 0.045774647887323945
0 0.4242957746478873 0.14612676056338028 0.009683098591549295 0.028169014084507043
0 0.38028169014084506 0.1681338028169014 0.0035211267605633804 0.040492957746478875
0 0.43221830985915494 0.2517605633802817 0.0044014084507042256 0.02640845070422535
0 0.4234154929577465 0.2517605633802817 0.0044014084507042256 0.02640845070422535
0 0.4471830985915493 0.2420774647887324 0.007922535211267605 0.03169014084507042
0 0.4894366197183099 0.21742957746478872 0.00528169014084507 0.03345070422535211
0 0.5862676056338029 0.21654929577464788 0.00528169014084507 0.02464788732394366
0 0.5783450704225352 0.21742957746478872 0.0044014084507042256 0.03169014084507042
0 0.5985915492957746 0.20950704225352113 0.00528169014084507 0.02112676056338028
0 0.6047535211267606 0.21038732394366197 0.0044014084507042256 0.01936619718309859
0 0.664612676056338 0.2130281690140845 0.007922535211267605 0.022887323943661973
0 0.6725352112676056 0.21390845070422534 0.008802816901408451 0.02640845070422535
0 0.6161971830985915 0.2130281690140845 0.006161971830985915 0.017605633802816902
0 0.2051056338028169 0.8424295774647887 0.34683098591549294 0.31514084507042256
0 0.17517605633802816 0.8036971830985915 0.09330985915492958 0.14964788732394366