0 0.3578651685393258 0.5535 0.051685393258426963 0.093
0 0.32780898876404496 0.494 0.05561797752808989 0.172
0 0.5724325842696629 0.49531 0.031415730337078694 0.13249
0 0.7837584269662922 0.5030800000000001 0.013258426966292083 0.07027999999999997
0 0.18567415730337078 0.8025 0.17275280898876405 0.395
0 0.045786516853932584 0.6475 0.026685393258426966 0.072
0 0.08117977528089888 0.8005 0.03286516853932584 0.1005
0 0.049719101123595504 0.8855 0.021629213483146066 0.085
0 0.11488764044943821 0.823 0.03455056179775281 0.105
0 0.12415730337078652 0.768 0.03146067415730337 0.1005
0 0.1553370786516854 0.7915 0.037921348314606744 0.138
0 0.26685393258426965 0.7745 0.028651685393258425 0.1125
0 0.2876404494382023 0.8465 0.024719101123595506 0.307
0 0.26601123595505616 0.692 0.035674157303370785 0.058
0 0.27303370786516856 0.6525 0.05393258426966292 0.105
0 0.14887640449438203 0.6335 0.029775280898876405 0.065
0 0.10814606741573034 0.66 0.02556179775280899 0.048
0 0.09157303370786517 0.659 0.017977528089887642 0.056
0 0.0044943820224719105 0.6495 0.008988764044943821 0.044
0 0.04747191011235955 0.7425 0.030056179775280897 0.106
0 0.08314606741573034 0.7505 0.02949438202247191 0.0595
0 0.8570224719101124 0.8895 0.09269662921348315 0.1475
0 0.6491573033707865 0.8805 0.10308988764044943 0.18
0 0.5353932584269663 0.874 0.07696629213483146 0.151
0 0.37780898876404495 0.857 0.06151685393258427 0.1275
0 0.35421348314606743 0.8305 0.016853932584269662 0.0225
0 0.9823033707865169 0.8375 0.03539325842696629 0.059