0 0.47734375 0.07453703703703704 0.015104166666666667 0.14907407407407408
0 0.5779739583333333 0.040611111111111126 0.014880208333333419 0.07672222222222223
0 0.5697916666666667 0.03009259259259259 0.011458333333333333 0.06018518518518518
0 0.026041666666666668 0.8726851851851852 0.052083333333333336 0.25462962962962965
0 0.3307291666666667 0.862037037037037 0.07916666666666666 0.2759259259259259
0 0.1421875 0.8611111111111112 0.06875 0.2777777777777778
0 0.39869791666666665 0.8680555555555556 0.07864583333333333 0.2638888888888889
0 0.08255208333333333 0.8782407407407408 0.059895833333333336 0.24351851851851852
0 0.20390625 0.8634259259259259 0.059895833333333336 0.27314814814814814
0 0.2674479166666667 0.8666666666666667 0.07552083333333333 0.26666666666666666
0 0.38776041666666666 0.7097222222222223 0.06510416666666667 0.1675925925925926
0 0.09921875 0.7240740740740741 0.049479166666666664 0.13148148148148148
0 0.1765625 0.7287037037037037 0.04375 0.18333333333333332
0 0.24036458333333333 0.7236111111111111 0.0515625 0.13055555555555556
0 0.340625 0.7356481481481482 0.057291666666666664 0.15833333333333333
0 0.21302083333333333 0.6902777777777778 0.040625 0.10462962962962963
0 0.28541666666666665 0.7203703703703703 0.052083333333333336 0.1648148148148148
0 0.14348958333333334 0.7226851851851852 0.04739583333333333 0.13240740740740742
0 0.06927083333333334 0.750462962962963 0.041666666666666664 0.19537037037037036
0 0.008072916666666667 0.737037037037037 0.016145833333333335 0.16111111111111112
0 0.31197916666666664 0.6759259259259259 0.0375 0.09444444444444444
0 0.028125 0.7287037037037037 0.04375 0.11296296296296296
0 0.125 0.6814814814814815 0.029166666666666667 0.07962962962962963
0 0.01171875 0.6800925925925926 0.0234375 0.08425925925925926
0 0.05026041666666667 0.687962962962963 0.022395833333333334 0.09444444444444444
0 0.51796875 0.9282407407407407 0.049479166666666664 0.14351851851851852
0 0.5440104166666667 0.8523148148148149 0.046875 0.2175925925925926
0 0.88125 0.5699074074074074 0.049479166666666664 0.125
0 0.8337239583333333 0.6474537037037037 0.04296875 0.22453703703703703
0 0.8309895833333333 0.5439814814814815 0.043229166666666666 0.08796296296296297
0 0.8845052083333333 0.7134259259259259 0.045572916666666664 0.18981481481481483
0 0.87578125 0.9527777777777777 0.0390625 0.09444444444444444
0 0.8270833333333333 0.9699074074074074 0.05625 0.06018518518518518
0 0.8088541666666667 0.925 0.051041666666666666 0.15
0 0.7307291666666667 0.8981481481481481 0.053125 0.2037037037037037
0 0.6748697916666667 0.7550925925925925 0.05078125 0.2222222222222222
0 0.5705729166666667 0.5662037037037037 0.043229166666666666 0.13240740740740742
0 0.7393229166666667 0.6520833333333333 0.041666666666666664 0.16898148148148148
0 0.7796875 0.6393518518518518 0.036458333333333336 0.18518518518518517
0 0.6981770833333333 0.5185185185185185 0.043229166666666666 0.037037037037037035
0 0.7606770833333333 0.5199074074074074 0.03802083333333333 0.03981481481481482