0 0.41233766233766234 0.1958874458874459 0.04004329004329004 0.07900432900432901
0 0.025974025974025976 0.2435064935064935 0.05194805194805195 0.2987012987012987
0 0.4805194805194805 0.22510822510822512 0.03896103896103896 0.12878787878787878
0 0.5313852813852814 0.23593073593073594 0.05627705627705628 0.1341991341991342
0 0.6352813852813853 0.22727272727272727 0.045454545454545456 0.13852813852813853
0 0.5616883116883117 0.19805194805194806 0.027056277056277056 0.09415584415584416
0 0.6082251082251082 0.22294372294372294 0.030303030303030304 0.09307359307359307
0 0.6558441558441559 0.18506493506493507 0.004329004329004329 0.01948051948051948
0 0.3409090909090909 0.5292207792207793 0.09307359307359307 0.08874458874458875
0 0.3906926406926407 0.5335497835497836 0.0670995670995671 0.09740259740259741
0 0.4393939393939394 0.5367965367965368 0.05194805194805195 0.09090909090909091
0 0.6872294372294372 0.6331168831168831 0.05844155844155844 0.2792207792207792
0 0.7813852813852814 0.5995670995670995 0.13852813852813853 0.1645021645021645
0 0.8874458874458875 0.6071428571428571 0.09523809523809523 0.15800865800865802
0 0.9502164502164502 0.7619047619047619 0.09956709956709957 0.47619047619047616