0 0.8621979286536249 0.1699078812691914 0.12140391254315305 0.13587512794268167
0 0.6577963176064442 0.13510747185261002 0.29602991944764095 0.27021494370522003
0 0.3712600690448792 0.8810133060388946 0.03150172612197929 0.13894575230296827
0 0.14211737629459148 0.7863357215967247 0.027905638665132335 0.1345957011258956
0 0.15678941311852704 0.7162231320368475 0.026467203682393557 0.14201637666325487
0 0.18872266973532797 0.44344933469805525 0.027330264672036825 0.06704196519959059
0 0.18800345224395856 0.419396110542477 0.028768699654775604 0.018679631525076765
0 0.346662830840046 0.5317297850562948 0.027905638665132335 0.0816274309109519
0 0.31990794016110474 0.5823950870010235 0.024165707710011506 0.14662231320368474
0 0.3184695051783659 0.5023029682702149 0.024165707710011506 0.08316274309109518
0 0.4299482163406214 0.46059365404298874 0.019850402761795168 0.08776867963152507
0 0.3485327963176064 0.6253838280450358 0.025604142692750288 0.12384851586489252
0 0.3437859608745685 0.8203684749232344 0.022008055235903337 0.13894575230296827
0 0.45785385500575376 0.49257932446264074 0.01826812428078251 0.1056806550665302
0 0.4408803222094361 0.5452917093142272 0.019850402761795168 0.10875127942681678
0 0.4259205983889528 0.5905834186284544 0.022008055235903337 0.11489252814738997
0 0.26682968929804374 0.5854657113613101 0.02344649021864212 0.11028659160696008
0 0.28955696202531644 0.577021494370522 0.020569620253164556 0.12103377686796316
0 0.24381472957422323 0.4600818833162743 0.024021864211737628 0.10030706243602866
0 0.2612197928653625 0.4155578300921187 0.020138089758342925 0.011258955987717503
0 0.2628020713463751 0.4564994882292733 0.022871116225546606 0.0931422722620266
0 0.2789125431530495 0.4611054247697032 0.021144994246260068 0.10209825997952918
0 0.10730724971231301 0.42988741044012285 0.016973532796317605 0.03991811668372569
0 0.41455696202531644 0.458546571136131 0.01970655926352129 0.09723643807574207
0 0.4450517836593786 0.4232343909928352 0.01611047180667434 0.02661207778915046
0 0.010212888377445339 0.5652507676560901 0.020425776754890677 0.1284544524053224
0 0.05667433831990794 0.5278915046059366 0.024165707710011506 0.10133060388945753
0 0.013952819332566167 0.7410440122824974 0.027905638665132335 0.14329580348004095
0 0.08601841196777905 0.5777891504605936 0.024165707710011506 0.10440122824974411
0 0.42189298043728424 0.7039406345957011 0.028624856156501725 0.14201637666325487
0 0.23777330264672036 0.4337256908904811 0.019850402761795168 0.04759467758444217
0 0.41124856156501727 0.42093142272262024 0.017548906789413118 0.02175025588536336
0 0.028768699654775604 0.5278915046059366 0.024165707710011506 0.10133060388945753
0 0.02330264672036824 0.579324462640737 0.026467203682393557 0.1253838280450358
0 0.14830264672036825 0.5038382804503583 0.021288837744533946 0.11028659160696008
0 0.3321346375143843 0.4460081883316274 0.022008055235903337 0.07190378710337769
0 0.07537399309551208 0.438331627430911 0.017548906789413118 0.05680655066530194
0 0.05552359033371691 0.4414022517911975 0.022008055235903337 0.06294779938587512
0 0.3068181818181818 0.45112589559877175 0.022871116225546606 0.08213920163766633
0 0.21878596087456847 0.7162231320368475 0.028624856156501725 0.1601842374616172
0 0.25877445339470656 0.7085465711361311 0.03222094361334868 0.13613101330603888
0 0.3082566168009206 0.7433469805527124 0.03150172612197929 0.13894575230296827
0 0.4900747986191024 0.5921187308085978 0.025604142692750288 0.12103377686796316
0 0.482307249712313 0.5452917093142272 0.026467203682393557 0.1056806550665302
0 0.7869677790563866 0.9818321392016377 0.026754890678941313 0.036335721596724664
0 0.8442174913693901 0.9836233367451381 0.027330264672036825 0.032753326509723645
0 0.9335443037974683 0.9790174002047083 0.028768699654775604 0.04196519959058342