0 0.0630952380952381 0.211864406779661 0.03134920634920635 0.03248587570621469
0 0.11865079365079365 0.21680790960451976 0.03571428571428571 0.048728813559322036
0 0.19285714285714287 0.2309322033898305 0.023809523809523808 0.05649717514124294
0 0.32182539682539685 0.2507062146892655 0.05555555555555555 0.096045197740113
0 0.9047619047619048 0.10663841807909605 0.06190476190476191 0.2132768361581921
0 0.9726190476190476 0.11228813559322035 0.05476190476190476 0.2245762711864407
0 0.10595238095238095 0.8149717514124294 0.2119047619047619 0.3693502824858757
0 0.17023809523809524 0.8411016949152542 0.18055555555555555 0.3177966101694915
0 0.398015873015873 0.846045197740113 0.25595238095238093 0.3072033898305085
0 0.43134920634920637 0.865819209039548 0.276984126984127 0.268361581920904
0 0.9555714285714285 0.7406214689265537 0.041626984126984165 0.12355932203389833
0 0.9140238095238096 0.7347740112994351 0.03987301587301588 0.12245762711864405