0 0.19262295081967212 0.10860058309037901 0.05737704918032787 0.21720116618075802
0 0.5471311475409836 0.4037900874635568 0.06475409836065574 0.11078717201166181
0 0.2635245901639344 0.08454810495626822 0.04672131147540984 0.16909620991253643
0 0.23688524590163934 0.09402332361516035 0.03114754098360656 0.1618075801749271
0 0.6967213114754098 0.16472303206997085 0.05901639344262295 0.1902332361516035
0 0.6184426229508196 0.369533527696793 0.0778688524590164 0.17857142857142858
0 0.7086065573770491 0.22230320699708456 0.02459016393442623 0.07871720116618076
0 0.7385245901639345 0.3206997084548105 0.07049180327868852 0.27696793002915454
0 0.8057377049180328 0.35276967930029157 0.11311475409836065 0.21209912536443148
0 0.3860655737704918 0.8250728862973761 0.23114754098360657 0.303935860058309
0 0.1831967213114754 0.8360058309037901 0.23237704918032787 0.2915451895043732
0 0.6381147540983606 0.6763848396501457 0.11721311475409836 0.43440233236151604