0 0.08177966101694915 0.34365558912386707 0.08220338983050847 0.33081570996978854
0 0.1673728813559322 0.055891238670694864 0.048305084745762714 0.11178247734138973
0 0.20720338983050848 0.0823262839879154 0.044915254237288135 0.1646525679758308
0 0.007203389830508475 0.05362537764350453 0.01440677966101695 0.10725075528700906
0 0.8292372881355933 0.17069486404833836 0.0461864406779661 0.052870090634441085
0 0.6733050847457627 0.17447129909365558 0.03559322033898305 0.04758308157099698
0 0.7182203389830508 0.22280966767371602 0.04788135593220339 0.1472809667673716
0 0.85 0.2809667673716012 0.11652542372881355 0.31268882175226587
0 0.1690677966101695 0.8731117824773413 0.08389830508474576 0.2537764350453172
0 0.22203389830508474 0.9093655589123867 0.04915254237288136 0.18126888217522658
0 0.26101694915254237 0.904833836858006 0.06271186440677966 0.1903323262839879
0 0.31186440677966104 0.8821752265861027 0.05593220338983051 0.23564954682779457
0 0.27584745762711865 0.7545317220543807 0.08220338983050847 0.22205438066465258