0 0.37535734705546026 0.340793489318413 0.03273299028016009 0.20371312309257375
0 0.30360205831903947 0.30645981688708035 0.02801600914808462 0.16047812817904375
0 0.40751858204688396 0.05239064089521872 0.014150943396226415 0.07222787385554426
0 0.4396798170383076 0.024415055951169887 0.009005145797598629 0.04857578840284842
0 0.24814179531160663 0.1948118006103764 0.02058319039451115 0.07400813835198372
0 0.27787307032590053 0.13936927772126145 0.022441395082904516 0.07299084435401831
0 0.38522012578616355 0.03611393692777213 0.00986277873070326 0.03433367243133265
0 0.27215551743853633 0.13123092573753814 0.012578616352201259 0.054933875890132246
0 0.8959405374499714 0.17166836215666328 0.09162378502001144 0.34333672431332657
0 0.23842195540308747 0.6701424211597151 0.007432818753573471 0.0384028484231943
0 0.2477129788450543 0.7250762970498474 0.02058319039451115 0.05010172939979654
0 0.24042309891366495 0.8433367243133265 0.02715837621497999 0.15996948118006105
0 0.2584333905088622 0.8728382502543235 0.03787878787878788 0.16632756866734486
0 0.442967409948542 0.6014750762970499 0.00714694110920526 0.023906408952187184
0 0.44925671812464263 0.6024923702950152 0.006289308176100629 0.025686673448626653
0 0.4559748427672956 0.6096134282807731 0.007861635220125786 0.04018311291963377
0 0.4038021726700972 0.6070701932858596 0.0067181246426529445 0.020091556459816886
0 0.3843624928530589 0.6139369277721262 0.008290451686678102 0.023906408952187184
0 0.8254202401372212 0.8325839267548321 0.05827329902801605 0.3307121057985757
0 0.8770726129216695 0.8664801627670397 0.04516866781017725 0.26703967446592064
0 0.9275157232704402 0.8243896236012207 0.0515751858204688 0.2863479145473042
0 0.9251000571755289 0.8639369277721262 0.0714694110920526 0.27212614445574773
0 0.9839908519153803 0.8507121057985758 0.03201829616923957 0.29857578840284843