0 0.17833333333333334 0.03115727002967359 0.03166666666666667 0.06231454005934718
0 0.2704166666666667 0.08086053412462908 0.04083333333333333 0.16172106824925817
0 0.23 0.04376854599406528 0.04666666666666667 0.08753709198813056
0 0.30666666666666664 0.08086053412462908 0.05333333333333334 0.08160237388724036
0 0.8220833333333334 0.3241839762611276 0.2658333333333333 0.5504451038575667
0 0.235 0.7997032640949555 0.46958333333333335 0.40059347181008903
0 0.92625 0.8367952522255193 0.1475 0.3264094955489614
0 0.7929166666666667 0.6706231454005934 0.030833333333333334 0.11572700296735905
0 0.7841666666666667 0.9154302670623146 0.13 0.16913946587537093
0 0.76 0.8301186943620178 0.14166666666666666 0.3397626112759644
0 0.9083333333333333 0.8241839762611276 0.10666666666666667 0.3516320474777448