0 0.2821027287319422 0.019285714285714285 0.036115569823434994 0.03857142857142857
0 0.7391653290529695 0.32 0.37881219903691815 0.64
0 0.10353130016051364 0.9228571428571428 0.14365971107544143 0.15428571428571428
0 0.3816211878009631 0.845 0.08707865168539326 0.115
0 0.47351524879614765 0.8407142857142857 0.06902086677367576 0.19214285714285714
0 0.3394863563402889 0.8371428571428572 0.06540930979133226 0.11
0 0.16412520064205458 0.8778571428571429 0.11998394863563402 0.14714285714285713
0 0.18820224719101122 0.8285714285714286 0.0826645264847512 0.075
0 0.18820224719101122 0.8021428571428572 0.028089887640449437 0.05928571428571429
0 0.31902086677367575 0.8028571428571428 0.038523274478330656 0.05857142857142857
0 0.20585874799357945 0.8092857142857143 0.029293739967897272 0.06428571428571428
0 0.3270465489566613 0.7657142857142857 0.03410914927768861 0.03785714285714286
0 0.20947030497592295 0.7721428571428571 0.020465489566613163 0.017142857142857144
0 0.22070626003210272 0.78 0.020465489566613163 0.04857142857142857
0 0.23635634028892455 0.7707142857142857 0.011235955056179775 0.03357142857142857
0 0.2917335473515249 0.7735714285714286 0.011235955056179775 0.015714285714285715
0 0.30497592295345105 0.7714285714285715 0.019261637239165328 0.012142857142857143
0 0.3559390048154093 0.9142857142857143 0.1709470304975923 0.17142857142857143
0 0.9313804173354735 0.8828571428571429 0.13723916532905298 0.2342857142857143
0 0.6376404494382022 0.8464285714285714 0.15730337078651685 0.30642857142857144