0 0.5675914994096812 0.26365546218487396 0.04397874852420307 0.18067226890756302
0 0.29309327036599764 0.529936974789916 0.07497048406139316 0.1796218487394958
0 0.1921487603305785 0.5215336134453782 0.06523022432113341 0.19642857142857142
0 0.5100354191263282 0.23897058823529413 0.03748524203069658 0.16544117647058823
0 0.6655844155844156 0.09191176470588236 0.02715466351829988 0.09191176470588236
0 0.4090909090909091 0.14758403361344538 0.03689492325855962 0.14443277310924368
0 0.04014167650531287 0.5835084033613446 0.06080283353010626 0.07247899159663866
0 0.6868358913813459 0.09453781512605042 0.020070838252656435 0.09086134453781512
0 0.7080873671782763 0.04201680672268908 0.01475796930342385 0.06827731092436974
0 0.532172373081464 0.26838235294117646 0.024498229043683588 0.10871848739495799
0 0.7207792207792207 0.04726890756302521 0.016233766233766232 0.059873949579831935
0 0.622491145218418 0.05304621848739496 0.014167650531286895 0.02468487394957983
0 0.601534828807556 0.032563025210084036 0.021251475796930343 0.03991596638655462
0 0.7573789846517119 0.8692226890756303 0.022136953955135773 0.17331932773109243
0 0.7411452184179457 0.8786764705882353 0.022727272727272728 0.15546218487394958