0 0.17577487765089722 0.1891304347826087 0.044861337683523655 0.15217391304347827
0 0.22104404567699837 0.18985507246376812 0.03262642740619902 0.1565217391304348
0 0.36133768352365414 0.19420289855072465 0.03262642740619902 0.16521739130434782
0 0.12071778140293637 0.034057971014492754 0.01794453507340946 0.0536231884057971
0 0.14600326264274063 0.058695652173913045 0.01631321370309951 0.08260869565217391
0 0.1969820554649266 0.06159420289855073 0.017128874388254486 0.059420289855072465
0 0.100326264274062 0.06739130434782609 0.01794453507340946 0.08840579710144927
0 0.48164763458401305 0.7065217391304348 0.0464926590538336 0.07753623188405798
0 0.24796084828711257 0.782608695652174 0.09787928221859707 0.18405797101449275
0 0.7744698205546493 0.6927536231884058 0.10154975530179446 0.2391304347826087
0 0.865415986949429 0.7036231884057971 0.09502446982055465 0.24855072463768116