0 0.17458333333333334 0.11127596439169139 0.0275 0.1661721068249258
0 0.40958333333333335 0.18694362017804153 0.0425 0.20178041543026706
0 0.35875 0.0956973293768546 0.0325 0.15578635014836795
0 0.38208333333333333 0.13130563798219586 0.04583333333333333 0.1261127596439169
0 0.9375 0.24629080118694363 0.125 0.22551928783382788
0 0.63625 0.20845697329376855 0.16708333333333333 0.3004451038575668
0 0.98625 0.7997032640949555 0.0275 0.40059347181008903
0 0.7233333333333334 0.7729970326409495 0.115 0.4540059347181009
0 0.8404166666666667 0.7922848664688428 0.20333333333333334 0.4146884272997033
0 0.8720833333333333 0.6839762611275965 0.055 0.19732937685459942
0 0.6266666666666667 0.701780415430267 0.059166666666666666 0.31231454005934717
0 0.56375 0.7811572700296736 0.04708333333333333 0.26483679525222553
0 0.57125 0.7314540059347181 0.0625 0.3798219584569733