0 0.04946524064171123 0.22698412698412698 0.029411764705882353 0.1873015873015873
0 0.3088235294117647 0.22936507936507936 0.034759358288770054 0.18888888888888888
0 0.2825311942959002 0.08333333333333333 0.0196078431372549 0.1
0 0.32976827094474154 0.044444444444444446 0.016042780748663103 0.08253968253968254
0 0.2072192513368984 0.0865079365079365 0.01693404634581105 0.0746031746031746
0 0.3471479500891266 0.046031746031746035 0.01693404634581105 0.08253968253968254
0 0.35472370766488415 0.007936507936507936 0.0142602495543672 0.015873015873015872
0 0.30436720142602497 0.8317460317460318 0.1697860962566845 0.3357142857142857
0 0.5053475935828877 0.9126984126984127 0.07798573975044563 0.1634920634920635
0 0.6283422459893048 0.873015873015873 0.04322638146167558 0.06190476190476191
0 0.6724598930481284 0.8753968253968254 0.044563279857397504 0.03968253968253968