0 0.13080713280150164 0.09339799749687108 0.00656968559361802 0.04458698372966208
0 0.10605349601126232 0.10434918648310389 0.00680431722196152 0.062421777221526906
0 0.06745659314875645 0.10904255319148937 0.008681370248709526 0.07180851063829788
0 0.12341623650868137 0.16411138923654567 0.00973721257625528 0.05444305381727159
0 0.050797747536367906 0.04489987484355444 0.005044580009385265 0.024561952440550688
0 0.9419286719849835 0.09652690863579474 0.11614265603003285 0.16254693366708386
0 0.5260441107461286 0.19680851063829788 0.5523228531206007 0.3078848560700876
0 0.14171750351947443 0.6846057571964956 0.1968559361801971 0.2166770963704631
0 0.5829375879868607 0.6933667083854819 0.026184889723134763 0.08635794743429287
0 0.5824683247301736 0.6382978723404256 0.01867667761614274 0.052565707133917394
0 0.6071022993899577 0.6339173967459324 0.017275926794931982 0.057571964956195244
0 0.5960722665415298 0.6373591989987485 0.012287658376349106 0.06946182728410513
0 0.5878625058657907 0.6295369211514393 0.009943688409197585 0.06633291614518148
0 0.7621750351947443 0.6154568210262829 0.019659784138901914 0.04693366708385482
0 0.9444626935710935 0.6542553191489362 0.02486391365556083 0.044430538172715896
0 0.31572266541529803 0.6066958698372966 0.016269357109338373 0.045682102628285357