0 0.1490498812351544 0.3070824524312896 0.19982185273159145 0.38530655391120505
0 0.6505344418052257 0.3810782241014799 0.12975059382422802 0.23731501057082452
0 0.7541567695961995 0.38372093023255816 0.21823040380047506 0.23255813953488372
0 0.9851543942992874 0.8821353065539113 0.029691211401425176 0.2357293868921776
0 0.6333135391923991 0.8580866807610994 0.05641330166270784 0.23520084566596194
0 0.6630047505938242 0.735200845665962 0.05344418052256532 0.24841437632135308
0 0.958729216152019 0.9783298097251586 0.062351543942992874 0.04334038054968287
0 0.8485748218527316 0.9191331923890064 0.07125890736342043 0.16173361522198731
0 0.7734560570071259 0.5354122621564482 0.05760095011876484 0.0708245243128964
0 0.9738717339667459 0.5845665961945031 0.052256532066508314 0.16913319238900634
0 0.9851543942992874 0.5406976744186046 0.029691211401425176 0.08139534883720931