0 0.37033799533799533 0.19139004149377592 0.32022144522144524 0.3163900414937759
0 0.3103146853146853 0.1799792531120332 0.2229020979020979 0.29304979253112035
0 0.01252913752913753 0.08402489626556017 0.02505827505827506 0.07105809128630705
0 0.8948135198135199 0.20383817427385892 0.043414918414918416 0.13174273858921162
0 0.8295454545454546 0.23132780082987553 0.09090909090909091 0.0975103734439834
0 0.8499417249417249 0.15767634854771784 0.025932400932400932 0.14367219917012447
0 0.9216200466200466 0.16390041493775934 0.03496503496503497 0.15871369294605808
0 0.8921911421911422 0.12655601659751037 0.03409090909090909 0.09336099585062241
0 0.8208041958041958 0.18672199170124482 0.03817016317016317 0.10684647302904564
0 0.8187645687645687 0.12811203319502074 0.027972027972027972 0.09336099585062241
0 0.7730186480186481 0.1970954356846473 0.022727272727272728 0.08869294605809129
0 0.7543706293706294 0.19190871369294607 0.018648018648018648 0.09647302904564316
0 0.7817599067599068 0.1675311203319502 0.0236013986013986 0.15404564315352698
0 0.5716783216783217 0.20643153526970953 0.055652680652680656 0.14678423236514523
0 0.6646270396270396 0.23132780082987553 0.08886946386946387 0.10943983402489627
0 0.6675407925407926 0.1970954356846473 0.057692307692307696 0.12448132780082988
0 0.692016317016317 0.1696058091286307 0.027972027972027972 0.14056016597510373
0 0.7234848484848485 0.16441908713692946 0.037296037296037296 0.14522821576763487
0 0.7523310023310024 0.1696058091286307 0.037296037296037296 0.14056016597510373
0 0.6226689976689976 0.1716804979253112 0.04224941724941725 0.15975103734439833
0 0.5964452214452215 0.16649377593360995 0.030885780885780884 0.16130705394190872
0 0.2703962703962704 0.9201244813278008 0.05827505827505827 0.15975103734439833
0 0.22377622377622378 0.4953319502074689 0.05536130536130536 0.1400414937759336
0 0.418997668997669 0.9564315352697096 0.06993006993006994 0.08713692946058091
0 0.49256993006993005 0.5471991701244814 0.056818181818181816 0.2074688796680498
0 0.42555361305361306 0.5095954356846473 0.056818181818181816 0.22562240663900415
0 0.36946386946386944 0.47977178423236516 0.043706293706293704 0.1970954356846473
0 0.3374125874125874 0.47199170124481327 0.05244755244755245 0.19190871369294607
0 0.2980769230769231 0.4512448132780083 0.05244755244755245 0.19190871369294607
0 0.2937062937062937 0.6353734439834025 0.05536130536130536 0.22302904564315354
0 0.275495337995338 0.5692427385892116 0.04807692307692308 0.1841286307053942
0 0.059877622377622376 0.6327800829875518 0.056818181818181816 0.21265560165975103
0 0.046765734265734264 0.4758817427385892 0.04516317016317016 0.1841286307053942
0 0.08886946386946387 0.43516597510373445 0.03671328671328671 0.17116182572614108
0 0.006118881118881119 0.4315352697095436 0.012237762237762238 0.16390041493775934