0 0.17094017094017094 0.3292181069958848 0.16666666666666666 0.21810699588477367
0 0.32371794871794873 0.33127572016460904 0.16025641025641027 0.2139917695473251
0 0.40384615384615385 0.3148148148148148 0.06837606837606838 0.205761316872428
0 0.248034188034188 0.27238683127572016 0.09861111111111107 0.1677777777777777
0 0.11160256410256408 0.22650205761316874 0.06903846153846155 0.0981275720164609
0 0.21901709401709402 0.7191358024691358 0.43803418803418803 0.5617283950617284
0 0.719017094017094 0.7386831275720165 0.561965811965812 0.522633744855967
0 0.44871794871794873 0.46502057613168724 0.021367521367521368 0.053497942386831275
0 0.47649572649572647 0.4670781893004115 0.05555555555555555 0.05761316872427984
0 0.8076923076923077 0.48559670781893005 0.04700854700854701 0.08641975308641975
0 0.7521367521367521 0.4732510288065844 0.042735042735042736 0.06995884773662552
0 0.7200854700854701 0.47016460905349794 0.029914529914529916 0.06378600823045268
0 0.5512820512820513 0.46399176954732513 0.038461538461538464 0.051440329218107
0 0.592948717948718 0.4660493827160494 0.0405982905982906 0.05555555555555555