0 0.08389830508474576 0.1510574018126888 0.11398305084745762 0.2583081570996979
0 0.20847457627118643 0.14123867069486404 0.10423728813559321 0.2673716012084592
0 0.33220338983050846 0.14425981873111782 0.1266949152542373 0.2590634441087613
0 0.6661016949152543 0.17673716012084592 0.23177966101694916 0.26586102719033233
0 0.8016949152542373 0.1797583081570997 0.1690677966101695 0.2583081570996979
0 0.9139830508474577 0.17371601208459214 0.17203389830508475 0.2719033232628399
0 0.9766949152542372 0.6087613293051359 0.046610169491525424 0.5981873111782477
0 0.6025423728813559 0.7009063444108762 0.10508474576271186 0.486404833836858
0 0.6902542372881356 0.6978851963746223 0.11101694915254237 0.39274924471299094
0 0.9072033898305085 0.6200906344410876 0.1228813559322034 0.620845921450151
0 0.763135593220339 0.68202416918429 0.11949152542372882 0.4425981873111782
0 0.823728813559322 0.6616314199395771 0.09152542372881356 0.4350453172205438
0 0.614406779661017 0.4425981873111782 0.07796610169491526 0.1419939577039275
0 0.7050847457627119 0.4811178247734139 0.06271186440677966 0.22205438066465258