0 0.30234553775743706 0.2540733197556008 0.16475972540045766 0.35081466395112015
0 0.9233409610983981 0.21486761710794297 0.15331807780320367 0.42973523421588594
0 0.47168192219679633 0.21486761710794297 0.14359267734553777 0.42973523421588594
0 0.8074942791762014 0.21486761710794297 0.16533180778032036 0.42973523421588594
0 0.6787757437070938 0.21486761710794297 0.14588100686498856 0.42973523421588594
0 0.5666475972540046 0.21486761710794297 0.13787185354691076 0.42973523421588594
0 0.363558352402746 0.9338085539714868 0.05434782608695652 0.13238289205702647
0 0.334954233409611 0.8630346232179226 0.05148741418764302 0.23930753564154786
0 0.2725972540045767 0.445010183299389 0.05320366132723112 0.03054989816700611
0 0.2584382151029748 0.5498981670061099 0.052917620137299774 0.18839103869653767
0 0.18335240274599543 0.6835539714867617 0.06292906178489703 0.23676171079429736
0 0.02002288329519451 0.6374745417515275 0.04004576659038902 0.24643584521384929
0 0.02145308924485126 0.5025458248472505 0.04290617848970252 0.1395112016293279
0 0.1204233409610984 0.6084521384928717 0.04290617848970252 0.17820773930753564
0 0.07966247139588101 0.5957230142566191 0.041475972540045765 0.1985743380855397
0 0.16390160183066363 0.45417515274949083 0.041762013729977114 0.048879837067209775
0 0.12471395881006865 0.44908350305498984 0.034324942791762014 0.038696537678207736
0 0.0929633867276888 0.45672097759674135 0.03718535469107551 0.0539714867617108
0 0.060354691075514874 0.9531568228105907 0.060068649885583525 0.09368635437881874
0 0.1324370709382151 0.9175152749490835 0.06464530892448513 0.164969450101833