0 0.23636363636363636 0.1435361216730038 0.22085561497326203 0.2390684410646388
0 0.5877005347593582 0.18250950570342206 0.17647058823529413 0.13450570342205323
0 0.8385026737967914 0.2029467680608365 0.3229946524064171 0.10693916349809886
0 0.31483957219251335 0.8583650190114068 0.05748663101604278 0.21863117870722434
0 0.2697860962566845 0.3265209125475285 0.05080213903743316 0.094106463878327
0 0.22112299465240642 0.3916349809885932 0.04438502673796792 0.22433460076045628
0 0.21844919786096256 0.30370722433460073 0.04438502673796792 0.04847908745247148
0 0.15294117647058825 0.8826045627376425 0.052406417112299465 0.23479087452471484
0 0.11163101604278075 0.7288498098859315 0.05481283422459893 0.2352661596958175
0 0.17580213903743316 0.7953897338403042 0.05748663101604278 0.22576045627376426
0 0.12085561497326203 0.35361216730038025 0.04171122994652406 0.1482889733840304
0 0.15775401069518716 0.3512357414448669 0.0481283422459893 0.1435361216730038
0 0.0058823529411764705 0.3369771863117871 0.011764705882352941 0.1150190114068441
0 0.2533422459893048 0.7347908745247148 0.04946524064171123 0.19961977186311788
0 0.2446524064171123 0.4519961977186312 0.0374331550802139 0.20437262357414449
0 0.424331550802139 0.49572243346007605 0.03048128342245989 0.1967680608365019
0 0.4203208556149733 0.36216730038022815 0.038502673796791446 0.16539923954372623
0 0.4288770053475936 0.32271863117870725 0.0213903743315508 0.08650190114068441
0 0.8783422459893048 0.7081749049429658 0.021925133689839574 0.09695817490494296
0 0.939572192513369 0.7010456273764258 0.019518716577540108 0.08317490494296578
0 0.9251336898395722 0.7110266159695817 0.022994652406417113 0.08697718631178707
0 0.8125668449197861 0.6962927756653993 0.019518716577540108 0.08127376425855513
0 0.8016042780748663 0.6920152091254753 0.013903743315508022 0.08887832699619772