0 0.1576923076923077 0.22254901960784312 0.29010989010989013 0.4137254901960784
0 0.21208791208791208 0.19705882352941176 0.2021978021978022 0.3627450980392157
0 0.4796703296703297 0.0784313725490196 0.01868131868131868 0.08823529411764706
0 0.5467032967032966 0.7774509803921569 0.11538461538461539 0.44509803921568625
0 0.9285714285714286 0.765686274509804 0.14285714285714285 0.46862745098039216
0 0.6637362637362637 0.7705882352941177 0.16703296703296702 0.4588235294117647
0 0.8043956043956044 0.7598039215686274 0.15384615384615385 0.4803921568627451
0 0.9516483516483516 0.5568627450980392 0.0967032967032967 0.2549019607843137
0 0.5510989010989011 0.5676470588235294 0.11758241758241758 0.27647058823529413
0 0.6554945054945055 0.5656862745098039 0.33076923076923076 0.2725490196078431
0 0.8725274725274725 0.5529411764705883 0.09010989010989011 0.24705882352941178
0 0.7318681318681318 0.5803921568627451 0.09230769230769231 0.2549019607843137
0 0.8747252747252747 0.7147058823529412 0.0989010989010989 0.5705882352941176
0 0.734065934065934 0.707843137254902 0.09010989010989011 0.5098039215686274
0 0.656043956043956 0.5696078431372549 0.16043956043956045 0.2372549019607843