0 0.2957671957671958 0.2857815442561205 0.17989417989417988 0.3771186440677966
0 0.49444444444444446 0.5051789077212806 0.0291005291005291 0.051789077212806026
0 0.7698412698412699 0.6162900188323918 0.05026455026455026 0.1271186440677966
0 0.7215608465608465 0.69515065913371 0.04365079365079365 0.2283427495291902
0 0.718915343915344 0.5703860640301318 0.04365079365079365 0.12947269303201506
0 0.9542328042328042 0.4971751412429379 0.028042328042328042 0.035781544256120526
0 0.9198412698412698 0.5263653483992468 0.035449735449735446 0.09416195856873823
0 0.7731481481481481 0.762241054613936 0.046296296296296294 0.19303201506591336
0 0.6962962962962963 0.9505649717514124 0.05185185185185185 0.09887005649717515
0 0.6169312169312169 0.9232580037664784 0.05396825396825397 0.1534839924670433
0 0.5601851851851852 0.8046139359698682 0.051587301587301584 0.22598870056497175
0 0.9701058201058201 0.5583804143126178 0.03333333333333333 0.15819209039548024
0 0.9806878306878307 0.6346516007532956 0.038624338624338624 0.17890772128060264
0 0.9398148148148148 0.6374764595103578 0.03571428571428571 0.1694915254237288
0 0.9126984126984127 0.7080979284369114 0.03968253968253968 0.17890772128060264
0 0.9186507936507936 0.8622881355932204 0.046296296296296294 0.2189265536723164
0 0.6256613756613757 0.6998587570621468 0.042328042328042326 0.17184557438794726
0 0.6666666666666666 0.6869114877589454 0.037037037037037035 0.18832391713747645
0 0.5838624338624339 0.5310734463276836 0.043915343915343914 0.10357815442561205
0 0.6182539682539683 0.5254237288135594 0.040740740740740744 0.09227871939736347
0 0.6473544973544973 0.5324858757062146 0.038624338624338624 0.1064030131826742
0 0.8920634920634921 0.5287193973634652 0.03597883597883598 0.09887005649717515