0 0.34641068447412354 0.37092731829573933 0.17237061769616027 0.4830827067669173
0 0.7232888146911519 0.3132832080200501 0.11268781302170283 0.17418546365914786
0 0.9657762938230384 0.32644110275689225 0.06051752921535893 0.12218045112781954
0 0.8944073455759599 0.32142857142857145 0.07846410684474124 0.14285714285714285
0 0.906093489148581 0.14097744360902256 0.09557595993322204 0.2669172932330827
0 0.7266277128547579 0.12406015037593984 0.048414023372287146 0.09649122807017543
0 0.6101836393989983 0.18734335839598998 0.06552587646076795 0.2593984962406015
0 0.5651085141903172 0.12343358395989974 0.03714524207011686 0.18734335839598998
0 0.08764607679465776 0.8095238095238095 0.17529215358931552 0.38095238095238093
0 0.27879799666110183 0.8095238095238095 0.15025041736227046 0.38095238095238093
0 0.3443238731218698 0.8095238095238095 0.10767946577629382 0.38095238095238093
0 0.18447412353923207 0.8095238095238095 0.1335559265442404 0.38095238095238093
0 0.02963272120200334 0.8095238095238095 0.05926544240400668 0.38095238095238093
0 0.7441569282136895 0.8114035087719298 0.21619365609348914 0.2412280701754386
0 0.5217028380634391 0.9154135338345865 0.025041736227045076 0.15726817042606517
0 0.7575125208681135 0.9636591478696742 0.12687813021702837 0.07268170426065163