0 0.4699312714776632 0.26890034364261167 0.06357388316151202 0.04209621993127148
0 0.3487972508591065 0.27835051546391754 0.11512027491408934 0.09621993127147767
0 0.5670103092783505 0.2809278350515464 0.06786941580756013 0.08848797250859107
0 0.6451890034364262 0.2860824742268041 0.04639175257731959 0.08075601374570447
0 0.12800687285223367 0.3024054982817869 0.059278350515463915 0.05670103092783505
0 0.007731958762886598 0.31443298969072164 0.015463917525773196 0.0506872852233677
0 0.834192439862543 0.2345360824742268 0.3316151202749141 0.4690721649484536
0 0.988831615120275 0.6984536082474226 0.022336769759450172 0.14261168384879724
0 0.9201030927835051 0.7053264604810997 0.04982817869415808 0.11855670103092783
0 0.8711340206185567 0.7001718213058419 0.030927835051546393 0.12199312714776632
0 0.6726804123711341 0.6838487972508591 0.00859106529209622 0.08934707903780069
0 0.7379725085910653 0.7646048109965635 0.13917525773195877 0.35051546391752575
0 0.9690721649484536 0.7001718213058419 0.037800687285223365 0.13573883161512026