0 0.22486187845303868 0.18467583497053044 0.44972375690607735 0.3693516699410609
0 0.28895027624309394 0.21611001964636542 0.08397790055248619 0.13654223968565815
0 0.8660220994475138 0.14292730844793713 0.17679558011049723 0.28536345776031435
0 0.9754143646408839 0.039783889980353634 0.049171270718232046 0.07956777996070727
0 0.24779005524861877 0.943516699410609 0.05359116022099448 0.11296660117878192
0 0.375 0.5326620825147348 0.05662983425414365 0.2038310412573674
0 0.3404696132596685 0.505648330058939 0.04281767955801105 0.2087426326129666
0 0.34502762430939227 0.4022593320235756 0.052486187845303865 0.06581532416502947
0 0.2907458563535912 0.42460707269155207 0.03729281767955801 0.1055992141453831
0 0.3287292817679558 0.8543713163064833 0.052486187845303865 0.2431237721021611
0 0.125 0.5007367387033399 0.04834254143646409 0.19891944990176819
0 0.14751381215469614 0.4243614931237721 0.03867403314917127 0.1100196463654224
0 0.15939226519337016 0.39636542239685657 0.029281767955801105 0.054027504911591355
0 0.08480662983425415 0.4243614931237721 0.037016574585635356 0.1100196463654224
0 0.05580110497237569 0.40962671905697445 0.032044198895027624 0.08055009823182711
0 0.42265193370165743 0.4111001964636542 0.04419889502762431 0.08349705304518663
0 0.38729281767955803 0.4111001964636542 0.039779005524861875 0.08349705304518663
0 0.5607734806629834 0.862475442043222 0.05359116022099448 0.275049115913556
0 0.6558011049723756 0.8010805500982319 0.04143646408839779 0.12917485265225934
0 0.6215469613259669 0.8988212180746562 0.10359116022099447 0.20235756385068762
0 0.7400552486187846 0.7892927308447937 0.031767955801104975 0.1031434184675835