0 0.05398230088495575 0.22555205047318613 0.023451327433628318 0.11198738170347003
0 0.0668141592920354 0.1892744479495268 0.017256637168141593 0.033123028391167195
0 0.11902654867256637 0.1971608832807571 0.033628318584070796 0.10962145110410094
0 0.1491150442477876 0.23501577287066247 0.023893805309734513 0.11435331230283911
0 0.15973451327433627 0.13643533123028392 0.036283185840707964 0.07649842271293375
0 0.184070796460177 0.16561514195583596 0.026991150442477876 0.08517350157728706
0 0.6380530973451327 0.17113564668769715 0.06902654867256637 0.12302839116719243
0 0.1831858407079646 0.5307570977917981 0.07079646017699115 0.12460567823343849
0 0.6876106194690266 0.6285488958990536 0.07256637168141593 0.19006309148264985
0 0.7168141592920354 0.5883280757097792 0.04026548672566372 0.10646687697160884
0 0.95 0.5875394321766562 0.031415929203539826 0.057570977917981075