0 0.26796875 0.1909722222222222 0.055859375 0.1125
0 0.469921875 0.16666666666666666 0.028515625 0.075
0 0.490234375 0.13541666666666666 0.012109375 0.024305555555555556
0 0.31328125 0.13194444444444445 0.015625 0.027777777777777776
0 0.451171875 0.12222222222222222 0.01171875 0.013194444444444444
0 0.411328125 0.1284722222222222 0.015625 0.015277777777777777
0 0.521875 0.1451388888888889 0.0046875 0.0763888888888889
0 0.531640625 0.14722222222222223 0.01640625 0.075
0 0.323828125 0.5618055555555556 0.158984375 0.26805555555555555
0 0.698828125 0.78125 0.135546875 0.23541666666666666
0 0.561328125 0.7479166666666667 0.08359375 0.3020833333333333
0 0.850390625 0.6236111111111111 0.109375 0.6229166666666667
0 0.953125 0.8069444444444445 0.09375 0.15069444444444444