0 0.21616809116809116 0.4987333755541482 0.0300332383665717 0.14265357821405952
0 0.1785375118708452 0.467701076630779 0.027540360873694207 0.12967067764407852
0 0.11585944919278253 0.4683343888537049 0.018874643874643875 0.10940468651044966
0 0.1103988603988604 0.32773907536415453 0.016975308641975308 0.07995566814439518
0 0.3797483380816714 0.4312856238125396 0.02647198480531814 0.09974667511082964
0 0.41452991452991456 0.39202026599113365 0.018518518518518517 0.09895503483217226
0 0.03786799620132954 0.28039898670044333 0.016144349477682812 0.0630145661811273
0 0.05733618233618234 0.27454084863837874 0.013770180436847104 0.06412286257124762
0 0.06968186134852801 0.2707409753008233 0.014482431149097816 0.056839772007599744
0 0.02564102564102564 0.23939202026599113 0.013532763532763533 0.05525649145028499
0 0.007478632478632479 0.3609879670677644 0.014957264957264958 0.09309689677010766
0 0.10588793922127256 0.23527549081697277 0.014007597340930674 0.06111462951234959
0 0.06742640075973409 0.21516782773907536 0.013414055080721748 0.03942368587713743
0 0.10909306742640076 0.17305256491450285 0.007597340930674264 0.046390120329322354
0 0.12523741690408358 0.15864471184293857 0.009140550807217474 0.02818239392020266
0 0.07158119658119658 0.16592780240658644 0.009021842355175688 0.03483217226092464
0 0.08202754036087369 0.15943635212159596 0.008784425451092117 0.035148828372387586
0 0.12357549857549857 0.1271374287523749 0.00949667616334283 0.02929069031032299
0 0.13295346628679963 0.10117162761241293 0.014126305792972459 0.02311589613679544
0 0.1372269705603039 0.06792273590880304 0.007241215574548908 0.023432552248258392
0 0.13034188034188035 0.07188093730208993 0.005341880341880342 0.015357821405953135
0 0.09888414055080721 0.12127929069031032 0.011752136752136752 0.025807473084230526
0 0.08345204178537512 0.16244458518049398 0.010802469135802469 0.046390120329322354
0 0.073005698005698 0.16086130462317924 0.014245014245014245 0.04084863837872071
0 0.5627967711301045 0.3915452818239392 0.016025641025641024 0.055098163394553513
0 0.539292497625831 0.4273274224192527 0.030982905982905984 0.09705509816339455
0 0.5131766381766382 0.3584547181760608 0.01127730294396961 0.07188093730208993
0 0.491690408357075 0.3489550348321723 0.02255460588793922 0.07172260924635845
0 0.48836657169990505 0.32045598480050663 0.016263057929724597 0.03229892336922103
0 0.5294396961063628 0.3305889803673211 0.01638176638176638 0.02929069031032299
0 0.4553656220322887 0.20978467384420518 0.017568850902184234 0.060956301456618116
0 0.49928774928774927 0.2202343255224826 0.01436372269705603 0.03356554781507283
0 0.007478632478632479 0.1746358454718176 0.014957264957264958 0.03879037365421153
0 0.06908831908831908 0.08454718176060798 0.012464387464387465 0.035148828372387586
0 0.045584045584045586 0.11399620012666245 0.012464387464387465 0.03404053198226726
0 0.1128917378917379 0.09325522482583914 0.013176638176638177 0.01773274224192527
0 0.10078347578347578 0.07362254591513616 0.013888888888888888 0.016149461684610514
0 0.3658594491927825 0.13806206459784673 0.011989553656220323 0.035148828372387586
0 0.3765432098765432 0.13552881570614314 0.0048670465337132 0.025015832805573148
0 0.41417378917378916 0.12476250791640278 0.010446343779677113 0.026124129195693478
0 0.4400522317188984 0.11763774540848639 0.005816714150047484 0.015832805573147563
0 0.40645773979107314 0.11209626345788473 0.00949667616334283 0.020740975300823306
0 0.40384615384615385 0.09531348955034832 0.01590693257359924 0.02200759974667511
0 0.4571462488129155 0.15452818239392022 0.015194681861348529 0.02786573780873971
0 0.7858499525166192 0.3150728309056365 0.28110161443494774 0.26630778974034197
0 0.5111585944919278 0.6258708043065231 0.023741690408357077 0.07188093730208993
0 0.44764957264957267 0.6374287523749208 0.026353276353276354 0.09499683343888538
0 0.29653371320037986 0.629512349588347 0.02184235517568851 0.07916402786573781
0 0.2674501424501424 0.636795440151995 0.03110161443494777 0.09373020899303357
0 0.7084520417853751 0.9434768841038632 0.04083570750237417 0.11304623179227359
0 0.7154558404558404 0.9303356554781508 0.019112060778727444 0.07267257758074731