0 0.38373655913978494 0.3786531130876747 0.025537634408602152 0.2420584498094028
0 0.37231182795698925 0.37833545108005084 0.016129032258064516 0.22490470139771285
0 0.3709677419354839 0.2525412960609911 0.01881720430107527 0.03589580686149937
0 0.5799731182795699 0.3872299872935197 0.17069892473118278 0.3653113087674714
0 0.8400537634408602 0.3443456162642948 0.18548387096774194 0.45108005082592123
0 0.8044354838709677 0.3344980940279543 0.23319892473118278 0.4707750952986023
0 0.47647849462365593 0.3624523506988564 0.01478494623655914 0.22935196950444728
0 0.27486559139784944 0.829415501905972 0.22311827956989247 0.3411689961880559
0 0.1827956989247312 0.8287801778907242 0.2110215053763441 0.34243964421855144
0 0.09475806451612903 0.7322109275730623 0.05846774193548387 0.27573062261753495
0 0.14180107526881722 0.7411054637865311 0.05309139784946237 0.2909783989834816
0 0.2163978494623656 0.6728081321473952 0.061155913978494625 0.18456162642947904
0 0.36223118279569894 0.690279542566709 0.06317204301075269 0.21982210927573062
0 0.7573924731182796 0.8284625158831004 0.4852150537634409 0.34307496823379924