0 0.10065320665083136 0.2938689217758985 0.04809976247030879 0.32822410147991543
0 0.15261282660332542 0.28594080338266387 0.04453681710213777 0.36627906976744184
0 0.22238717339667458 0.11839323467230443 0.020486935866983372 0.0660676532769556
0 0.2375296912114014 0.27801268498942916 0.04631828978622328 0.38266384778012685
0 0.32125890736342044 0.19080338266384778 0.04631828978622328 0.21723044397463
0 0.3601543942992874 0.10042283298097252 0.022862232779097387 0.06976744186046512
0 0.3747030878859858 0.290169133192389 0.04631828978622328 0.34725158562367864
0 0.44358669833729214 0.2748414376321353 0.011876484560570071 0.3890063424947146
0 0.41538004750593827 0.1543340380549683 0.016033254156769598 0.11997885835095137
0 0.38568883610451304 0.11733615221987315 0.01989311163895487 0.06818181818181818
0 0.3999406175771972 0.12790697674418605 0.008016627078384799 0.033298097251585626
0 0.47119952494061756 0.22780126849894292 0.04334916864608076 0.4408033826638478
0 0.8392102137767221 0.14732558139534885 0.052636579572446614 0.23225158562367867
0 0.47327790973871736 0.08139534883720931 0.047505938242280284 0.16279069767441862
0 0.7191152019002376 0.0841860465116279 0.03154988123515446 0.11539112050739966
0 0.13657957244655583 0.7346723044397463 0.2690023752969121 0.5306553911205074
0 0.6796318289786223 0.7753699788583509 0.3081947743467934 0.4492600422832981