0 0.3724598930481283 0.3464828897338403 0.02459893048128342 0.2276615969581749
0 0.36122994652406415 0.3464828897338403 0.015775401069518715 0.2115019011406844
0 0.3598930481283422 0.22813688212927757 0.017914438502673796 0.03374524714828897
0 0.9660427807486631 0.33935361216730037 0.0679144385026738 0.376425855513308
0 0.8885026737967915 0.3369771863117871 0.08262032085561498 0.38165399239543724
0 0.8144385026737968 0.3269961977186312 0.07459893048128342 0.404467680608365
0 0.7644385026737968 0.31653992395437264 0.18128342245989304 0.42585551330798477
0 0.6564171122994652 0.33365019011406843 0.06898395721925134 0.3911596958174905
0 0.5719251336898395 0.30085551330798477 0.12459893048128343 0.45722433460076045
0 0.48877005347593583 0.2647338403041825 0.07807486631016043 0.529467680608365
0 0.8874331550802139 0.5636882129277566 0.02406417112299465 0.06844106463878327
0 0.924331550802139 0.5684410646387833 0.022994652406417113 0.0779467680608365
0 0.7508021390374332 0.5731939163498099 0.02459893048128342 0.08745247148288973
0 0.7818181818181819 0.5750950570342205 0.026737967914438502 0.09125475285171103
0 0.8489304812834224 0.8607414448669202 0.06577540106951872 0.2785171102661597