0 0.5416666666666666 0.2006172839506173 0.07899305555555555 0.2183641975308642
0 0.6089409722222222 0.20601851851851852 0.04079861111111111 0.18904320987654322
0 0.4409722222222222 0.20679012345679013 0.05251736111111111 0.18132716049382716
0 0.4123263888888889 0.19753086419753085 0.027777777777777776 0.10648148148148148
0 0.3307291666666667 0.18287037037037038 0.042534722222222224 0.1427469135802469
0 0.29296875 0.20679012345679013 0.041666666666666664 0.16203703703703703
0 0.22786458333333334 0.30169753086419754 0.08680555555555555 0.33487654320987653
0 0.22960069444444445 0.12962962962962962 0.022569444444444444 0.02700617283950617
0 0.2183159722222222 0.12885802469135801 0.022569444444444444 0.033950617283950615
0 0.1753472222222222 0.12808641975308643 0.04296875 0.04552469135802469
0 0.17708333333333334 0.24228395061728394 0.05685763888888889 0.1882716049382716
0 0.09461805555555555 0.2191358024691358 0.044270833333333336 0.1736111111111111
0 0.03732638888888889 0.1095679012345679 0.03602430555555555 0.043209876543209874
0 0.05555555555555555 0.1705246913580247 0.03211805555555555 0.1087962962962963
0 0.020399305555555556 0.1705246913580247 0.04079861111111111 0.08873456790123457
0 0.023003472222222224 0.3256172839506173 0.04600694444444445 0.28703703703703703
0 0.21006944444444445 0.09104938271604938 0.014756944444444444 0.043209876543209874
0 0.12065972222222222 0.09722222222222222 0.016493055555555556 0.0470679012345679
0 0.1410590277777778 0.09182098765432099 0.013454861111111112 0.04861111111111111
0 0.17317708333333334 0.08950617283950617 0.017361111111111112 0.03009259259259259
0 0.1558159722222222 0.09104938271604938 0.009548611111111112 0.034722222222222224
0 0.8042534722222222 0.43441358024691357 0.06684027777777778 0.06944444444444445
0 0.6912065972222222 0.08570987654320988 0.025451388888888933 0.1554783950617284
0 0.65234375 0.25771604938271603 0.04600694444444445 0.2006172839506173
0 0.16145833333333334 0.7908950617283951 0.3229166666666667 0.4182098765432099
0 0.3168402777777778 0.7808641975308642 0.2222222222222222 0.4382716049382716
0 0.6028645833333334 0.5262345679012346 0.051215277777777776 0.11419753086419752
0 0.7947048611111112 0.8557098765432098 0.1154513888888889 0.28858024691358025
0 0.9423263888888889 0.580925925925926 0.04532118055555559 0.1817283950617284