0 0.27282157676348545 0.11805555555555555 0.03112033195020747 0.1361111111111111
0 0.24603734439834027 0.1421388888888889 0.03367219917012452 0.15711111111111112
0 0.1908713692946058 0.24583333333333332 0.07053941908713693 0.3472222222222222
0 0.1946265560165975 0.06752777777777778 0.018464730290456383 0.026416666666666682
0 0.1854149377593361 0.06669444444444445 0.018423236514522812 0.03299999999999999
0 0.15066390041493777 0.06608333333333333 0.035020746887966796 0.0441111111111111
0 0.15182572614107886 0.17711111111111114 0.04624481327800834 0.18263888888888888
0 0.08504149377593363 0.15438888888888888 0.035912863070539425 0.16883333333333334
0 0.0386099585062241 0.04838888888888889 0.02912863070539423 0.04163888888888888
0 0.05329875518672199 0.10705555555555556 0.02603734439834027 0.10544444444444442
0 0.01970954356846473 0.10694444444444444 0.03941908713692946 0.08611111111111111
0 0.022821576763485476 0.26666666666666666 0.04564315352697095 0.29444444444444445
0 0.17871369294605807 0.03008333333333333 0.012116182572614057 0.04202777777777777
0 0.10609958506224064 0.03583333333333333 0.013485477178423237 0.04533333333333335
0 0.12278008298755189 0.030694444444444437 0.010871369294605828 0.0473888888888889
0 0.14890041493775935 0.02894444444444445 0.013962655601659789 0.02947222222222222
0 0.1347510373443983 0.03008333333333333 0.007800829875518654 0.03380555555555556
0 0.6908713692946058 0.20972222222222223 0.6182572614107884 0.41944444444444445
0 0.3817427385892116 0.20972222222222223 0.18672199170124482 0.41944444444444445
0 0.3848547717842324 0.7166666666666667 0.19294605809128632 0.5666666666666667