0 0.6668478260869565 0.2374274661508704 0.051630434782608696 0.13056092843326886
0 0.8339673913043478 0.4308510638297872 0.06521739130434782 0.2079303675048356
0 0.4592391304347826 0.3617021276595745 0.058695652173913045 0.22437137330754353
0 0.6491847826086956 0.3861218568665377 0.04076086956521739 0.20067698259187622
0 0.6172554347826087 0.3184235976789168 0.04483695652173913 0.23452611218568664
0 0.6145380434782609 0.19028046421663444 0.04483695652173913 0.13297872340425532
0 0.51875 0.29061895551257255 0.04076086956521739 0.16924564796905223
0 0.5574728260869565 0.27852998065764023 0.03940217391304348 0.1885880077369439
0 0.47730978260869567 0.09115087040618955 0.03940217391304348 0.15232108317214701
0 0.5146739130434783 0.07906189555125726 0.03260869565217391 0.15715667311411993
0 0.5445652173913044 0.08752417794970986 0.035326086956521736 0.16924564796905223
0 0.8210597826086956 0.29061895551257255 0.033967391304347824 0.18375241779497098
0 0.8400815217391304 0.23380077369439073 0.03940217391304348 0.16199226305609285
0 0.8665760869565218 0.2096228239845261 0.03260869565217391 0.18617021276595744
0 0.8883152173913044 0.17093810444874274 0.029891304347826088 0.1764990328820116
0 0.8563858695652173 0.08389748549323017 0.028532608695652172 0.09912959381044488
0 0.8210597826086956 0.12379110251450677 0.036684782608695655 0.1402321083172147
0 0.7857336956521739 0.12741779497098646 0.033967391304347824 0.18133462282398452
0 0.8529891304347826 0.044003868471953575 0.029891304347826088 0.08704061895551257
0 0.4182065217391304 0.9347195357833655 0.023369565217391305 0.13056092843326886
0 0.01847826086956522 0.8293036750483559 0.03695652173913044 0.21566731141199227
0 0.03831521739130435 0.7171179883945842 0.04891304347826087 0.22727272727272727
0 0.18206521739130435 0.6092843326885881 0.059782608695652176 0.09864603481624758
0 0.37255434782608693 0.6155705996131529 0.04076086956521739 0.11121856866537717
0 0.3404891304347826 0.5899419729206963 0.045108695652173916 0.059961315280464215
0 0.23057065217391304 0.8053675048355899 0.06114130434782609 0.22969052224371372
0 0.3154891304347826 0.910541586073501 0.057065217391304345 0.17891682785299806
0 0.30394021739130433 0.8392166344294004 0.05298913043478261 0.1958413926499033