0 0.9556384742951907 0.21475770925110133 0.08872305140961857 0.42951541850220265
0 0.6637645107794361 0.21585903083700442 0.16749585406301823 0.29019823788546256
0 0.7325870646766169 0.10407488986784141 0.06674958540630183 0.14757709251101322
0 0.7980928689883914 0.21035242290748898 0.09203980099502487 0.15748898678414097
0 0.8706467661691543 0.18226872246696035 0.1214759535655058 0.14262114537444934
0 0.9009121061359867 0.1762114537444934 0.08208955223880597 0.1183920704845815
0 0.21359867330016585 0.8934471365638766 0.02654228855721392 0.10407488986784141
0 0.37184908789386406 0.8594933920704847 0.019693200663349918 0.04172907488986782
0 0.35197346600331675 0.8646035242290748 0.015207296849088014 0.02594713656387659
0 0.6285240464344942 0.4697136563876652 0.01824212271973466 0.08039647577092511
0 0.6048922056384743 0.4779735682819383 0.019071310116086235 0.07709251101321586