0 0.09368131868131868 0.29296875 0.08846153846153847 0.27490234375
0 0.6178571428571429 0.351318359375 0.0521978021978022 0.21728515625
0 0.6453296703296704 0.23779296875 0.04945054945054945 0.2294921875
0 0.9508241758241758 0.06982421875 0.0456043956043956 0.1396484375
0 0.9901098901098901 0.095703125 0.01978021978021978 0.19140625
0 0.9873626373626374 0.40625 0.025274725274725275 0.224609375
0 0.9440934065934066 0.466064453125 0.059065934065934064 0.27099609375
0 0.9248626373626374 0.356201171875 0.05357142857142857 0.24169921875
0 0.842445054945055 0.2939453125 0.05631868131868132 0.2294921875
0 0.7833791208791209 0.13525390625 0.05357142857142857 0.234375
0 0.8510989010989011 0.0576171875 0.04395604395604396 0.115234375
0 0.893956043956044 0.05517578125 0.038461538461538464 0.1103515625
0 0.2651098901098901 0.82470703125 0.1706043956043956 0.306640625
0 0.9695054945054945 0.97119140625 0.05879120879120879 0.0576171875
0 0.5582417582417583 0.896484375 0.016483516483516484 0.20703125
0 0.5711538461538461 0.78857421875 0.04230769230769231 0.2294921875
0 0.8733516483516484 0.64990234375 0.0456043956043956 0.0810546875
0 0.926923076923077 0.67578125 0.04835164835164835 0.1328125
0 0.9178571428571428 0.92236328125 0.04120879120879121 0.1552734375
0 0.8664835164835165 0.9404296875 0.05934065934065934 0.119140625
0 0.8472527472527472 0.89306640625 0.05384615384615385 0.2138671875
0 0.7649725274725274 0.8447265625 0.05631868131868132 0.2294921875
0 0.7057692307692308 0.7060546875 0.053296703296703295 0.193359375
0 0.7736263736263737 0.6376953125 0.04395604395604396 0.056640625
0 0.8164835164835165 0.63525390625 0.038461538461538464 0.0517578125