0 0.7543275632490013 0.06701183431952663 0.016311584553928095 0.07411242603550296
0 0.7536617842876165 0.03343195266272189 0.015867731913004883 0.06671597633136095
0 0.7316910785619174 0.3590236686390533 0.01875277407900577 0.14215976331360947
0 0.7215934309809143 0.43550295857988164 0.020861074123391034 0.15606508875739644
0 0.8801597869507324 0.5343195266272189 0.019862405681313804 0.14363905325443788
0 0.8333333333333334 0.23920118343195265 0.020861074123391034 0.1282544378698225
0 0.8460940967598757 0.22233727810650888 0.01575676875277408 0.13136094674556212
0 0.8443186861961829 0.1257396449704142 0.019307589880159785 0.10502958579881656
0 0.8644030181979583 0.171301775147929 0.013759431868619618 0.06642011834319526
0 0.7917221482467821 0.10798816568047337 0.019862405681313804 0.1220414201183432
0 0.758433200177541 0.5807692307692308 0.026409232134931203 0.13846153846153847
0 0.7896138482023968 0.22766272189349113 0.021859742565468264 0.1297337278106509
0 0.7939414114513982 0.5497041420118344 0.027407900577008433 0.17144970414201183
0 0.8504216600088771 0.4415680473372781 0.019307589880159785 0.15295857988165681
0 0.9842432312472259 0.3767751479289941 0.022858411007545494 0.14985207100591716
0 0.9253217931646693 0.21923076923076923 0.01775410563692854 0.12514792899408284
0 0.900687971593431 0.12189349112426036 0.015201952951620062 0.10961538461538461
0 0.9169995561473591 0.14896449704142012 0.014203284509542832 0.1143491124260355
0 0.9126719928983578 0.11952662721893491 0.010652463382157125 0.10192307692307692
0 0.9400798934753661 0.14970414201183432 0.013759431868619618 0.11272189349112426
0 0.9507323568575233 0.13032544378698224 0.011651131824234355 0.1143491124260355
0 0.9398579671549046 0.09334319526627219 0.013204616067465601 0.08964497041420118
0 0.9231025299600533 0.10251479289940828 0.013204616067465601 0.10192307692307692
0 0.9065690190856636 0.0485207100591716 0.014758100310696848 0.06789940828402367
0 0.9174434087882823 0.029585798816568046 0.013315579227696404 0.05917159763313609
0 0.9303151353750555 0.03431952662721893 0.016311584553928095 0.06863905325443787
0 0.8180204172214824 0.5961538461538461 0.02574345317354638 0.1076923076923077
0 0.783843763870395 0.6218934911242604 0.024411895250776743 0.05621301775147929
0 0.7162671992898357 0.031804733727810654 0.011207279183311141 0.06360946745562131
0 0.7149356413670661 0.0871301775147929 0.013759431868619618 0.09571005917159764
0 0.6434753661784287 0.3628698224852071 0.02030625832223702 0.14985207100591716
0 0.6343763870395028 0.3458579881656805 0.017310252996005325 0.15606508875739644
0 0.6702174877940523 0.2423076923076923 0.01575676875277408 0.1282544378698225
0 0.658011540168664 0.23846153846153847 0.014758100310696848 0.12041420118343195
0 0.6587882822902796 0.18594674556213017 0.011207279183311141 0.06789940828402367
0 0.6475810031069685 0.2014792899408284 0.012205947625388371 0.12041420118343195
0 0.6355969818020417 0.21760355029585798 0.011651131824234355 0.1220414201183432
0 0.6251664447403462 0.20576923076923076 0.01054150022192632 0.11124260355029586
0 0.6702174877940523 0.15118343195266273 0.01675543719485131 0.10355029585798817
0 0.6722148246782068 0.09334319526627219 0.013759431868619618 0.09571005917159764
0 0.8158011540168664 0.13890532544378698 0.016311584553928095 0.10044378698224853
0 0.8287838437638704 0.1334319526627219 0.014758100310696848 0.11124260355029586