0 0.675531914893617 0.0222117202268431 0.0425531914893617 0.0444234404536862
0 0.7348404255319149 0.4229678638941399 0.04946808510638298 0.1937618147448015
0 0.761436170212766 0.4758979206049149 0.054787234042553194 0.08790170132325142
0 0.4690159574468085 0.2516540642722117 0.05452127659574468 0.19612476370510398
0 0.43577127659574466 0.22566162570888468 0.041223404255319146 0.2008506616257089
0 0.4401595744680851 0.07892249527410208 0.05053191489361702 0.15784499054820417
0 0.38789893617021276 0.1476843100189036 0.03590425531914894 0.10160680529300567
0 0.5779255319148936 0.07183364839319471 0.05159574468085106 0.14366729678638943
0 0.5833776595744681 0.2339319470699433 0.057180851063829786 0.19848771266540643
0 0.4242021276595745 0.4820415879017013 0.05053191489361702 0.07561436672967864
0 0.2928191489361702 0.07797731568998109 0.0398936170212766 0.15595463137996218
0 0.26409574468085106 0.11294896030245746 0.009042553191489361 0.17485822306238186
0 0.2675531914893617 0.07325141776937619 0.015957446808510637 0.14650283553875237
0 0.7787234042553192 0.045841209829867675 0.036170212765957444 0.09168241965973535
0 0.9654255319148937 0.4229678638941399 0.05319148936170213 0.1937618147448015
0 0.9835106382978723 0.40737240075614367 0.03297872340425532 0.22495274102079396
0 0.8958776595744681 0.2563799621928166 0.041223404255319146 0.19612476370510398
0 0.9277925531914893 0.2504725897920605 0.03856382978723404 0.1843100189035917
0 0.9257978723404255 0.17013232514177692 0.02925531914893617 0.10396975425330812
0 0.9550531914893617 0.1937618147448015 0.031914893617021274 0.1843100189035917
0 0.9853723404255319 0.21833648393194707 0.02925531914893617 0.18714555765595464
0 0.8958776595744681 0.11696597353497165 0.043882978723404256 0.15831758034026466
0 0.8904255319148936 0.05056710775047259 0.036170212765957444 0.10113421550094517
0 0.5148936170212766 0.09806238185255199 0.0425531914893617 0.15359168241965973
0 0.4809840425531915 0.08979206049149338 0.03856382978723404 0.17013232514177692