0 0.4197802197802198 0.4833984375 0.05934065934065934 0.052734375
0 0.8491758241758242 0.40869140625 0.0521978021978022 0.2021484375
0 0.8217032967032967 0.30322265625 0.04945054945054945 0.2294921875
0 0.46565934065934067 0.03564453125 0.0521978021978022 0.0712890625
0 0.603021978021978 0.04150390625 0.04120879120879121 0.0830078125
0 0.573076923076923 0.03662109375 0.04945054945054945 0.0732421875
0 0.5357142857142857 0.02685546875 0.04945054945054945 0.0537109375
0 0.4876373626373626 0.41015625 0.0521978021978022 0.19921875
0 0.6601648351648352 0.08935546875 0.0478021978021978 0.1787109375
0 0.634065934065934 0.42724609375 0.05934065934065934 0.1650390625
0 0.5178571428571429 0.09765625 0.0521978021978022 0.1953125
0 0.5098901098901099 0.148193359375 0.06043956043956044 0.23193359375
0 0.8936813186813187 0.02099609375 0.0456043956043956 0.0419921875
0 0.5538461538461539 0.4599609375 0.054945054945054944 0.099609375
0 0.7480769230769231 0.04638671875 0.0510989010989011 0.0927734375
0 0.2510989010989011 0.75341796875 0.04148351648351648 0.13037109375
0 0.42445054945054944 0.87255859375 0.18956043956043955 0.2548828125
0 0.5403846153846154 0.87255859375 0.17252747252747253 0.2548828125
0 0.7120879120879121 0.8662109375 0.20796703296703298 0.26708984375
0 0.8126373626373626 0.94677734375 0.1936813186813187 0.1064453125