0 0.19713541666666667 0.3439814814814815 0.18697916666666667 0.29953703703703705
0 0.7752604166666667 0.4930555555555556 0.17682291666666666 0.3699074074074074
0 0.7591145833333334 0.45416666666666666 0.27578125 0.42592592592592593
0 0.8890625 0.2300925925925926 0.042708333333333334 0.09074074074074075
0 0.8770833333333333 0.24212962962962964 0.06458333333333334 0.1175925925925926
0 0.8419270833333333 0.2935185185185185 0.08958333333333333 0.12685185185185185
0 0.7950520833333333 0.3087962962962963 0.058333333333333334 0.13240740740740742
0 0.934375 0.4550925925925926 0.13098958333333333 0.4023148148148148
0 0.9682291666666667 0.28703703703703703 0.06354166666666666 0.1175925925925926
0 0.9864583333333333 0.24537037037037038 0.027083333333333334 0.12129629629629629
0 0.51875 0.8638888888888889 0.023958333333333335 0.04861111111111111
0 0.9848958333333333 0.8643518518518518 0.021875 0.0412037037037037
0 0.6325520833333333 0.8361111111111111 0.027083333333333334 0.029166666666666667