0 0.2826231691078562 0.25454029511918275 0.03794940079893475 0.11804767309875142
0 0.03561917443408788 0.2741203178206583 0.05159786950732357 0.2108399545970488
0 0.3292276964047936 0.3677639046538025 0.06724367509986684 0.3039160045402951
0 0.09354194407456724 0.6356413166855845 0.06258322237017311 0.08938706015891033
0 0.3848202396804261 0.8286038592508513 0.08921438082556592 0.31214528944381387
0 0.2782956058588549 0.862372304199773 0.14647137150466044 0.2749716231555051
0 0.303595206391478 0.7959704880817253 0.05858854860186418 0.10698070374574348
0 0.9264314247669774 0.967366628830874 0.0525965379494008 0.06526674233825198
0 0.47503328894806923 0.97105561861521 0.061917443408788284 0.05788876276958002
0 0.6461384820239681 0.9648127128263337 0.15645805592543274 0.07037457434733257
0 0.7846205059920106 0.9724744608399546 0.059254327563249 0.055051078320090804