0 0.3411764705882353 0.17870722433460076 0.09090909090909091 0.11929657794676807
0 0.95 0.2965779467680608 0.1 0.4068441064638783
0 0.868716577540107 0.30228136882129275 0.08288770053475936 0.39543726235741444
0 0.6628342245989305 0.3279467680608365 0.08181818181818182 0.344106463878327
0 0.5441176470588235 0.3208174904942966 0.028342245989304814 0.3583650190114068
0 0.7350267379679144 0.29372623574144485 0.09251336898395722 0.41254752851711024
0 0.589572192513369 0.3284220532319392 0.07647058823529412 0.3431558935361217
0 0.7973262032085562 0.3269961977186312 0.08128342245989305 0.34600760456273766
0 0.24705882352941178 0.7271863117870723 0.03823529411764706 0.10693916349809886
0 0.07700534759358289 0.7005703422053232 0.04251336898395722 0.1449619771863118
0 0.9914438502673797 0.9876425855513308 0.016042780748663103 0.024714828897338403