0 0.9112903225806451 0.17734225621414915 0.06586021505376344 0.10468451242829828
0 0.3981182795698925 0.18021032504780116 0.016666666666666666 0.05640535372848948
0 0.15456989247311828 0.619980879541109 0.12258064516129032 0.3632887189292543
0 0.7790322580645161 0.8986615678776291 0.053763440860215055 0.20267686424474188
0 0.8669354838709677 0.9608030592734226 0.057526881720430106 0.07839388145315487
0 0.44704301075268815 0.8821701720841301 0.051075268817204304 0.2127151051625239
0 0.4739247311827957 0.7710325047801148 0.04838709677419355 0.22466539196940727
0 0.532258064516129 0.33604206500956024 0.04946236559139785 0.11376673040152964
0 0.5311827956989247 0.2978011472275335 0.05268817204301075 0.0372848948374761
0 0.8220430107526882 0.47944550669216063 0.051075268817204304 0.12906309751434034
0 0.6419354838709678 0.9321223709369025 0.06451612903225806 0.13575525812619502
0 0.5740591397849463 0.527246653919694 0.05241935483870968 0.19120458891013384
0 0.6358870967741935 0.4925908221797323 0.05241935483870968 0.20793499043977057
0 0.6876344086021505 0.46510516252390055 0.04032258064516129 0.18164435946462715
0 0.7172043010752688 0.45793499043977054 0.04838709677419355 0.17686424474187382
0 0.753494623655914 0.43881453154875716 0.04838709677419355 0.17686424474187382
0 0.7575268817204301 0.608508604206501 0.051075268817204304 0.2055449330783939
0 0.7743279569892473 0.5475621414913958 0.04435483870967742 0.16969407265774378
0 0.6459677419354839 0.31453154875717015 0.03494623655913978 0.07074569789674952
0 0.6736559139784947 0.31118546845124284 0.041935483870967745 0.06405353728489484
0 0.7091397849462365 0.31835564053537285 0.04838709677419355 0.07839388145315487
0 0.973252688172043 0.6061185468451242 0.05241935483870968 0.1959847036328872
0 0.9822580645161291 0.4612810707456979 0.035483870967741936 0.16921606118546845
0 0.9463709677419355 0.4149139579349904 0.033602150537634407 0.17686424474187382
0 0.9771505376344086 0.30019120458891013 0.03602150537634408 0.04206500956022945
0 0.9456989247311828 0.3064053537284895 0.03225806451612903 0.05449330783938815
0 0.41021505376344086 0.39292543021032506 0.04086021505376344 0.14340344168260039
0 0.41397849462365593 0.32887189292543023 0.047311827956989246 0.0994263862332696