0 0.42967460317460315 0.27524390243902436 0.021253968253968233 0.042357723577235724
0 0.3733968253968254 0.2779979674796748 0.022984126984127013 0.03160569105691059
0 0.4655396825396826 0.28421747967479677 0.023142857142857208 0.039979674796748
0 0.43473015873015874 0.31478658536585363 0.0377142857142857 0.056402439024390245
0 0.20442063492063492 0.3410772357723577 0.037412698412698404 0.04800813008130082
0 0.43363492063492065 0.37098577235772356 0.03869841269841269 0.063109756097561
0 0.5027063492063492 0.3940853658536585 0.04668253968253963 0.08898373983739832
0 0.015873015873015872 0.4502032520325203 0.031746031746031744 0.09552845528455285
0 0.09365079365079365 0.5172764227642277 0.12063492063492064 0.18495934959349594
0 0.8595238095238096 0.8699186991869918 0.14126984126984127 0.2601626016260163
0 0.9095238095238095 0.8048780487804879 0.18095238095238095 0.3902439024390244