0 0.27479757085020245 0.14545454545454545 0.11082995951417005 0.17575757575757575
0 0.034919028340080975 0.18181818181818182 0.06983805668016195 0.27575757575757576
0 0.7545546558704453 0.1643939393939394 0.05566801619433198 0.296969696969697
0 0.701417004048583 0.17803030303030304 0.04554655870445344 0.296969696969697
0 0.6447368421052632 0.17424242424242425 0.04757085020242915 0.2909090909090909
0 0.10779352226720648 0.7143939393939394 0.21558704453441296 0.5712121212121212
0 0.41548582995951416 0.7727272727272727 0.1082995951417004 0.45454545454545453
0 0.3183198380566802 0.8 0.3026315789473684 0.4
0 0.0840080971659919 0.8462121212121212 0.1680161943319838 0.30757575757575756
0 0.7732793522267206 0.725 0.45293522267206476 0.5492424242424242
0 0.8228744939271255 0.8378787878787879 0.3426113360323887 0.1484848484848485