0 0.6083860759493671 0.2631578947368421 0.1060126582278481 0.3724696356275304
0 0.6479430379746836 0.06376518218623482 0.07120253164556962 0.12753036437246965
0 0.717120253164557 0.1372672064777328 0.13944620253164555 0.22455465587044535
0 0.4137658227848101 0.10020242914979757 0.07436708860759493 0.20040485829959515
0 0.5498417721518988 0.06983805668016195 0.06487341772151899 0.1396761133603239
0 0.504746835443038 0.044534412955465584 0.0379746835443038 0.08906882591093117
0 0.8568037974683544 0.018218623481781375 0.06487341772151899 0.03643724696356275
0 0.9382911392405063 0.039473684210526314 0.04746835443037975 0.07894736842105263
0 0.8971518987341772 0.02834008097165992 0.05063291139240506 0.05668016194331984
0 0.23496835443037975 0.7246963562753036 0.24841772151898733 0.5506072874493927
0 0.930379746835443 0.9281376518218624 0.06329113924050633 0.1437246963562753