0 0.13636363636363635 0.25793650793650796 0.1448306595365419 0.3984126984126984
0 0.48440285204991085 0.2523809523809524 0.10071301247771836 0.37142857142857144
0 0.3859180035650624 0.2365079365079365 0.11185383244206773 0.3412698412698413
0 0.5374331550802139 0.18412698412698414 0.11051693404634581 0.30158730158730157
0 0.8297682709447415 0.3682539682539683 0.3404634581105169 0.2222222222222222
0 0.47593582887700536 0.7833333333333333 0.14750445632798573 0.43333333333333335
0 0.3721033868092692 0.7023809523809523 0.12967914438502673 0.3253968253968254
0 0.2557932263814617 0.6992063492063492 0.11452762923351159 0.2492063492063492
0 0.13636363636363635 0.703968253968254 0.15196078431372548 0.2904761904761905
0 0.3689839572192513 0.888095238095238 0.28609625668449196 0.22380952380952382
0 0.11898395721925134 0.8825396825396825 0.23796791443850268 0.23492063492063492
0 0.3114973262032086 0.5634920634920635 0.04500891265597148 0.11746031746031746
0 0.733957219251337 0.7785714285714286 0.10115864527629234 0.1388888888888889