0 0.14277522935779816 0.13981042654028436 0.08830275229357798 0.2796208530805687
0 0.15309633027522937 0.13981042654028436 0.10665137614678899 0.2796208530805687
0 0.30275229357798167 0.6919431279620853 0.09403669724770643 0.4834123222748815
0 0.3646788990825688 0.5521327014218009 0.02981651376146789 0.12677725118483413
0 0.8348623853211009 0.6433649289099526 0.08772935779816514 0.3886255924170616
0 0.7580275229357798 0.5853080568720379 0.029243119266055047 0.15639810426540285
0 0.786697247706422 0.5556872037914692 0.02522935779816514 0.12440758293838862
0 0.6852064220183486 0.5829383886255924 0.033256880733944956 0.22511848341232227
0 0.5189220183486238 0.6824644549763034 0.08428899082568807 0.3803317535545024
0 0.44323394495412843 0.5450236966824644 0.01548165137614679 0.09834123222748815
0 0.5756880733944955 0.5272511848341233 0.006880733944954129 0.07345971563981042
0 0.6444954128440367 0.5213270142180095 0.010894495412844037 0.052132701421800945