0 0.05502392344497608 0.16193181818181818 0.11004784688995216 0.32386363636363635
0 0.8716108452950558 0.09588068181818182 0.0430622009569378 0.19176136363636365
0 0.8145933014354066 0.30113636363636365 0.07256778309409888 0.15625
0 0.9262759170653907 0.15355113636363635 0.03566188197767147 0.16619318181818182
0 0.8026315789473685 0.022017045454545456 0.03269537480063796 0.04403409090909091
0 0.6770334928229665 0.032670454545454544 0.02711323763955343 0.06534090909090909
0 0.655103668261563 0.024857954545454544 0.023125996810207338 0.04971590909090909
0 0.6331738437001595 0.08167613636363637 0.049441786283891544 0.16335227272727273
0 0.6275917065390749 0.007102272727272727 0.03349282296650718 0.014204545454545454
0 0.580542264752791 0.11860795454545454 0.022328548644338118 0.16335227272727273
0 0.27751196172248804 0.7350852272727273 0.5550239234449761 0.5269886363636364
0 0.8660287081339713 0.765625 0.20414673046251994 0.46875