0 0.6079351535836177 0.06914893617021277 0.03839590443686007 0.13829787234042554
0 0.8378839590443686 0.023556231003039513 0.034129692832764506 0.04711246200607903
0 0.3818259385665529 0.7507598784194529 0.016211604095563138 0.19680851063829788
0 0.37073378839590443 0.708966565349544 0.033276450511945395 0.15045592705167174
0 0.2790102389078498 0.7180851063829787 0.04010238907849829 0.21580547112462006
0 0.25 0.743161094224924 0.041808873720136516 0.16869300911854104
0 0.2572525597269625 0.6504559270516718 0.020477815699658702 0.08054711246200608
0 0.01877133105802048 0.6238601823708206 0.034129692832764506 0.0737082066869301
0 0.023890784982935155 0.6960486322188449 0.04778156996587031 0.0737082066869301
0 0.11732081911262798 0.6907294832826748 0.008532423208191127 0.1838905775075988
0 0.20051194539249148 0.6618541033434651 0.011092150170648464 0.16869300911854104