0 0.18312387791741472 0.5047923322683706 0.11490125673249552 0.16932907348242812
0 0.35916517055655295 0.23966453674121405 0.048779174147217164 0.1402875399361022
0 0.8590664272890485 0.43450479233226835 0.06642728904847396 0.30990415335463256
0 0.8150807899461401 0.14456869009584664 0.05206463195691203 0.28833865814696485
0 0.835278276481149 0.1182108626198083 0.04847396768402154 0.2356230031948882
0 0.9892280071813285 0.07028753993610223 0.0210951526032316 0.14057507987220447
0 0.9910233393177738 0.15175718849840256 0.017953321364452424 0.1182108626198083
0 0.7643626570915619 0.4145367412140575 0.06463195691202872 0.34185303514376997
0 0.7199281867145422 0.41373801916932906 0.06867145421903052 0.3514376996805112
0 0.6876122082585279 0.4472843450479233 0.05341113105924596 0.28434504792332266
0 0.6552962298025135 0.40175718849840253 0.05026929982046679 0.323482428115016
0 0.6593357271095153 0.4544728434504792 0.0466786355475763 0.26996805111821087
0 0.07001795332136446 0.7228434504792333 0.0466786355475763 0.20926517571884984
0 0.02244165170556553 0.6701277955271565 0.03590664272890485 0.16134185303514376
0 0.5920107719928187 0.8714057507987221 0.02423698384201077 0.11980830670926518