0 0.19865407319952774 0.29919117647058824 0.0778217237308146 0.30213235294117646
0 0.9185360094451004 0.4737394957983193 0.06375442739079103 0.1722689075630252
0 0.814935064935065 0.058298319327731093 0.048996458087367176 0.11659663865546219
0 0.872491145218418 0.0861344537815126 0.05194805194805195 0.1722689075630252
0 0.7077922077922078 0.045168067226890755 0.047225501770956316 0.09033613445378151
0 0.7538370720188902 0.04254201680672269 0.04132231404958678 0.08508403361344538
0 0.9926210153482881 0.27205882352941174 0.01475796930342385 0.2415966386554622
0 0.680047225501771 0.18277310924369747 0.053128689492325853 0.23634453781512604
0 0.7944214876033058 0.23004201680672268 0.05165289256198347 0.23634453781512604
0 0.588547815820543 0.3167016806722689 0.06198347107438017 0.28361344537815125
0 0.8431227863046045 0.41386554621848737 0.05755608028335301 0.25735294117647056
0 0.38636363636363635 0.9464285714285714 0.08412042502951594 0.10661764705882353
0 0.9176505312868949 0.8503151260504201 0.16469893742621014 0.29936974789915966
0 0.7948642266824085 0.8618697478991597 0.2154663518299882 0.2762605042016807
0 0.6463990554899646 0.8177521008403361 0.21340023612750886 0.3639705882352941