0 0.2921129503407984 0.2780661907852044 0.05489289191820838 0.22225827384815056
0 0.26168451801363196 0.23020765736534718 0.05903115871470302 0.19743672939649579
0 0.9615384615384616 0.2018170019467878 0.0562317429406037 0.3090525632706035
0 0.8406767283349562 0.19776119402985073 0.055744888023369035 0.3220311486048021
0 0.7792112950340798 0.23977936404931863 0.06146543330087634 0.24140168721609345
0 0.7232229795520935 0.31894873458792994 0.09152872444011685 0.3621025308241402
0 0.5865384615384616 0.27157689811810515 0.09444985394352483 0.4224529526281635
0 0.5318889970788705 0.22501622323166776 0.08069620253164557 0.41580142764438677
0 0.6731986368062317 0.24870214146658015 0.06998539435248297 0.4190460739779364
0 0.15981012658227847 0.7532446463335496 0.05842259006815969 0.2592472420506165
0 0.3320350535540409 0.7819597663854639 0.06925511197663096 0.2034393251135626
0 0.8630720545277507 0.673264114211551 0.021421616358325218 0.07624918883841661
0 0.6184274586173321 0.6072355613238157 0.024342745861733205 0.05126541207008436
0 0.5977361246348588 0.6109669046073978 0.020691333982473224 0.06619078520441272