0 0.7245762711864406 0.15861027190332327 0.061016949152542375 0.18277945619335348
0 0.8983050847457628 0.263595166163142 0.17203389830508475 0.21148036253776434
0 0.8822033898305085 0.3074018126888218 0.23559322033898306 0.270392749244713
0 0.7758474576271186 0.2877643504531722 0.1135593220338983 0.2598187311178248
0 0.6800847457627118 0.29154078549848944 0.1016949152542373 0.3081570996978852
0 0.559322033898305 0.3285498489425982 0.21864406779661016 0.30060422960725075
0 0.9707627118644068 0.21827794561933533 0.05847457627118644 0.0770392749244713
0 0.9326271186440678 0.18957703927492447 0.03686440677966102 0.06268882175226587
0 0.46567796610169493 0.23791540785498488 0.021610169491525423 0.05664652567975831
0 0.5491525423728814 0.2688821752265861 0.19830508474576272 0.37537764350453173
0 0.11398305084745762 0.7817220543806647 0.22796610169491524 0.43655589123867067
0 0.325 0.7787009063444109 0.25 0.4425981873111782
0 0.7237288135593221 0.9395770392749244 0.07754237288135593 0.12084592145015106