0 0.20732984293193718 0.29655493482309125 0.11897905759162304 0.2781657355679702
0 0.7883507853403141 0.1750465549348231 0.1068062827225131 0.2707169459962756
0 0.8369109947643979 0.25535381750465547 0.07630890052356021 0.1175512104283054
0 0.9429319371727749 0.21950651769087523 0.11400523560209425 0.2956238361266294
0 0.6717277486910995 0.2639664804469274 0.06387434554973823 0.1717877094972067
0 0.09136125654450261 0.9047951582867784 0.09214659685863874 0.1904096834264432
0 0.3723298429319372 0.8535474860335196 0.02671727748691086 0.1406238361266294
0 0.35335078534031417 0.8442364990689013 0.023845549738219934 0.13831471135940404
0 0.34739528795811525 0.8340223463687151 0.02028272251308889 0.14030260707635003
0 0.32375130890052356 0.8514571694599627 0.028031413612565427 0.14663873370577282
0 0.29751832460732985 0.8997718808193669 0.034649214659685776 0.17906424581005592
0 0.28022774869109957 0.8891852886405959 0.029688481675392633 0.17419459962756056
0 0.256065445026178 0.8793063314711359 0.035604712041884874 0.1768621973929237
0 0.8772251308900524 0.7490689013035382 0.16047120418848168 0.11219739292364991
0 0.7570680628272252 0.7788640595903166 0.11465968586387434 0.15456238361266295
0 0.6785340314136126 0.819366852886406 0.0774869109947644 0.15898510242085662