0 0.2864583333333333 0.36365740740740743 0.06419270833333333 0.2726851851851852
0 0.6006510416666667 0.30972222222222223 0.24752604166666667 0.39675925925925926
0 0.838671875 0.3226851851851852 0.28229166666666666 0.37083333333333335
0 0.35403645833333336 0.8912037037037037 0.12265625 0.2175925925925926
0 0.21614583333333334 0.8930555555555556 0.07916666666666666 0.21388888888888888
0 0.272265625 0.8756944444444444 0.06588541666666667 0.24861111111111112
0 0.15872395833333333 0.8851851851851852 0.07421875 0.22962962962962963
0 0.12039583333333334 0.8446388888888889 0.03519270833333336 0.19150462962962966
0 0.15194270833333334 0.8016296296296296 0.02317447916666661 0.10878703703703704
0 0.21047916666666666 0.7950092592592592 0.028968749999999942 0.09718981481481474
0 0.17458854166666668 0.773986111111111 0.01931770833333329 0.0732824074074074
0 0.05414322916666666 0.7984722222222222 0.024757812499999983 0.12640740740740739
0 0.07943229166666667 0.8069027777777779 0.024520833333333356 0.12519444444444447
0 0.10551041666666666 0.7988101851851852 0.02517708333333335 0.12949074074074066
0 0.12895833333333334 0.7634675925925926 0.02193489583333334 0.07687500000000008
0 0.6817708333333333 0.8652777777777778 0.19049479166666666 0.26666666666666666
0 0.69921875 0.8372685185185185 0.296875 0.3071759259259259
0 0.5591145833333333 0.6756944444444445 0.04596354166666667 0.06527777777777778
0 0.5720052083333333 0.6842592592592592 0.06940104166666666 0.0849537037037037
0 0.61015625 0.7215277777777778 0.09635416666666667 0.09143518518518519
0 0.660546875 0.7326388888888888 0.06276041666666667 0.09537037037037037
0 0.5104166666666666 0.8379629629629629 0.14114583333333333 0.2902777777777778
0 0.4739583333333333 0.7166666666666667 0.06822916666666666 0.08518518518518518
0 0.4544270833333333 0.6868055555555556 0.029166666666666667 0.0875