0 0.3953993055555556 0.21450617283950618 0.1171875 0.42901234567901236
0 0.3502604166666667 0.0470679012345679 0.07378472222222222 0.0941358024691358
0 0.8663194444444444 0.25385802469135804 0.21875 0.35030864197530864
0 0.5581597222222222 0.6682098765432098 0.08637152777777778 0.3109567901234568
0 0.5047743055555556 0.6033950617283951 0.055989583333333336 0.1597222222222222
0 0.4730902777777778 0.5532407407407407 0.041666666666666664 0.07716049382716049
0 0.4296875 0.7430555555555556 0.0720486111111111 0.5131172839506173
0 0.2508680555555556 0.7592592592592593 0.08680555555555555 0.48148148148148145
0 0.2378472222222222 0.5084876543209876 0.049479166666666664 0.05555555555555555
0 0.1349826388888889 0.691358024691358 0.05685763888888889 0.4251543209876543
0 0.022135416666666668 0.6049382716049383 0.044270833333333336 0.27469135802469136
0 0.0703125 0.5023148148148148 0.032552083333333336 0.06327160493827161
0 0.09288194444444445 0.5408950617283951 0.043402777777777776 0.14429012345679013
0 0.296875 0.5347222222222222 0.03819444444444445 0.07716049382716049
0 0.3302951388888889 0.5385802469135802 0.016493055555555556 0.05632716049382716
0 0.3467881944444444 0.7044753086419753 0.09027777777777778 0.3966049382716049
0 0.6163194444444444 0.5347222222222222 0.016493055555555556 0.05864197530864197
0 0.6527777777777778 0.7453703703703703 0.046875 0.20987654320987653
0 0.9778645833333334 0.8171296296296297 0.019097222222222224 0.09722222222222222
0 0.9956597222222222 0.8171296296296297 0.008246527777777778 0.10802469135802469