0 0.2797098976109215 0.33001519756838904 0.06098976109215019 0.31411854103343473
0 0.6015358361774744 0.28343465045592703 0.07679180887372014 0.1702127659574468
0 0.6659556313993175 0.4908814589665654 0.07551194539249147 0.0364741641337386
0 0.8779863481228669 0.3009118541033435 0.08361774744027303 0.2006079027355623
0 0.24232081911262798 0.6086626139817629 0.02218430034129693 0.07750759878419453
0 0.33447098976109213 0.6223404255319149 0.03924914675767918 0.09270516717325228
0 0.3843856655290102 0.628419452887538 0.03498293515358362 0.13829787234042554
0 0.22312286689419794 0.6322188449848024 0.021331058020477817 0.0668693009118541
0 0.18003412969283278 0.6344984802431611 0.027303754266211604 0.08358662613981763
0 0.257679180887372 0.6367781155015197 0.027303754266211604 0.08814589665653495
0 0.14121160409556313 0.6367781155015197 0.021331058020477817 0.0668693009118541
0 0.3037542662116041 0.6390577507598785 0.034129692832764506 0.09270516717325228
0 0.27773037542662116 0.6709726443768997 0.04863481228668942 0.10486322188449848
0 0.36177474402730375 0.6770516717325228 0.051194539249146756 0.12613981762917933
0 0.2022184300341297 0.6838905775075987 0.03924914675767918 0.11550151975683891
0 0.329778156996587 0.6907294832826748 0.029863481228668942 0.10182370820668693
0 0.12542662116040956 0.7188449848024316 0.032423208191126277 0.1033434650455927
0 0.04735494880546075 0.8130699088145896 0.04692832764505119 0.3191489361702128
0 0.15571672354948807 0.824468085106383 0.04863481228668942 0.33586626139817627
0 0.23506825938566553 0.8290273556231003 0.04522184300341297 0.34194528875379937
0 0.020477815699658702 0.8335866261398176 0.040955631399317405 0.32674772036474165
0 0.06911262798634812 0.8427051671732523 0.052901023890784986 0.31458966565349544
0 0.30887372013651876 0.837386018237082 0.03924914675767918 0.3252279635258359
0 0.10793515358361774 0.8389057750759878 0.06911262798634812 0.3221884498480243
0 0.19155290102389078 0.8411854103343465 0.07252559726962457 0.31762917933130697
0 0.35196245733788395 0.8343465045592705 0.08447098976109214 0.331306990881459
0 0.2666382252559727 0.8389057750759878 0.07423208191126279 0.3221884498480243