0 0.36367380560131796 0.4303519061583578 0.17215815485996705 0.27712609970674484
0 0.4942339373970346 0.3966275659824047 0.08896210873146623 0.34457478005865105
0 0.628500823723229 0.4090909090909091 0.060955518945634266 0.3196480938416422
0 0.7125205930807249 0.4274193548387097 0.06754530477759473 0.2829912023460411
0 0.7668121911037892 0.43250733137829916 0.03866556836902796 0.23885630498533722
0 0.8080724876441515 0.43548387096774194 0.044481054365733116 0.2668621700879765
0 0.8523064250411861 0.4302639296187683 0.044505766062602946 0.2245894428152492
0 0.8867462932454695 0.44058651026392964 0.03492586490939052 0.20810850439882708
0 0.9259390444810545 0.44442815249266865 0.0477100494233938 0.2275219941348973
0 0.4975288303130148 0.9347507331378299 0.09514003294892916 0.13049853372434017
0 0.6429159802306426 0.8409090909090909 0.14044481054365734 0.3181818181818182
0 0.556013179571664 0.8387096774193549 0.13097199341021418 0.19574780058651026
0 0.5275947281713345 0.8702346041055719 0.13220757825370674 0.2595307917888563
0 0.5094728171334432 0.8790322580645161 0.11943986820428336 0.24193548387096775