0 0.35626029654036245 0.24193548387096775 0.10626029654036244 0.4838709677419355
0 0.950164744645799 0.1935483870967742 0.04406919275123559 0.09090909090909091
0 0.11779242174629324 0.8299120234604106 0.03706754530477759 0.12463343108504399
0 0.16350906095551895 0.8218475073313783 0.028830313014827018 0.12976539589442815
0 0.19439868204283361 0.8145161290322581 0.03542009884678748 0.17155425219941348
0 0.2257001647446458 0.8064516129032258 0.01400329489291598 0.07258064516129033
0 0.3319604612850082 0.8152492668621701 0.032537067545304776 0.14882697947214077
0 0.36779242174629323 0.8284457478005866 0.03088962108731466 0.14516129032258066
0 0.2903624382207578 0.8321114369501467 0.019769357495881382 0.12316715542521994
0 0.25617792421746294 0.8159824046920822 0.018121911037891267 0.11730205278592376
0 0.2458813838550247 0.7932551319648093 0.009060955518945634 0.06524926686217009
0 0.27224052718286657 0.8225806451612904 0.015238879736408566 0.11217008797653959
0 0.30189456342668863 0.7668621700879765 0.018533772652388796 0.030791788856304986
0 0.4691103789126853 0.8255131964809385 0.024299835255354202 0.12756598240469208
0 0.42751235584843494 0.8130498533724341 0.023064250411861616 0.093841642228739
0 0.38920922570016475 0.7976539589442815 0.008649093904448105 0.0469208211143695
0 0.4975288303130148 0.8240469208211144 0.02512355848434926 0.1187683284457478