0 0.034759358288770054 0.21428571428571427 0.06951871657754011 0.42857142857142855
0 0.7027629233511586 0.176984126984127 0.05748663101604278 0.16825396825396827
0 0.4750445632798574 0.24603174603174602 0.10873440285204991 0.1523809523809524
0 0.6042780748663101 0.1865079365079365 0.05837789661319073 0.15158730158730158
0 0.68048128342246 0.09206349206349207 0.04411764705882353 0.09285714285714286
0 0.5699643493761141 0.3261904761904762 0.13012477718360071 0.17142857142857143
0 0.6907308377896613 0.05 0.028966131907308377 0.05476190476190476
0 0.5222816399286988 0.1873015873015873 0.06951871657754011 0.11666666666666667
0 0.6114081996434938 0.1357142857142857 0.05124777183600713 0.11190476190476191
0 0.4416221033868093 0.7595238095238095 0.04367201426024955 0.14444444444444443
0 0.5120320855614974 0.7634920634920634 0.09224598930481283 0.14206349206349206
0 0.6007130124777184 0.7611111111111111 0.07397504456327986 0.14603174603174604
0 0.696969696969697 0.7738095238095238 0.07397504456327986 0.13174603174603175
0 0.8449197860962567 0.7682539682539683 0.057932263814616754 0.1523809523809524
0 0.9318181818181818 0.7682539682539683 0.09224598930481283 0.15793650793650793
0 0.7869875222816399 0.7682539682539683 0.17023172905525846 0.2698412698412698
0 0.9870766488413547 0.7714285714285715 0.025846702317290554 0.15396825396825398