0 0.5267702936096719 0.33615384615384614 0.10189982728842832 0.26615384615384613
0 0.7348877374784111 0.3 0.027633851468048358 0.13846153846153847
0 0.7979274611398963 0.35307692307692307 0.03281519861830743 0.10615384615384615
0 0.8121761658031088 0.2823076923076923 0.025043177892918825 0.1276923076923077
0 0.8246977547495682 0.28692307692307695 0.022452504317789293 0.1276923076923077
0 0.8488773747841105 0.28692307692307695 0.022452504317789293 0.10615384615384615
0 0.8708981001727115 0.28 0.023316062176165803 0.11076923076923077
0 0.896804835924007 0.27692307692307694 0.023316062176165803 0.11384615384615385
0 0.9261658031088082 0.2692307692307692 0.025043177892918825 0.11692307692307692
0 0.9490500863557858 0.26 0.017271157167530225 0.1076923076923077
0 0.35751295336787564 0.78 0.27763385146804836 0.42230769230769233
0 0.8717616580310881 0.6261538461538462 0.047495682210708115 0.2
0 0.8087219343696027 0.6692307692307692 0.045768566493955096 0.18384615384615385
0 0.9628670120898101 0.8615384615384616 0.07426597582037997 0.23461538461538461