0 0.2966786355475763 0.36421725239616615 0.026032315978456014 0.38338658146964855
0 0.5053859964093357 0.46166134185303515 0.1431777378815081 0.28674121405750796
0 0.729802513464991 0.30431309904153353 0.20062836624775585 0.41214057507987223
0 0.11175942549371634 0.8202875399361023 0.10323159784560143 0.35942492012779553
0 0.19569120287253142 0.8506389776357828 0.06642728904847396 0.2987220447284345
0 0.2535906642728905 0.8706070287539937 0.05834829443447038 0.25878594249201275
0 0.3016157989228007 0.9225239616613419 0.01615798922800718 0.15495207667731628
0 0.017055655296229804 0.9664536741214057 0.025134649910233394 0.0670926517571885
0 0.05655296229802514 0.8170926517571885 0.06642728904847396 0.365814696485623
0 0.7248653500897666 0.8035143769968051 0.4102333931777379 0.35942492012779553
0 0.4259425493716337 0.7188498402555911 0.23204667863554757 0.17971246006389777