0 0.3030979133226324 0.31457142857142856 0.05071428571428576 0.2218285714285714
0 0.39860353130016046 0.41795714285714286 0.06108346709470297 0.18571428571428572
0 0.7536115569823435 0.27785714285714286 0.052568218298555375 0.2571428571428571
0 0.11115569823434993 0.9678571428571429 0.10353130016051364 0.06428571428571428
0 0.13041733547351525 0.8928571428571429 0.04735152487961477 0.18571428571428572
0 0.011235955056179775 0.8892857142857142 0.02247191011235955 0.16714285714285715
0 0.7881219903691814 0.7971428571428572 0.0738362760834671 0.39785714285714285
0 0.8784109149277689 0.78 0.07945425361155699 0.4207142857142857
0 0.6793739967897271 0.7592857142857142 0.05417335473515249 0.2642857142857143
0 0.9819422150882825 0.7457142857142857 0.036115569823434994 0.26
0 0.7379614767255217 0.7385714285714285 0.038523274478330656 0.22071428571428572