0 0.04070796460176991 0.31545741324921134 0.08141592920353982 0.526813880126183
0 0.9154867256637168 0.34936908517350157 0.1088495575221239 0.19321766561514195
0 0.8066371681415929 0.30757097791798105 0.05398230088495575 0.07886435331230283
0 0.7212389380530974 0.2807570977917981 0.05265486725663717 0.20347003154574134
0 0.6623893805309734 0.28470031545741326 0.05265486725663717 0.19085173501577288
0 0.46017699115044247 0.2531545741324921 0.021238938053097345 0.20504731861198738
0 0.4915929203539823 0.2578864353312303 0.061504424778761065 0.20031545741324921
0 0.46814159292035395 0.46214511041009465 0.03716814159292035 0.2334384858044164
0 0.8247787610619469 0.4250788643533123 0.14513274336283186 0.306782334384858
0 0.5995575221238938 0.4085173501577287 0.10486725663716814 0.23186119873817035
0 0.17256637168141592 0.8982649842271293 0.2168141592920354 0.20268138801261829
0 0.2774336283185841 0.830441640378549 0.1672566371681416 0.3391167192429022
0 0.7305309734513274 0.806782334384858 0.22389380530973452 0.3864353312302839