0 0.12152542372881357 0.38878269617706235 0.08738983050847461 0.3539537223340041
0 0.49971751412429377 0.5548289738430584 0.05367231638418079 0.14989939637826963
0 0.5279661016949152 0.4753521126760563 0.05084745762711865 0.23641851106639838
0 0.5892655367231638 0.03873239436619718 0.0519774011299435 0.07746478873239436
0 0.8937853107344633 0.16851106639839034 0.05367231638418079 0.1358148893360161
0 0.8422316384180791 0.2527665995975855 0.046610169491525424 0.24396378269617705
0 0.839406779661017 0.11946680080482898 0.046610169491525424 0.13832997987927564
0 0.897316384180791 0.3244466800804829 0.04943502824858757 0.2062374245472837
0 0.8878531073446327 0.5814889336016097 0.0423728813559322 0.096579476861167
0 0.7398305084745763 0.2577967806841046 0.04519774011299435 0.1836016096579477
0 0.7836158192090396 0.24396378269617705 0.03954802259887006 0.2012072434607646
0 0.6951977401129944 0.06639839034205232 0.04689265536723164 0.13279678068410464
0 0.7319209039548022 0.060362173038229376 0.04350282485875706 0.12072434607645875
0 0.7629943502824859 0.06790744466800805 0.04124293785310734 0.1358148893360161
0 0.4327683615819209 0.01609657947686117 0.0327683615819209 0.03219315895372234
0 0.3389830508474576 0.1619718309859155 0.0384180790960452 0.16901408450704225
0 0.39166666666666666 0.24522132796780685 0.046610169491525424 0.17354124748490946
0 0.6841807909604519 0.022635814889336015 0.0384180790960452 0.04527162977867203
0 0.5117231638418079 0.12198189134808853 0.04096045197740113 0.1836016096579477
0 0.865819209039548 0.04275653923541248 0.0423728813559322 0.08551307847082495
0 0.3711864406779661 0.030181086519114688 0.03389830508474576 0.060362173038229376
0 0.3370056497175141 0.035211267605633804 0.03446327683615819 0.07042253521126761
0 0.8169491525423729 0.05130784708249497 0.04406779661016949 0.10261569416498995
0 0.647316384180791 0.4753521126760563 0.05508474576271186 0.2665995975855131
0 0.7242937853107345 0.46277665995975853 0.062146892655367235 0.22635814889336017
0 0.8194915254237288 0.5171026156941649 0.060451977401129946 0.22535211267605634
0 0.24124293785310735 0.9255533199195171 0.08361581920903954 0.1488933601609658
0 0.2887005649717514 0.9577464788732394 0.062146892655367235 0.08450704225352113
0 0.7813559322033898 0.8767605633802817 0.32231638418079095 0.24647887323943662