0 0.44516407599309155 0.31846153846153846 0.11139896373056994 0.5415384615384615
0 0.7698618307426598 0.04461538461538461 0.045768566493955096 0.08923076923076922
0 0.8151986183074266 0.040769230769230766 0.04317789291882556 0.08153846153846153
0 0.2715889464594128 0.7861538461538462 0.3121761658031088 0.3861538461538462
0 0.8540587219343696 0.8638461538461538 0.14680483592400692 0.2723076923076923
0 0.8406735751295337 0.8353846153846154 0.22884283246977546 0.3292307692307692
0 0.9486183074265976 0.6615384615384615 0.03540587219343696 0.07692307692307693
0 0.9386873920552677 0.6715384615384615 0.0535405872193437 0.1
0 0.9093264248704663 0.7153846153846154 0.07426597582037997 0.1076923076923077
0 0.8704663212435233 0.7284615384615385 0.04835924006908463 0.1123076923076923
0 0.9658894645941278 0.8407692307692308 0.06822107081174439 0.31846153846153846
0 0.9939550949913645 0.71 0.012089810017271158 0.1