0 0.45990566037735847 0.4483240223463687 0.13836477987421383 0.26256983240223464
0 0.949685534591195 0.4860335195530726 0.10062893081761007 0.1871508379888268
0 0.8034591194968553 0.4581005586592179 0.14622641509433962 0.2430167597765363
0 0.6843553459119497 0.44553072625698326 0.12971698113207547 0.2681564245810056
0 0.8930817610062893 0.4092178770949721 0.10220125786163523 0.3407821229050279
0 0.31053459119496857 0.9141061452513967 0.2720125786163522 0.1717877094972067
0 0.9669811320754716 0.6745810055865922 0.0660377358490566 0.18994413407821228
0 0.8486635220125787 0.7912011173184358 0.07154088050314465 0.4175977653631285
0 0.6780660377358491 0.789804469273743 0.07783018867924528 0.420391061452514
0 0.7421383647798742 0.8072625698324022 0.10849056603773585 0.3854748603351955
0 0.8946540880503144 0.8107541899441341 0.08018867924528301 0.3784916201117318
0 0.800314465408805 0.8184357541899442 0.0660377358490566 0.36312849162011174
0 0.9650157232704403 0.821927374301676 0.0699685534591195 0.35614525139664804
0 0.6419025157232704 0.8128491620111732 0.04481132075471698 0.3743016759776536