0 0.13850771869639794 0.2851681957186544 0.2118353344768439 0.4694189602446483
0 0.02444253859348199 0.06957186544342507 0.04888507718696398 0.13914373088685014
0 0.6805317324185248 0.2217125382262997 0.112778730703259 0.27217125382262997
0 0.5874785591766724 0.31345565749235477 0.2718696397941681 0.41284403669724773
0 0.9052315608919382 0.2782874617737003 0.1672384219554031 0.4831804281345566
0 0.5034305317324185 0.2515290519877676 0.10806174957118353 0.40825688073394495
0 0.5664665523156089 0.768348623853211 0.23413379073756432 0.463302752293578
0 0.7847341337907375 0.7859327217125383 0.24528301886792453 0.42813455657492355
0 0.9528301886792453 0.7599388379204893 0.09433962264150944 0.4801223241590214
0 0.8683533447684391 0.7599388379204893 0.10205831903945112 0.4801223241590214
0 0.6719554030874786 0.735474006116208 0.1432246998284734 0.43119266055045874
0 0.4751286449399657 0.7599388379204893 0.051457975986277875 0.4801223241590214