0 0.9009433962264151 0.24262461851475076 0.023013150371640936 0.07807731434384538
0 0.6935391652372784 0.24389623601220753 0.019582618639222414 0.0752797558494405
0 0.657518582046884 0.24720244150559512 0.027015437392795882 0.0979145473041709
0 0.9571183533447685 0.2530518819938962 0.028158947970268727 0.0752797558494405
0 0.9293882218410521 0.27695829094608343 0.043167524299599774 0.12029501525940997
0 0.9832761578044596 0.28891149542217703 0.03344768439108062 0.15717192268565616
0 0.8527730131503717 0.3646998982706002 0.040880503144654086 0.32527975584944047
0 0.714551172098342 0.38326551373346895 0.040880503144654086 0.327822990844354
0 0.6402229845626072 0.38657171922685657 0.040880503144654086 0.34766022380467954
0 0.6808176100628931 0.3944557477110885 0.05074328187535735 0.34766022380467954
0 0.8158947970268725 0.3959816887080366 0.05131503716409377 0.36342828077314343
0 0.8896512292738707 0.3959816887080366 0.040880503144654086 0.32909460834181076
0 0.7557175528873642 0.4043743641912513 0.05417381360777587 0.3700406917599186
0 0.6365065751858204 0.3944557477110885 0.03344768439108062 0.38987792472024413
0 0.8620640365923384 0.4117497456765005 0.04202401372212693 0.3237538148524924
0 0.9302458547741567 0.4183621566632757 0.05074328187535735 0.32121057985757884
0 0.9722698684962836 0.4188708036622584 0.05546026300743282 0.34130213631739575
0 0.1262149799885649 0.8357070193285859 0.09962835906232133 0.3285859613428281
0 0.991852487135506 0.8942014242115972 0.016295025728987993 0.0844354018311292
0 0.9152687249857061 0.8789521871820957 0.03552887364208111 0.11721770091556451