0 0.4343085106382979 0.06190926275992439 0.0425531914893617 0.11342155009451796
0 0.4324468085106383 0.030718336483931945 0.04148936170212766 0.06143667296786389
0 0.6410904255319149 0.3253780718336484 0.05452127659574468 0.19612476370510398
0 0.6743351063829788 0.29938563327032136 0.041223404255319146 0.2008506616257089
0 0.6696808510638298 0.15170132325141777 0.05053191489361702 0.16068052930056712
0 0.7222074468085107 0.22140831758034027 0.03590425531914894 0.10160680529300567
0 0.881781914893617 0.29465973534971646 0.04654255319148936 0.19139886578449905
0 0.8172872340425532 0.14579395085066163 0.0398936170212766 0.16776937618147447
0 0.8598404255319149 0.18714555765595464 0.03723404255319149 0.17485822306238186
0 0.8485372340425532 0.14224952741020794 0.027925531914893616 0.15595463137996218
0 0.9203457446808511 0.18832703213610585 0.03590425531914894 0.1724952741020794
0 0.9482712765957447 0.15879017013232513 0.030585106382978722 0.17485822306238186
0 0.9196808510638298 0.10207939508506617 0.034574468085106384 0.13705103969754254
0 0.8757978723404255 0.11625708884688091 0.034574468085106384 0.15595463137996218
0 0.8324468085106383 0.04253308128544423 0.03829787234042553 0.08506616257088846
0 0.861436170212766 0.02504725897920605 0.034574468085106384 0.0500945179584121
0 0.8946808510638298 0.03213610586011342 0.0425531914893617 0.06427221172022685
0 0.5952127659574468 0.17178638941398866 0.0425531914893617 0.15359168241965973
0 0.629122340425532 0.16351606805293006 0.03856382978723404 0.17013232514177692
0 0.5054521276595745 0.28757088846880907 0.04654255319148936 0.19612476370510398
0 0.5320478723404255 0.1895085066162571 0.04654255319148936 0.20321361058601134
0 0.7976063829787234 0.03213610586011342 0.02925531914893617 0.06427221172022685
0 0.04521276595744681 0.5897920604914934 0.06888297872340425 0.16068052930056712
0 0.10186170212765958 0.5864839319470699 0.07127659574468086 0.15406427221172023
0 0.18085106382978725 0.5831758034026465 0.0848404255319149 0.14744801512287334
0 0.24335106382978725 0.5746691871455577 0.057180851063829786 0.12996219281663515
0 0.3159574468085106 0.5349716446124764 0.04946808510638298 0.05103969754253308
0 0.2848404255319149 0.5666351606805293 0.03430851063829787 0.04678638941398866
0 0.8148936170212766 0.6710775047258979 0.15 0.15406427221172023
0 0.636436170212766 0.7277882797731569 0.08590425531914894 0.2547258979206049