0 0.6851023890784983 0.17113981762917935 0.03594709897610931 0.1917629179331308
0 0.2090443686006826 0.6869300911854104 0.2431740614334471 0.24012158054711247
0 0.32764505119453924 0.4194528875379939 0.12286689419795221 0.17933130699088146
0 0.1864334470989761 0.4194528875379939 0.13395904436860068 0.17933130699088146
0 0.015784982935153583 0.3837386018237082 0.031569965870307165 0.10790273556231003
0 0.08532423208191127 0.4452887537993921 0.10921501706484642 0.23100303951367782
0 0.6262798634812287 0.7743161094224924 0.33831058020477817 0.4506079027355623
0 0.60580204778157 0.5562310030395137 0.04607508532423208 0.10790273556231003
0 0.9330204778156996 0.7659574468085106 0.13395904436860068 0.4566869300911854
0 0.8630546075085325 0.6367781155015197 0.15102389078498293 0.23708206686930092
0 0.8276450511945392 0.6094224924012158 0.08532423208191127 0.23328267477203649
0 0.6663822525597269 0.5645896656534954 0.12457337883959044 0.2074468085106383
0 0.41168941979522183 0.851823708206687 0.024744027303754267 0.29559270516717323