0 0.23141592920353982 0.19558359621451105 0.12300884955752213 0.15063091482649843
0 0.4964601769911504 0.10331230283911672 0.05398230088495575 0.14037854889589904
0 0.4597345132743363 0.10883280757097792 0.01991150442477876 0.11987381703470032
0 0.46814159292035395 0.06309148264984227 0.01504424778761062 0.03470031545741325
0 0.10309734513274336 0.8580441640378549 0.03274336283185841 0.11750788643533124
0 0.17787610619469027 0.9029968454258676 0.03893805309734513 0.08990536277602523
0 0.19469026548672566 0.8430599369085173 0.029646017699115044 0.10804416403785488
0 0.20929203539823008 0.8470031545741324 0.02654867256637168 0.10804416403785488
0 0.23805309734513275 0.8470031545741324 0.02654867256637168 0.08990536277602523
0 0.26415929203539823 0.8406940063091483 0.02743362831858407 0.09384858044164038
0 0.29469026548672567 0.8383280757097792 0.02743362831858407 0.09621451104100946
0 0.32964601769911506 0.832018927444795 0.029646017699115044 0.09936908517350158
0 0.3566371681415929 0.8241324921135647 0.020353982300884955 0.0914826498422713