0 0.26009501187648454 0.22304439746300211 0.07125890736342043 0.35306553911205074
0 0.16983372921615203 0.686046511627907 0.09857482185273159 0.2029598308668076
0 0.4026128266033254 0.6971458773784355 0.07660332541567696 0.19238900634249473
0 0.5305819477434679 0.6971458773784355 0.056116389548693586 0.14852008456659618
0 0.015736342042755345 0.6474630021141649 0.03147268408551069 0.1263213530655391
0 0.05671021377672209 0.654862579281184 0.02880047505938242 0.10412262156448203
0 0.07808788598574821 0.6395348837209303 0.024643705463182897 0.11733615221987315
0 0.10807600950118765 0.6437632135306554 0.02998812351543943 0.11522198731501057
0 0.1404394299287411 0.653276955602537 0.02880047505938242 0.07135306553911205
0 0.22921615201900236 0.654862579281184 0.020486935866983372 0.10782241014799154
0 0.24376484560570072 0.671247357293869 0.016330166270783847 0.07505285412262157
0 0.3423396674584323 0.6495771670190275 0.02998812351543943 0.09725158562367865
0 0.4833729216152019 0.6421775898520085 0.019299287410926364 0.0824524312896406
0 0.5038598574821853 0.6194503171247357 0.016330166270783847 0.03646934460887949
0 0.5044536817102138 0.654862579281184 0.02315914489311164 0.07135306553911205
0 0.5730403800475059 0.6606765327695561 0.015142517814726841 0.07875264270613108
0 0.58729216152019 0.6606765327695561 0.016330166270783847 0.07875264270613108
0 0.8500593824228029 0.6997885835095138 0.14994061757719715 0.6004228329809725