0 0.0374331550802139 0.2849206349206349 0.0748663101604278 0.5476190476190477
0 0.5944741532976827 0.3253968253968254 0.13012477718360071 0.5484126984126985
0 0.004010695187165776 0.8992063492063492 0.008021390374331552 0.09365079365079365
0 0.011506238859180007 0.8767460317460318 0.014037433155080214 0.0868412698412699
0 0.26871657754010697 0.9698412698412698 0.031194295900178252 0.06031746031746032
0 0.22994652406417113 0.9793650793650793 0.0338680926916221 0.04126984126984127
0 0.22370766488413546 0.9587301587301588 0.026737967914438502 0.08253968253968254
0 0.24582887700534753 0.8958888888888891 0.017361853832442084 0.07096825396825403
0 0.2555347593582888 0.8870158730158729 0.013565062388591825 0.09057142857142866
0 0.36535650623885924 0.8515396825396826 0.02250445632798574 0.06815873015873025
0 0.3928787878787878 0.8496666666666666 0.014652406417112348 0.07188888888888884
0 0.3711229946524064 0.8328730158730159 0.015231729055258394 0.06442857142857147
0 0.4804188948306595 0.8720793650793652 0.02096256684491977 0.049492063492063414
0 0.4492245989304813 0.8193333333333335 0.02357397504456332 0.04107936507936507
0 0.4222281639928699 0.768904761904762 0.016755793226381422 0.04107936507936507
0 0.40964349376114084 0.7600317460317461 0.027281639928698663 0.040142857142857084
0 0.40152406417112296 0.7264285714285714 0.010980392156862688 0.05882539682539674
0 0.39261140819964346 0.7236190476190476 0.018377896613190635 0.05695238095238094
0 0.36692513368983964 0.739031746031746 0.00992869875222805 0.0616190476190477
0 0.3546078431372549 0.7315555555555555 0.017860962566844888 0.06349206349206349
0 0.2961586452762923 0.747904761904762 0.007914438502673895 0.06628571428571427
0 0.28278966131907307 0.7829206349206349 0.011586452762923352 0.05228571428571437
0 0.29379679144385024 0.7717142857142857 0.012629233511586315 0.0616190476190477
0 0.3113636363636364 0.8034603174603174 0.01620320855614979 0.06536507936507928
0 0.3079500891265597 0.774047619047619 0.01157754010695188 0.055095238095238155
0 0.26574866310160433 0.7707777777777778 0.011069518716577605 0.06536507936507928
0 0.2578877005347594 0.7544285714285714 0.012121212121212243 0.0756349206349206
0 0.26863636363636373 0.7595714285714286 0.013573975044563296 0.07657142857142858
0 0.24897504456327987 0.6736666666666667 0.017237076648841283 0.0616190476190477
0 0.20729946524064163 0.6694603174603174 0.010409982174687912 0.05322222222222218
0 0.22303030303030305 0.6718095238095239 0.012513368983957187 0.056015873015872956
0 0.4879679144385027 0.6087301587301587 0.020499108734402853 0.01746031746031746
0 0.26994652406417113 0.648 0.013048128342246078 0.045746031746031826
0 0.2791176470588236 0.6788095238095238 0.008333333333333252 0.0625555555555555
0 0.26889483065953657 0.6844126984126985 0.013163992869875206 0.05695238095238094
0 0.11942959001782531 0.6126984126984127 0.008912655971479501 0.025396825396825397
0 0.0022281639928698753 0.6142857142857143 0.004456327985739751 0.02857142857142857
0 0.053930481283422455 0.6527777777777778 0.009545454545454577 0.0496031746031746
0 0.03499108734402851 0.6557619047619048 0.010668449197860986 0.05555555555555555
0 0.017442067736185427 0.6567460317460317 0.010115864527629153 0.06349206349206349
0 0.023618538324420676 0.6214285714285714 0.011586452762923352 0.04285714285714286
0 0.06646167557932268 0.6428571428571429 0.013440285204991022 0.05555555555555555
0 0.06590017825311947 0.627984126984127 0.0156684491978609 0.047619047619047616
0 0.11809269162210338 0.6182539682539683 0.008021390374331552 0.03650793650793651
0 0.008912655971479501 0.6055555555555555 0.008912655971479501 0.011111111111111112
0 0.09406417112299462 0.9012857142857142 0.019367201426024973 0.0863174603174603
0 0.3020944741532977 0.9161746031746033 0.017745098039215555 0.06846031746031746
0 0.3048752228163992 0.8859206349206349 0.014563279857397634 0.07142857142857142
0 0.31963458110516935 0.9027777777777778 0.0194206773618538 0.10119047619047619
0 0.3187967914438503 0.8873968253968253 0.013440285204991022 0.06447619047619048
0 0.5084670231729055 0.6222222222222222 0.01871657754010695 0.044444444444444446
0 0.20320855614973263 0.6103174603174604 0.0053475935828877 0.020634920634920634
0 0.25267379679144386 0.6126984126984127 0.006238859180035651 0.025396825396825397
0 0.22028520499108742 0.6351746031746032 0.010543672014260186 0.040174603174603175
0 0.23114973262032087 0.6379047619047619 0.01110516934046349 0.03968253968253968
0 0.008467023172905526 0.6071428571428571 0.008021390374331552 0.014285714285714285
0 0.23615864527629235 0.7232222222222222 0.013957219251336769 0.05952380952380952
0 0.2510606060606061 0.7194920634920634 0.01033868092691614 0.06001587301587293
0 0.8819073083778967 0.9063492063492063 0.16131907308377896 0.1865079365079365
0 0.7540106951871658 0.8 0.44919786096256686 0.4