0 0.0923807205452775 0.25794938351719665 0.035662122687439145 0.14779364049318625
0 0.7462268743914313 0.29688513951979234 0.031888997078870496 0.11096690460739779
0 0.811222005842259 0.3200843608046723 0.032862706913339826 0.12232316677482155
0 0.8005111976630964 0.29883192731992214 0.02629016553067186 0.1245944192083063
0 0.9694498539435248 0.08987670343932512 0.027020447906523856 0.06846203763789747
0 0.9104186952288218 0.08987670343932512 0.027020447906523856 0.07624918883841661
0 0.87865141187926 0.08679428942245296 0.01777020447906524 0.06489292667099286
0 0.8192551119766309 0.030012978585334197 0.022395326192794548 0.056132381570408826
0 0.5374878286270691 0.02693056456846204 0.015092502434274586 0.04737183646982479
0 0.997078870496592 0.053698896820246596 0.005842259006815969 0.038611291369240755
0 0.9408471275559883 0.8405256327060351 0.031523855890944495 0.045749513303049966