0 0.017379679144385027 0.33127376425855515 0.034759358288770054 0.1758555133079848
0 0.6914438502673796 0.20960076045627377 0.12058823529411765 0.2846958174904943
0 0.8109625668449197 0.21435361216730037 0.13663101604278075 0.2652091254752852
0 0.8577540106951872 0.13783269961977188 0.03449197860962567 0.04800380228136882
0 0.8911764705882353 0.1473384030418251 0.03208556149732621 0.06463878326996197
0 0.913903743315508 0.16872623574144488 0.06925133689839572 0.13307984790874525
0 0.8203208556149733 0.1326045627376426 0.016844919786096257 0.02994296577946768
0 0.8363636363636363 0.12357414448669202 0.016844919786096257 0.03754752851711027
0 0.7443850267379679 0.12927756653992395 0.020320855614973262 0.05418250950570342
0 0.8652406417112299 0.6321292775665399 0.05695187165775401 0.06939163498098859
0 0.743048128342246 0.7718631178707225 0.22272727272727272 0.18631178707224336