0 0.2042464114832536 0.06542553191489361 0.04844497607655503 0.13085106382978723
0 0.1519138755980861 0.06861702127659575 0.03349282296650718 0.1372340425531915
0 0.19886363636363635 0.10212765957446808 0.026913875598086126 0.14042553191489363
0 0.9105861244019139 0.2569148936170213 0.05532296650717703 0.24095744680851064
0 0.8899521531100478 0.09627659574468085 0.03738038277511962 0.14308510638297872
0 0.854066985645933 0.17340425531914894 0.0729665071770335 0.1425531914893617
0 0.9410885167464115 0.11010638297872341 0.03438995215311005 0.13031914893617022
0 0.9138755980861244 0.05585106382978723 0.029904306220095694 0.09574468085106383
0 0.9647129186602871 0.11170212765957446 0.019437799043062202 0.0627659574468085
0 0.5950956937799043 0.3473404255319149 0.09599282296650717 0.16489361702127658
0 0.7805023923444976 0.061170212765957445 0.03349282296650718 0.09787234042553192
0 0.7377392344497608 0.09468085106382979 0.02452153110047847 0.08563829787234042
0 0.7595693779904307 0.08457446808510638 0.026614832535885168 0.07553191489361702
0 0.7942583732057417 0.05319148936170213 0.02242822966507177 0.07819148936170213
0 0.44557416267942584 0.7457446808510638 0.18779904306220097 0.4531914893617021
0 0.26465311004784686 0.7143617021276596 0.32745215311004783 0.474468085106383
0 0.8151913875598086 0.6393617021276595 0.13068181818181818 0.35