0 0.23714114832535885 0.7585106382978724 0.04784688995215311 0.2781914893617021
0 0.28080143540669855 0.36117021276595745 0.021830143540669856 0.125531914893617
0 0.17763157894736842 0.7627659574468085 0.04754784688995215 0.27872340425531916
0 0.20813397129186603 0.6845744680851064 0.04366028708133971 0.2601063829787234
0 0.12260765550239235 0.6053191489361702 0.03588516746411483 0.21914893617021278
0 0.07416267942583732 0.8893617021276595 0.1034688995215311 0.22127659574468084
0 0.9285287081339713 0.502127659574468 0.042464114832535885 0.21914893617021278
0 0.6886961722488039 0.5079787234042553 0.028409090909090908 0.1601063829787234
0 0.6226076555023924 0.8606382978723405 0.08552631578947369 0.27872340425531916
0 0.8274521531100478 0.973404255319149 0.09001196172248804 0.05319148936170213
0 0.9114832535885168 0.5771276595744681 0.031698564593301434 0.17127659574468085
0 0.9063995215311005 0.43882978723404253 0.03379186602870814 0.20797872340425533
0 0.9482655502392344 0.4574468085106383 0.025119617224880382 0.20851063829787234
0 0.7389354066985646 0.45851063829787236 0.04784688995215311 0.19042553191489361
0 0.7667464114832536 0.4148936170212766 0.038875598086124404 0.13617021276595745