0 0.27243211334120426 0.06722689075630252 0.023022432113341203 0.13445378151260504
0 0.3152302243211334 0.07983193277310924 0.025974025974025976 0.13445378151260504
0 0.5723140495867769 0.3240546218487395 0.10566706021251476 0.33088235294117646
0 0.6750295159386068 0.21008403361344538 0.0885478158205431 0.164390756302521
0 0.8612750885478159 0.29516806722689076 0.1617473435655254 0.24632352941176472
0 0.7051357733175915 0.32983193277310924 0.1921487603305785 0.31880252100840334
0 0.17502951593860686 0.7515756302521008 0.12514757969303425 0.2762605042016807
0 0.307556080283353 0.7489495798319328 0.1399055489964581 0.22373949579831934
0 0.614521841794569 0.8755252100840336 0.010920897284533649 0.044642857142857144
0 0.6325265643447462 0.8760504201680672 0.012101534828807556 0.0430672268907563
0 0.8028335301062574 0.8623949579831933 0.00974025974025974 0.03413865546218487
0 0.8234946871310508 0.8644957983193278 0.005312868949232586 0.026260504201680673
0 0.8116883116883117 0.8644957983193278 0.005312868949232586 0.032563025210084036