0 0.5463687150837989 0.17246520874751492 0.11620111731843576 0.34493041749502984
0 0.9578212290502793 0.19980119284294234 0.0446927374301676 0.24055666003976142
0 0.9301675977653632 0.1496023856858847 0.02905027932960894 0.12375745526838966
0 0.9136871508379888 0.10984095427435388 0.021787709497206705 0.05964214711729622
0 0.8916201117318435 0.25894632206759444 0.037430167597765365 0.3991053677932406
0 0.7980446927374302 0.27137176938369784 0.045251396648044694 0.3757455268389662
0 0.791340782122905 0.07554671968190854 0.02569832402234637 0.042743538767395624
0 0.7377094972067039 0.21769383697813122 0.029608938547486034 0.32952286282306165
0 0.6770949720670391 0.15159045725646123 0.028770949720670392 0.21371769383697814
0 0.7039106145251397 0.0705765407554672 0.01675977653631285 0.04920477137176938
0 0.7156424581005587 0.10039761431411531 0.022625698324022347 0.11182902584493042
0 0.8220670391061452 0.0959244532803181 0.01983240223463687 0.060139165009940355
0 0.8391061452513966 0.0989065606361829 0.008379888268156424 0.0437375745526839
0 0.8477653631284916 0.2276341948310139 0.04692737430167598 0.3071570576540755
0 0.988268156424581 0.09542743538767395 0.008659217877094972 0.045228628230616304
0 0.2494413407821229 0.6819085487077535 0.024022346368715083 0.12326043737574553
0 0.8642458100558659 0.7460238568588469 0.13491620111731845 0.3503976143141153