0 0.08763440860215053 0.030592734225621414 0.021505376344086023 0.06118546845124283
0 0.10026881720430107 0.17925430210325047 0.03602150537634408 0.1864244741873805
0 0.009946236559139785 0.2280114722753346 0.01989247311827957 0.2055449330783939
0 0.9021505376344086 0.06022944550669216 0.00913978494623656 0.016730401529636712
0 0.4161290322580645 0.6362332695984704 0.03763440860215054 0.17495219885277247
0 0.10591397849462365 0.8991395793499044 0.060215053763440864 0.20172084130019122
0 0.17903225806451614 0.9048757170172084 0.05161290322580645 0.19024856596558318
0 0.3696236559139785 0.6123326959847036 0.03064516129032258 0.15965583173996176
0 0.2870967741935484 0.5224665391969407 0.03118279569892473 0.14244741873804972
0 0.3870967741935484 0.642925430210325 0.02043010752688172 0.10611854684512428
0 0.4438172043010753 0.4096558317399618 0.012365591397849462 0.0372848948374761