0 0.30369718309859156 0.10579937304075235 0.01936619718309859 0.08620689655172414
0 0.3221830985915493 0.10893416927899686 0.017605633802816902 0.08307210031347963
0 0.6712147887323944 0.23510971786833856 0.15360915492957747 0.34717868338557994
0 0.9317781690140845 0.322884012539185 0.061619718309859156 0.17163009404388715
0 0.9797535211267606 0.3573667711598746 0.040492957746478875 0.10344827586206896
0 0.7605633802816901 0.23197492163009403 0.05237676056338028 0.07523510971786834
0 0.8908450704225352 0.3503134796238245 0.037852112676056336 0.11755485893416928
0 0.9977992957746479 0.2711598746081505 0.003961267605633803 0.03605015673981191
0 0.991637323943662 0.2782131661442006 0.016725352112676055 0.0384012539184953
0 0.4269366197183099 0.6363636363636364 0.05149647887323944 0.13009404388714735
0 0.7860915492957746 0.7045454545454546 0.4278169014084507 0.5909090909090909