0 0.4618055555555556 0.1427469135802469 0.041666666666666664 0.18981481481481483
0 0.5104166666666666 0.7353395061728395 0.2035590277777778 0.529320987654321
0 0.43359375 0.8032407407407407 0.13671875 0.39351851851851855
0 0.1467013888888889 0.720679012345679 0.25 0.30092592592592593
0 0.6657986111111112 0.7299382716049383 0.2877604166666667 0.5401234567901234
0 0.9001736111111112 0.7554012345679012 0.057291666666666664 0.22685185185185186
0 0.9633680555555555 0.6841203703703703 0.011241319444444434 0.034135802469135806
0 0.8198524305555556 0.6670061728395063 0.01289062500000002 0.05391975308641975
0 0.8327430555555555 0.6692283950617284 0.009904513888888862 0.03521604938271604
0 0.8458593750000001 0.6776543209876543 0.014045138888888845 0.040493827160493844
0 0.8590972222222223 0.6753858024691358 0.011432291666666681 0.04560185185185187
0 0.8696354166666667 0.6731481481481482 0.01097222222222221 0.04496913580246911
0 0.8799739583333334 0.6724845679012346 0.008749999999999987 0.0378703703703704
0 0.9209635416666667 0.6689660493827161 0.005989583333333314 0.025030864197530905
0 0.9782291666666667 0.6790432098765432 0.006484375000000024 0.02012345679012349
0 0.9490538194444444 0.6822993827160494 0.010269097222222209 0.03324074074074077
0 0.9355295138888889 0.6786574074074074 0.011276041666666674 0.03037037037037038