0 0.010169491525423728 0.20090634441087613 0.020338983050847456 0.08459214501510574
0 0.1902542372881356 0.7854984894259819 0.075 0.14123867069486404
0 0.10805084745762712 0.7416918429003021 0.014830508474576272 0.021148036253776436
0 0.29533898305084744 0.7311178247734139 0.01694915254237288 0.03323262839879154
0 0.3169491525423729 0.7303625377643505 0.017796610169491526 0.033987915407854986
0 0.3241525423728814 0.7190332326283988 0.009745762711864408 0.012084592145015106
0 0.3347457627118644 0.7326283987915407 0.01228813559322034 0.026435045317220542
0 0.34491525423728814 0.7212990936555891 0.007203389830508475 0.011329305135951661
0 0.3474576271186441 0.7288519637462235 0.013559322033898305 0.024924471299093656
0 0.3652542372881356 0.729607250755287 0.019067796610169493 0.027945619335347432
0 0.3834745762711864 0.7273413897280967 0.01228813559322034 0.02039274924471299
0 0.2783898305084746 0.7318731117824774 0.013135593220338982 0.02190332326283988
0 0.2614406779661017 0.7371601208459214 0.018220338983050848 0.024924471299093656
0 0.2440677966101695 0.7356495468277946 0.014830508474576272 0.028700906344410877
0 0.23008474576271187 0.7348942598187311 0.01440677966101695 0.027945619335347432
0 0.21694915254237288 0.7341389728096677 0.011440677966101695 0.023413897280966767
0 0.163135593220339 0.7318731117824774 0.007627118644067797 0.015861027190332326
0 0.048305084745762714 0.7424471299093656 0.011016949152542373 0.012084592145015106
0 0.001271186440677966 0.743202416918429 0.00211864406779661 0.014350453172205438
0 0.0038135593220338985 0.7386706948640483 0.005932203389830509 0.00906344410876133
0 0.08855932203389831 0.7379154078549849 0.00847457627118644 0.01283987915407855
0 0.1266949152542373 0.7401812688821753 0.013559322033898305 0.02039274924471299
0 0.1440677966101695 0.7379154078549849 0.014830508474576272 0.0188821752265861
0 0.6711864406779661 0.8134441087613293 0.5127118644067796 0.25604229607250756