0 0.21355060034305318 0.05198776758409786 0.018867924528301886 0.0856269113149847
0 0.18910806174957118 0.053516819571865444 0.02144082332761578 0.0856269113149847
0 0.7997427101200686 0.2851681957186544 0.19725557461406518 0.3073394495412844
0 0.6367924528301887 0.21941896024464833 0.11406518010291596 0.43883792048929665
0 0.2607204116638079 0.7025993883792049 0.06903945111492281 0.16896024464831805
0 0.8057461406518011 0.8509174311926605 0.07289879931389365 0.2981651376146789
0 0.7144082332761578 0.8103975535168195 0.05102915951972556 0.2408256880733945
0 0.8636363636363636 0.8203363914373089 0.060034305317324184 0.2775229357798165
0 0.5831903945111492 0.6735474006116208 0.006432246998284734 0.0856269113149847
0 0.6753859348198971 0.6399082568807339 0.015866209262435677 0.05963302752293578
0 0.7178387650085764 0.6246177370030581 0.012864493996569469 0.0481651376146789
0 0.8464837049742711 0.6077981651376146 0.012864493996569469 0.05122324159021407
0 0.8018867924528302 0.6093272171253823 0.01672384219554031 0.04434250764525994