0 0.7433176100628931 0.3128491620111732 0.010220125786163521 0.05446927374301676
0 0.7197327044025157 0.27932960893854747 0.00550314465408805 0.03910614525139665
0 0.6749213836477987 0.3261173184357542 0.012578616352201259 0.05307262569832402
0 0.6470125786163522 0.3009776536312849 0.014937106918238994 0.05027932960893855
0 0.6305031446540881 0.3442737430167598 0.0110062893081761 0.04888268156424581
0 0.6155660377358491 0.3442737430167598 0.01729559748427673 0.04888268156424581
0 0.6049528301886793 0.3470670391061452 0.014937106918238994 0.04329608938547486
0 0.922562893081761 0.348463687150838 0.01650943396226415 0.040502793296089384
0 0.9190251572327044 0.35544692737430167 0.014150943396226415 0.02653631284916201
0 0.9779874213836478 0.35544692737430167 0.015723270440251572 0.02653631284916201
0 0.9732704402515723 0.24162011173184358 0.009433962264150943 0.040502793296089384
0 0.9178459119496856 0.28701117318435754 0.01729559748427673 0.0335195530726257
0 0.8734276729559748 0.3372905027932961 0.01729559748427673 0.04888268156424581
0 0.7979559748427673 0.3610335195530726 0.0110062893081761 0.015363128491620111
0 0.7873427672955975 0.35544692737430167 0.01179245283018868 0.02653631284916201
0 0.7775157232704403 0.33519553072625696 0.007861635220125786 0.04329608938547486
0 0.7775157232704403 0.30726256983240224 0.010220125786163521 0.04189944134078212
0 0.7657232704402516 0.30307262569832405 0.009433962264150943 0.04748603351955307
0 0.8219339622641509 0.3051675977653631 0.01179245283018868 0.03212290502793296
0 0.8404088050314465 0.3477653631284916 0.013364779874213837 0.029329608938547486
0 0.8522012578616353 0.3372905027932961 0.01650943396226415 0.0223463687150838
0 0.8738207547169812 0.30027932960893855 0.008647798742138365 0.02094972067039106
0 0.8620283018867925 0.27583798882681565 0.014150943396226415 0.02094972067039106
0 0.862814465408805 0.2346368715083799 0.013364779874213837 0.0446927374301676
0 0.8934748427672956 0.21089385474860337 0.013364779874213837 0.018156424581005588
0 0.8533805031446541 0.20810055865921787 0.008647798742138365 0.029329608938547486
0 0.8525943396226415 0.19273743016759776 0.007075471698113208 0.02094972067039106
0 0.860062893081761 0.17318435754189945 0.009433962264150943 0.0335195530726257
0 0.8805031446540881 0.18505586592178772 0.007075471698113208 0.03212290502793296
0 0.8977987421383647 0.18365921787709497 0.007075471698113208 0.029329608938547486
0 0.9068396226415094 0.17946927374301677 0.007075471698113208 0.02653631284916201
0 0.9178459119496856 0.17807262569832402 0.007075471698113208 0.027932960893854747
0 0.9516509433962265 0.19832402234636873 0.009433962264150943 0.027932960893854747
0 0.940251572327044 0.06843575418994413 0.003930817610062893 0.02653631284916201
0 0.9257075471698113 0.05865921787709497 0.006289308176100629 0.0223463687150838
0 0.9064465408805031 0.04888268156424581 0.0031446540880503146 0.02094972067039106
0 0.9198113207547169 0.05935754189944134 0.0047169811320754715 0.029329608938547486
0 0.9650157232704403 0.2835195530726257 0.014937106918238994 0.03910614525139665
0 0.9599056603773585 0.27583798882681565 0.014150943396226415 0.04748603351955307
0 0.6367924528301887 0.16899441340782123 0.007075471698113208 0.030726256983240222
0 0.6187106918238994 0.1696927374301676 0.006289308176100629 0.025139664804469275
0 0.6120283018867925 0.2164804469273743 0.003930817610062893 0.030726256983240222
0 0.5947327044025157 0.28631284916201116 0.010220125786163521 0.05027932960893855
0 0.6906446540880503 0.1424581005586592 0.010220125786163521 0.03212290502793296
0 0.7944182389937107 0.025139664804469275 0.00550314465408805 0.02094972067039106
0 0.8058176100628931 0.1494413407821229 0.0047169811320754715 0.03212290502793296
0 0.7979559748427673 0.14804469273743018 0.009433962264150943 0.03212290502793296
0 0.9284591194968553 0.20460893854748605 0.008647798742138365 0.02653631284916201
0 0.9292452830188679 0.17248603351955308 0.007075471698113208 0.03770949720670391
0 0.7059748427672956 0.2590782122905028 0.012578616352201259 0.034916201117318434
0 0.835691823899371 0.0335195530726257 0.00550314465408805 0.019553072625698324
0 0.8683176100628931 0.040502793296089384 0.00550314465408805 0.023743016759776536
0 0.8620283018867925 0.03910614525139665 0.00550314465408805 0.025139664804469275
0 0.8812893081761006 0.04399441340782123 0.003930817610062893 0.027932960893854747
0 0.8844339622641509 0.0446927374301676 0.00550314465408805 0.02094972067039106
0 0.8671383647798742 0.15502793296089384 0.00550314465408805 0.02653631284916201
0 0.8844339622641509 0.15363128491620112 0.0047169811320754715 0.025139664804469275
0 0.9182389937106918 0.1627094972067039 0.0047169811320754715 0.019553072625698324
0 0.8176100628930818 0.2611731843575419 0.013364779874213837 0.0223463687150838
0 0.8313679245283019 0.24231843575418993 0.01179245283018868 0.025139664804469275
0 0.8431603773584906 0.21578212290502793 0.007075471698113208 0.03212290502793296
0 0.7480345911949685 0.13477653631284917 0.007075471698113208 0.029329608938547486
0 0.7366352201257862 0.14175977653631286 0.00550314465408805 0.030726256983240222
0 0.7272012578616353 0.1473463687150838 0.0047169811320754715 0.027932960893854747
0 0.735062893081761 0.10474860335195531 0.0047169811320754715 0.02653631284916201
0 0.8856132075471698 0.23743016759776536 0.013364779874213837 0.019553072625698324
0 0.8580974842767296 0.14594972067039105 0.006289308176100629 0.02653631284916201
0 0.8636006289308176 0.12220670391061453 0.0031446540880503146 0.025139664804469275
0 0.8683176100628931 0.12360335195530726 0.0047169811320754715 0.023743016759776536
0 0.8734276729559748 0.125 0.0047169811320754715 0.02653631284916201
0 0.8781446540880503 0.12779329608938547 0.0047169811320754715 0.027932960893854747
0 0.7161949685534591 0.15153631284916202 0.0031446540880503146 0.0223463687150838
0 0.720125786163522 0.1494413407821229 0.00550314465408805 0.029329608938547486
0 0.7468553459119497 0.23044692737430167 0.007861635220125786 0.0223463687150838
0 0.7130503144654088 0.19483240223463688 0.006289308176100629 0.03212290502793296
0 0.8553459119496856 0.1180167597765363 0.00550314465408805 0.018156424581005588
0 0.8580974842767296 0.12290502793296089 0.0047169811320754715 0.018156424581005588
0 0.8494496855345912 0.11662011173184357 0.0047169811320754715 0.019553072625698324
0 0.7775157232704403 0.12360335195530726 0.00550314465408805 0.02094972067039106
0 0.7684748427672956 0.12988826815642457 0.006289308176100629 0.018156424581005588
0 0.7606132075471698 0.12150837988826815 0.007075471698113208 0.0223463687150838
0 0.7437106918238994 0.10893854748603352 0.003930817610062893 0.027932960893854747
0 0.7507861635220126 0.11662011173184357 0.0031446540880503146 0.025139664804469275
0 0.7319182389937107 0.14594972067039105 0.003930817610062893 0.023743016759776536
0 0.7688679245283019 0.02863128491620112 0.0023584905660377358 0.015363128491620111
0 0.7661163522012578 0.02723463687150838 0.003930817610062893 0.02094972067039106
0 0.7606132075471698 0.025837988826815643 0.007075471698113208 0.0223463687150838
0 0.8223270440251572 0.030726256983240222 0.0031446540880503146 0.0223463687150838
0 0.8266509433962265 0.031424581005586594 0.0015723270440251573 0.0223463687150838
0 0.8297955974842768 0.03212290502793296 0.0031446540880503146 0.01675977653631285
0 0.9952830188679245 0.31354748603351956 0.009433962264150943 0.023743016759776536
0 0.9925314465408805 0.30307262569832405 0.014937106918238994 0.025139664804469275
0 0.9430031446540881 0.1878491620111732 0.007075471698113208 0.036312849162011177
0 0.8950471698113207 0.12779329608938547 0.00550314465408805 0.027932960893854747
0 0.887185534591195 0.13337988826815642 0.003930817610062893 0.023743016759776536
0 0.8816823899371069 0.13128491620111732 0.00550314465408805 0.023743016759776536
0 0.8840408805031447 0.11522346368715083 0.003930817610062893 0.015363128491620111
0 0.8879716981132075 0.12011173184357542 0.003930817610062893 0.013966480446927373
0 0.8915094339622641 0.11941340782122906 0.007861635220125786 0.02094972067039106
0 0.889937106918239 0.13687150837988826 0.0031446540880503146 0.027932960893854747
0 0.9009433962264151 0.052374301675977654 0.0047169811320754715 0.02094972067039106
0 0.6733490566037735 0.15502793296089384 0.003930817610062893 0.029329608938547486
0 0.6776729559748428 0.14874301675977653 0.00550314465408805 0.03212290502793296
0 0.6336477987421384 0.19902234636871508 0.007861635220125786 0.027932960893854747
0 0.6257861635220126 0.2011173184357542 0.007861635220125786 0.029329608938547486
0 0.6163522012578616 0.20041899441340782 0.008647798742138365 0.03212290502793296
0 0.6336477987421384 0.21717877094972068 0.008647798742138365 0.036312849162011177
0 0.6489779874213837 0.26675977653631283 0.006289308176100629 0.030726256983240222
0 0.6540880503144654 0.2388268156424581 0.01179245283018868 0.0446927374301676
0 0.6450471698113207 0.23743016759776536 0.006289308176100629 0.03770949720670391
0 0.6474056603773585 0.2297486033519553 0.00550314465408805 0.0335195530726257
0 0.6002358490566038 0.2255586592178771 0.006289308176100629 0.027932960893854747
0 0.6037735849056604 0.2185754189944134 0.0047169811320754715 0.034916201117318434
0 0.5970911949685535 0.21368715083798884 0.007861635220125786 0.027932960893854747
0 0.6253930817610063 0.055167597765363126 0.007075471698113208 0.023743016759776536
0 0.6533018867924528 0.04189944134078212 0.007075471698113208 0.02653631284916201
0 0.6788522012578616 0.1180167597765363 0.0047169811320754715 0.0223463687150838
0 0.6257861635220126 0.15572625698324022 0.006289308176100629 0.025139664804469275
0 0.6863207547169812 0.1871508379888268 0.00550314465408805 0.019553072625698324
0 0.6155660377358491 0.14804469273743018 0.0047169811320754715 0.02653631284916201
0 0.8042452830188679 0.2946927374301676 0.018081761006289308 0.015363128491620111
0 0.7952044025157232 0.1180167597765363 0.0047169811320754715 0.02094972067039106
0 0.800314465408805 0.10754189944134078 0.00550314465408805 0.01675977653631285
0 0.16037735849056603 0.8002793296089385 0.12853773584905662 0.35824022346368717
0 0.19732704402515724 0.6808659217877095 0.07114779874213836 0.21368715083798884
0 0.32940251572327045 0.6717877094972067 0.09748427672955975 0.2360335195530726
0 0.42452830188679247 0.7520949720670391 0.13561320754716982 0.295391061452514