0 0.2730034722222222 0.20987654320987653 0.058159722222222224 0.1574074074074074
0 0.2204861111111111 0.16049382716049382 0.057291666666666664 0.22530864197530864
0 0.7647569444444444 0.3425925925925926 0.046875 0.4104938271604938
0 0.8216145833333334 0.3595679012345679 0.033854166666666664 0.3734567901234568
0 0.8519965277777778 0.35725308641975306 0.04210069444444445 0.3263888888888889
0 0.3272569444444444 0.9012345679012346 0.036458333333333336 0.1697530864197531
0 0.20703125 0.716820987654321 0.014756944444444444 0.07561728395061729
0 0.22743055555555555 0.716820987654321 0.015625 0.0787037037037037
0 0.9778645833333334 0.9483024691358025 0.024739583333333332 0.07484567901234568
0 0.9626736111111112 0.9421296296296297 0.021701388888888888 0.06095679012345679
0 0.9930555555555556 0.9405864197530864 0.013888888888888888 0.046296296296296294