0 0.3522906793048973 0.23946629213483145 0.023696682464454975 0.13623595505617977
0 0.3325434439178515 0.24157303370786518 0.020537124802527645 0.13202247191011235
0 0.7156398104265402 0.3925561797752809 0.1721958925750395 0.2928370786516854
0 0.731437598736177 0.3637640449438202 0.26816745655608215 0.34269662921348315
0 0.6046603475513428 0.18398876404494383 0.041469194312796206 0.07303370786516854
0 0.6165086887835703 0.1931179775280899 0.06279620853080568 0.09480337078651685
0 0.65086887835703 0.2345505617977528 0.08688783570300158 0.10182584269662921
0 0.6962875197472354 0.24719101123595505 0.05687203791469194 0.10674157303370786
0 0.5624012638230648 0.36446629213483145 0.12440758293838862 0.3237359550561798
0 0.5292259083728278 0.22893258426966293 0.05845181674565561 0.09550561797752809
0 0.5114533965244866 0.1952247191011236 0.022906793048973143 0.09831460674157304
0 0.04028436018957346 0.7043539325842697 0.018957345971563982 0.08567415730337079
0 0.032780410742496054 0.6495786516853933 0.013428120063191154 0.054775280898876406
0 0.6812796208530806 0.8125 0.11927330173775672 0.375
0 0.868088467614534 0.8433988764044944 0.07977883096366509 0.26053370786516855