0 0.23899647887323944 0.3934169278996865 0.06954225352112677 0.11285266457680251
0 0.31161971830985913 0.19592476489028213 0.04225352112676056 0.20689655172413793
0 0.37191901408450706 0.2335423197492163 0.029049295774647887 0.1536050156739812
0 0.2918133802816901 0.02037617554858934 0.018485915492957746 0.04075235109717868
0 0.30633802816901406 0.02115987460815047 0.014084507042253521 0.04231974921630094
0 0.25440140845070425 0.7053291536050157 0.03653169014084507 0.05877742946708464
0 0.8692781690140845 0.7366771159874608 0.028609154929577465 0.09247648902821316
0 0.7319542253521126 0.7405956112852664 0.03609154929577465 0.09796238244514106
0 0.9828345070422535 0.7311912225705329 0.03433098591549296 0.10579937304075235
0 0.9498239436619719 0.7382445141065831 0.02640845070422535 0.11598746081504702
0 0.75 0.7241379310344828 0.02464788732394366 0.0713166144200627
0 0.7904929577464789 0.7382445141065831 0.030369718309859156 0.15595611285266459
0 0.9313380281690141 0.7249216300940439 0.01716549295774648 0.08934169278996865
0 0.8983274647887324 0.695141065830721 0.02112676056338028 0.09639498432601881
0 0.8904049295774648 0.7029780564263323 0.032130281690140844 0.08620689655172414
0 0.8252640845070423 0.7147335423197492 0.016285211267605633 0.054858934169279
0 0.8089788732394366 0.7155172413793104 0.012764084507042254 0.050940438871473356
0 0.7887323943661971 0.7429467084639498 0.037411971830985914 0.10109717868338558
0 0.6685739436619719 0.7202194357366771 0.017605633802816902 0.07288401253918496
0 0.6412852112676056 0.7249216300940439 0.01584507042253521 0.06504702194357367
0 0.6069542253521126 0.7304075235109718 0.018045774647887324 0.06191222570532915