0 0.6183176100628931 0.41492693110647183 0.07468553459119497 0.22860125260960334
0 0.3706761006289308 0.013048016701461378 0.01650943396226415 0.026096033402922755
0 0.38757861635220126 0.013569937369519834 0.015723270440251572 0.027139874739039668
0 0.839622641509434 0.2860125260960334 0.32075471698113206 0.4859081419624217
0 0.025943396226415096 0.9832985386221295 0.018867924528301886 0.033402922755741124
0 0.04019654088050314 0.9734759916492693 0.015864779874213843 0.025532359081419664
0 0.12578616352201258 0.9519832985386222 0.020440251572327043 0.09603340292275574
0 0.1509433962264151 0.9504175365344467 0.02358490566037736 0.09916492693110647
0 0.13601415094339622 0.9162108559498956 0.009976415094339665 0.03916492693110645
0 0.19091194968553457 0.9364509394572025 0.01963050314465411 0.08124217118997905
0 0.8710691823899371 0.8058455114822547 0.2578616352201258 0.3883089770354906