0 0.2365415986949429 0.2463768115942029 0.02773246329526917 0.11884057971014493
0 0.781810766721044 0.35144927536231885 0.21941272430668843 0.35507246376811596
0 0.685562805872757 0.1536231884057971 0.09053833605220228 0.13478260869565217
0 0.7018760195758564 0.06304347826086956 0.06239804241435563 0.12608695652173912
0 0.6460032626427407 0.15942028985507245 0.07463295269168026 0.21956521739130436
0 0.6199021207177814 0.09057971014492754 0.10399673735725938 0.18115942028985507
0 0.5921696574225123 0.08115942028985507 0.04567699836867863 0.16231884057971013
0 0.5807504078303426 0.060144927536231886 0.08727569331158239 0.11956521739130435
0 0.5367047308319739 0.09565217391304348 0.0599510603588907 0.15434782608695652
0 0.49755301794453505 0.1289855072463768 0.06769983686786298 0.2579710144927536
0 0.8535889070146819 0.782608695652174 0.050978792822185974 0.16594202898550725
0 0.8947797716150081 0.7492753623188406 0.042822185970636216 0.17028985507246377
0 0.6941272430668842 0.8753623188405797 0.06892332789559544 0.1927536231884058
0 0.6243882544861338 0.8289855072463768 0.0701468189233279 0.17898550724637682
0 0.6696574225122349 0.7673913043478261 0.03833605220228385 0.1572463768115942