0 0.6539074960127592 0.03125 0.02711323763955343 0.0625
0 0.2671451355661882 0.8615056818181818 0.17862838915470494 0.27698863636363635
0 0.18899521531100477 0.7073863636363636 0.07376395534290271 0.10227272727272728
0 0.20175438596491227 0.6377840909090909 0.051036682615629984 0.09659090909090909
0 0.15669856459330145 0.7116477272727273 0.061004784688995214 0.16619318181818182
0 0.13556618819776714 0.6590909090909091 0.08492822966507177 0.13849431818181818
0 0.11323763955342903 0.6519886363636364 0.03668261562998405 0.125
0 0.10366826156299841 0.6356534090909091 0.07097288676236045 0.09161931818181818
0 0.06778309409888357 0.6633522727272727 0.04904306220095694 0.1171875
0 0.035486443381180226 0.6875 0.05502392344497608 0.19602272727272727
0 0.8608452950558214 0.8032670454545454 0.15231259968102073 0.3927556818181818
0 0.6686602870813397 0.8103693181818182 0.1511164274322169 0.37926136363636365
0 0.5466507177033493 0.7975852272727273 0.13995215311004786 0.4041193181818182
0 0.9409888357256778 0.6889204545454546 0.0215311004784689 0.06321022727272728