0 0.041329011345218804 0.08285302593659942 0.06320907617504051 0.16570605187319884
0 0.9813614262560778 0.3285302593659942 0.03727714748784441 0.23703170028818443
0 0.9059967585089141 0.3479827089337176 0.06969205834683954 0.20317002881844382
0 0.7775526742301458 0.3069164265129683 0.030388978930307942 0.1685878962536023
0 0.796191247974068 0.33213256484149856 0.07171799027552674 0.23487031700288186
0 0.5822528363047001 0.30547550432276654 0.06604538087520259 0.2680115273775216
0 0.10899513776337115 0.8220461095100865 0.0692868719611021 0.19452449567723343
0 0.2637763371150729 0.8097982708933718 0.07698541329011345 0.23703170028818443
0 0.3488654781199352 0.8011527377521613 0.05753646677471637 0.1988472622478386
0 0.46636952998379255 0.7795389048991355 0.04578606158833063 0.16786743515850144
0 0.4837925445705024 0.7442363112391931 0.012560777957860616 0.029538904899135448
0 0.014181523500810372 0.7564841498559077 0.025121555915721232 0.07636887608069164