0 0.09416666666666666 0.27522255192878337 0.06833333333333333 0.28635014836795253
0 0.8233333333333334 0.4688427299703264 0.04666666666666667 0.04154302670623145
0 0.4225 0.7559347181008902 0.205 0.48813056379821956
0 0.26708333333333334 0.7514836795252225 0.22666666666666666 0.4970326409495549
0 0.20875 0.7537091988130564 0.35208333333333336 0.49258160237388726
0 0.5820833333333333 0.884272997032641 0.05416666666666667 0.2314540059347181
0 0.565 0.8241839762611276 0.08208333333333333 0.11201780415430267
0 0.025416666666666667 0.8034124629080118 0.050833333333333335 0.14614243323442136
0 0.04625 0.7863501483679525 0.03791666666666667 0.05712166172106825
0 0.8208333333333333 0.7581602373887241 0.315 0.4836795252225519
0 0.9845833333333334 0.7781899109792285 0.030833333333333334 0.09940652818991098