0 0.3428819444444444 0.02546296296296296 0.024305555555555556 0.05092592592592592
0 0.4908854166666667 0.14969135802469136 0.04079861111111111 0.18209876543209877
0 0.8272569444444444 0.1574074074074074 0.009548611111111112 0.029320987654320986
0 0.8307291666666666 0.12191358024691358 0.011284722222222222 0.043209876543209874
0 0.7408854166666666 0.18441358024691357 0.011284722222222222 0.030864197530864196
0 0.70703125 0.21682098765432098 0.014756944444444444 0.020061728395061727
0 0.67578125 0.21296296296296297 0.0078125 0.05092592592592592
0 0.6883680555555556 0.2222222222222222 0.017361111111111112 0.06327160493827161
0 0.6879340277777778 0.18055555555555555 0.013888888888888888 0.023148148148148147
0 0.6974826388888888 0.15123456790123457 0.016493055555555556 0.029320987654320986
0 0.6723090277777778 0.11419753086419752 0.014756944444444444 0.023148148148148147
0 0.6532118055555556 0.11651234567901235 0.011284722222222222 0.024691358024691357
0 0.7204861111111112 0.09027777777777778 0.0078125 0.041666666666666664
0 0.71484375 0.08101851851851852 0.008680555555555556 0.035493827160493825
0 0.6801215277777778 0.04861111111111111 0.012152777777777778 0.041666666666666664
0 0.7018229166666666 0.038580246913580245 0.011284722222222222 0.038580246913580245
0 0.6614583333333334 0.02854938271604938 0.009548611111111112 0.033950617283950615
0 0.6354166666666666 0.04861111111111111 0.0078125 0.029320987654320986
0 0.63671875 0.033179012345679014 0.006944444444444444 0.026234567901234566
0 0.6414930555555556 0.029320987654320986 0.0078125 0.027777777777777776
0 0.6380208333333334 0.16589506172839505 0.016493055555555556 0.040123456790123455
0 0.7326388888888888 0.11496913580246913 0.009548611111111112 0.020061728395061727
0 0.7404513888888888 0.11342592592592593 0.006944444444444444 0.033950617283950615
0 0.7604166666666666 0.17592592592592593 0.010416666666666666 0.041666666666666664
0 0.796875 0.18518518518518517 0.019965277777777776 0.035493827160493825
0 0.8519965277777778 0.06404320987654322 0.006076388888888889 0.040123456790123455
0 0.8854166666666666 0.07330246913580248 0.006944444444444444 0.043209876543209874
0 0.9144965277777778 0.037037037037037035 0.005208333333333333 0.041666666666666664
0 0.9210069444444444 0.05324074074074074 0.006076388888888889 0.037037037037037035
0 0.7065972222222222 0.25385802469135804 0.013888888888888888 0.05092592592592592
0 0.7647569444444444 0.12191358024691358 0.013888888888888888 0.043209876543209874
0 0.7517361111111112 0.11574074074074074 0.008680555555555556 0.037037037037037035
0 0.7478298611111112 0.1381172839506173 0.012152777777777778 0.023148148148148147
0 0.8441840277777778 0.016975308641975308 0.0078125 0.020061728395061727
0 0.7282986111111112 0.004629629629629629 0.005208333333333333 0.009259259259259259
0 0.7356770833333334 0.015432098765432098 0.006076388888888889 0.030864197530864196
0 0.7443576388888888 0.019290123456790122 0.005208333333333333 0.037037037037037035
0 0.7660590277777778 0.012345679012345678 0.004340277777777778 0.024691358024691357
0 0.7612847222222222 0.011574074074074073 0.005208333333333333 0.023148148148148147
0 0.7508680555555556 0.020061728395061727 0.006076388888888889 0.037037037037037035
0 0.7764756944444444 0.006944444444444444 0.004340277777777778 0.013888888888888888
0 0.7834201388888888 0.006172839506172839 0.0078125 0.012345679012345678
0 0.7894965277777778 0.0038580246913580245 0.006076388888888889 0.007716049382716049
0 0.68359375 0.008487654320987654 0.006076388888888889 0.016975308641975308
0 0.6909722222222222 0.005401234567901234 0.006944444444444444 0.010802469135802469
0 0.6744791666666666 0.009259259259259259 0.008680555555555556 0.018518518518518517
0 0.6753472222222222 0.30478395061728397 0.019097222222222224 0.029320987654320986
0 0.6605902777777778 0.3125 0.013888888888888888 0.013888888888888888
0 0.8550347222222222 0.019290123456790122 0.0078125 0.023148148148148147
0 0.7048611111111112 0.006944444444444444 0.012152777777777778 0.013888888888888888
0 0.9309895833333334 0.07561728395061729 0.006076388888888889 0.040123456790123455
0 0.9626736111111112 0.12191358024691358 0.0078125 0.041666666666666664
0 0.9713541666666666 0.12345679012345678 0.010416666666666666 0.043209876543209874
0 0.9865451388888888 0.2708333333333333 0.019097222222222224 0.038580246913580245
0 0.9891493055555556 0.24768518518518517 0.014756944444444444 0.027777777777777776
0 0.9552951388888888 0.30169753086419754 0.014756944444444444 0.035493827160493825
0 0.94921875 0.035493827160493825 0.008680555555555556 0.030864197530864196
0 0.9544270833333334 0.04552469135802469 0.009548611111111112 0.027777777777777776
0 0.9353298611111112 0.044753086419753084 0.0078125 0.033950617283950615
0 0.92578125 0.04861111111111111 0.009548611111111112 0.037037037037037035
0 0.9448784722222222 0.005401234567901234 0.006076388888888889 0.010802469135802469
0 0.9609375 0.034722222222222224 0.004340277777777778 0.030864197530864196
0 0.5984375 0.10552469135802468 0.010651041666666675 0.03012345679012343
0 0.5886197916666667 0.15421296296296297 0.014583333333333344 0.04592592592592591
0 0.5809722222222222 0.16395061728395063 0.011692708333333333 0.04555555555555553
0 0.5442708333333334 0.14969135802469136 0.008680555555555556 0.030864197530864196
0 0.5868055555555556 0.2986111111111111 0.017361111111111112 0.041666666666666664
0 0.5868055555555556 0.31635802469135804 0.020833333333333332 0.006172839506172839
0 0.6290190972222223 0.2014197530864197 0.019730902777777795 0.06319444444444451
0 0.6238541666666667 0.2374382716049383 0.01932291666666666 0.05584876543209885
0 0.5477430555555556 0.19753086419753085 0.015625 0.030864197530864196
0 0.5486111111111112 0.18364197530864199 0.017361111111111112 0.030864197530864196
0 0.5563802083333333 0.1574074074074074 0.014557291666666675 0.0437191358024692
0 0.550703125 0.15393518518518517 0.007500000000000001 0.04294753086419759
0 0.6219184027777778 0.06371913580246913 0.00713541666666669 0.03356481481481482
0 0.6153732638888889 0.06282407407407409 0.010095486111111107 0.036388888888888866
0 0.6276649305555555 0.03967592592592594 0.006909722222222204 0.037932098765432076
0 0.6514756944444444 0.011574074074074073 0.006076388888888889 0.023148148148148147
0 0.6597222222222222 0.004629629629629629 0.005208333333333333 0.009259259259259259
0 0.22005208333333334 0.8055555555555556 0.3372395833333333 0.3888888888888889
0 0.2703993055555556 0.6720679012345679 0.08984375 0.17824074074074073
0 0.7912326388888888 0.7824074074074074 0.15147569444444445 0.4351851851851852