0 0.6217838765008576 0.3761467889908257 0.046740994854202404 0.2400611620795107
0 0.6903945111492281 0.43119266055045874 0.06518010291595197 0.3761467889908257
0 0.8211835334476844 0.3753822629969419 0.03816466552315609 0.29510703363914376
0 0.5343053173241853 0.25 0.010291595197255575 0.03669724770642202
0 0.30874785591766724 0.8425076452599388 0.4403945111492281 0.3149847094801223
0 0.7783018867924528 0.8149847094801224 0.09133790737564322 0.12308868501529052
0 0.6775300171526587 0.7759938837920489 0.018010291595197257 0.01834862385321101
0 0.9065180102915952 0.7668195718654435 0.02058319039451115 0.0290519877675841
0 0.9331046312178388 0.7668195718654435 0.021869639794168096 0.02981651376146789
0 0.9421097770154374 0.7568807339449541 0.012006861063464836 0.010703363914373088
0 0.9545454545454546 0.768348623853211 0.015008576329331046 0.022935779816513763
0 0.967409948542024 0.7591743119266054 0.008576329331046312 0.009938837920489297
0 0.9704116638078902 0.7652905198776758 0.01672384219554031 0.02217125382262997
0 0.9897084048027445 0.7652905198776758 0.02058319039451115 0.024464831804281346
0 0.885934819897084 0.768348623853211 0.015866209262435677 0.0191131498470948
0 0.8649228130360206 0.7729357798165137 0.022298456260720412 0.02217125382262997
0 0.8439108061749572 0.7714067278287462 0.01843910806174957 0.024464831804281346
0 0.8271869639794168 0.7706422018348624 0.01758147512864494 0.024464831804281346
0 0.8104631217838765 0.7698776758409785 0.014150943396226415 0.020642201834862386
0 0.7452830188679245 0.768348623853211 0.009433962264150943 0.013761467889908258
0 0.6050600343053173 0.7767584097859327 0.013293310463121783 0.010703363914373088
0 0.5437392795883362 0.7782874617737003 0.012006861063464836 0.012232415902140673
0 0.5506003430531733 0.7737003058103975 0.007289879931389366 0.00764525993883792
0 0.6539451114922813 0.7737003058103975 0.010291595197255575 0.010703363914373088
0 0.7002572898799314 0.7752293577981652 0.016295025728987993 0.01834862385321101
0 0.7221269296740995 0.7737003058103975 0.018010291595197257 0.016819571865443424