0 0.16652613827993254 0.0945945945945946 0.05649241146711636 0.1891891891891892
0 0.2209106239460371 0.09234234234234234 0.045531197301854974 0.18468468468468469
0 0.6960370994940978 0.16441441441441443 0.08811129848229342 0.15915915915915915
0 0.2811973018549747 0.7672672672672672 0.3279932546374368 0.46546546546546547
0 0.5978077571669477 0.5645645645645646 0.05564924114671164 0.18843843843843844
0 0.6327993254637436 0.5705705705705706 0.045109612141652614 0.1966966966966967
0 0.7023608768971332 0.6186186186186187 0.03920741989881956 0.26576576576576577
0 0.7664418212478921 0.6478978978978979 0.10792580101180438 0.22747747747747749
0 0.5919055649241147 0.68993993993994 0.04384485666104553 0.2484984984984985
0 0.9177908937605397 0.7717717717717718 0.1370151770657673 0.45570570570570573
0 0.5860033726812817 0.7920420420420421 0.03204047217537943 0.4159159159159159