0 0.2945804195804196 0.3886292834890966 0.05419580419580419 0.22585669781931464
0 0.4549825174825175 0.05841121495327103 0.016608391608391608 0.07009345794392523
0 0.4379370629370629 0.0630841121495327 0.015734265734265736 0.06697819314641744
0 0.7325174825174825 0.4252336448598131 0.11931818181818182 0.308411214953271
0 0.6564685314685315 0.35514018691588783 0.05812937062937063 0.2834890965732087
0 0.9204545454545454 0.4158878504672897 0.07910839160839161 0.2616822429906542
0 0.8623251748251748 0.3037383177570093 0.06162587412587413 0.24454828660436137
0 0.9020979020979021 0.15186915887850466 0.037587412587412584 0.20093457943925233
0 0.9353146853146853 0.13006230529595014 0.028846153846153848 0.1409657320872274
0 0.9418706293706294 0.1542056074766355 0.023164335664335664 0.07710280373831775
0 0.9842657342657343 0.20015576323987538 0.031031468531468532 0.16978193146417445
0 0.7963286713286714 0.06230529595015576 0.03496503496503497 0.10669781931464174
0 0.7731643356643356 0.0763239875389408 0.02097902097902098 0.10981308411214953
0 0.7390734265734266 0.11682242990654206 0.028409090909090908 0.09579439252336448
0 0.7097902097902098 0.12227414330218069 0.026223776223776224 0.09423676012461059
0 0.21284965034965034 0.7609034267912772 0.05856643356643357 0.16433021806853582
0 0.6298076923076923 0.7390965732087228 0.04414335664335664 0.09190031152647975