0 0.39373970345963755 0.34237536656891493 0.06589785831960461 0.11290322580645161
0 0.3315485996705107 0.312316715542522 0.06507413509060955 0.17302052785923755
0 0.39950576606260296 0.09530791788856305 0.039538714991762765 0.1906158357771261
0 0.4559308072487644 0.12903225806451613 0.027182866556836903 0.1436950146627566
0 0.764003294892916 0.2434017595307918 0.05230642504118616 0.1532258064516129
0 0.5741350906095551 0.21114369501466276 0.026771004942339374 0.10263929618768329
0 0.5547775947281713 0.16862170087976538 0.011532125205930808 0.032991202346041054
0 0.721169686985173 0.16348973607038123 0.014415156507413509 0.0373900293255132
0 0.591845140032949 0.15102639296187684 0.011120263591433279 0.017595307917888565
0 0.6289126853377265 0.15835777126099707 0.014827018121911038 0.02126099706744868
0 0.7627677100494233 0.7470674486803519 0.1198517298187809 0.44208211143695014
0 0.9122734761120264 0.7426686217008798 0.17545304777594728 0.5146627565982405