0 0.35450819672131145 0.20699708454810495 0.04672131147540984 0.22448979591836735
0 0.6520491803278688 0.1457725947521866 0.018852459016393444 0.08673469387755102
0 0.6987704918032787 0.23323615160349853 0.047540983606557376 0.2164723032069971
0 0.7893442622950819 0.1946064139941691 0.046311475409836066 0.19169096209912537
0 0.8172131147540984 0.1967930029154519 0.018442622950819672 0.0706997084548105
0 0.976639344262295 0.1348396501457726 0.013114754098360656 0.08163265306122448
0 0.9590163934426229 0.1326530612244898 0.014754098360655738 0.08381924198250729
0 0.9188524590163935 0.12099125364431487 0.014754098360655738 0.0794460641399417
0 0.889344262295082 0.11078717201166181 0.009426229508196722 0.04081632653061224
0 0.853688524590164 0.09839650145772595 0.015163934426229509 0.030612244897959183
0 0.8290983606557377 0.11224489795918367 0.013934426229508197 0.033527696793002916
0 0.8430327868852459 0.119533527696793 0.012295081967213115 0.043002915451895045
0 0.8639344262295082 0.10131195335276968 0.009426229508196722 0.016034985422740525
0 0.3963114754098361 0.7099125364431487 0.05614754098360656 0.06486880466472303
0 0.44549180327868854 0.7645772594752187 0.18770491803278688 0.29737609329446063
0 0.7721311475409836 0.8491253644314869 0.4557377049180328 0.30174927113702626