0 0.12952226345083487 0.16774891774891776 0.051600185528756955 0.07034632034632035
0 0.7721474953617811 0.21444032158317872 0.45570500927643787 0.37059369202226344
0 0.39471243042671617 0.8426097711811997 0.03200371057513915 0.10451453308596166
0 0.3527365491651206 0.8538961038961039 0.021335807050092765 0.11069882498453927
0 0.33940166975881264 0.8413729128014842 0.04290352504638219 0.05225726654298083
0 0.4017857142857143 0.673778602350031 0.021335807050092765 0.07854050711193568
0 0.3754638218923933 0.6731601731601732 0.02945269016697588 0.08194186765615337
0 0.10308441558441558 0.641156462585034 0.01971243042671614 0.07730364873222016
0 0.061224489795918366 0.5496289424860853 0.021335807050092765 0.055967841682127394
0 0.1396103896103896 0.5626159554730983 0.023191094619666047 0.03927025355596784
0 0.29035250463821893 0.5477736549165121 0.016001855287569575 0.05720470006184292
0 0.7368970315398887 0.7257266542980829 0.137987012987013 0.5228818800247371