0 0.27631578947368424 0.19288389513108614 0.019210526315789473 0.06554307116104868
0 0.18973684210526315 0.20177902621722846 0.031315789473684214 0.0945692883895131
0 0.26789473684210524 0.22144194756554308 0.026842105263157896 0.10720973782771535
0 0.5269736842105263 0.40636704119850187 0.056578947368421055 0.2153558052434457
0 0.9381578947368421 0.26006554307116103 0.05 0.20833333333333334
0 0.9118421052631579 0.15121722846441948 0.04736842105263158 0.2200374531835206
0 0.6339473684210526 0.046348314606741575 0.05 0.09269662921348315
0 0.42289473684210527 0.04260299625468165 0.05105263157894737 0.0852059925093633
0 0.5921052631578947 0.27762172284644193 0.05 0.23876404494382023
0 0.6572368421052631 0.40402621722846443 0.05921052631578947 0.24344569288389514
0 0.7128947368421052 0.4405430711610487 0.06578947368421052 0.21816479400749064
0 0.7322368421052632 0.31624531835205993 0.056578947368421055 0.25046816479400746