0 0.23478260869565218 0.11943907156673114 0.017119565217391303 0.041586073500967116
0 0.1578804347826087 0.12475822050290135 0.027717391304347826 0.06044487427466151
0 0.22717391304347825 0.13733075435203096 0.02391304347826087 0.06818181818181818
0 0.9429347826086957 0.20309477756286268 0.07173913043478261 0.17794970986460348
0 0.3456521739130435 0.19245647969052224 0.07173913043478261 0.19342359767891681
0 0.7557065217391304 0.2316247582205029 0.09483695652173912 0.13733075435203096
0 0.3904891304347826 0.19729206963249515 0.07173913043478261 0.1760154738878143
0 0.8345108695652174 0.23404255319148937 0.08505434782608695 0.13636363636363635
0 0.5625 0.2011605415860735 0.08070652173913044 0.17746615087040618
0 0.8728260869565218 0.20696324951644102 0.08152173913043478 0.1784332688588008
0 0.5182065217391304 0.24226305609284332 0.0779891304347826 0.11411992263056092
0 0.4567934782608696 0.19825918762088976 0.07880434782608696 0.17408123791102514
0 0.6823369565217391 0.2311411992263056 0.06875 0.13588007736943908
0 0.7084239130434783 0.16005802707930367 0.05625 0.07591876208897486
0 0.7059782608695652 0.11170212765957446 0.05271739130434783 0.08365570599613152
0 0.7641304347826087 0.12717601547388782 0.0625 0.07785299806576403
0 0.8092391304347826 0.16150870406189555 0.059782608695652176 0.08317214700193423
0 0.6089673913043478 0.109284332688588 0.05271739130434783 0.0735009671179884
0 0.625 0.2432301740812379 0.07228260869565217 0.10106382978723404
0 0.6486413043478261 0.109284332688588 0.035054347826086955 0.07930367504835589
0 0.5426630434782609 0.10251450676982592 0.0625 0.08655705996131528
0 0.7654891304347826 0.16924564796905223 0.042934782608695654 0.058027079303675046
0 0.654891304347826 0.17166344294003869 0.05625 0.10493230174081238
0 0.47282608695652173 0.10831721470019343 0.04646739130434783 0.06528046421663443
0 0.4296195652173913 0.11363636363636363 0.04157608695652174 0.05705996131528046
0 0.502445652173913 0.17311411992263057 0.05625 0.11073500967117988
0 0.6081521739130434 0.1958413926499033 0.05 0.15667311411992263
0 0.7410326086956521 0.11170212765957446 0.035869565217391305 0.0735009671179884
0 0.5866847826086956 0.10058027079303675 0.03940217391304348 0.08027079303675048
0 0.6763586956521739 0.11073500967117988 0.03016304347826087 0.07736943907156674
0 0.7391304347826086 0.0797872340425532 0.050543478260869565 0.045454545454545456
0 0.5070652173913044 0.0913926499032882 0.04157608695652174 0.06818181818181818
0 0.3317934782608696 0.10976789168278529 0.044021739130434785 0.06286266924564797
0 0.9532608695652174 0.13056092843326886 0.05271739130434783 0.08994197292069632
0 0.8225543478260869 0.12234042553191489 0.044293478260869566 0.04206963249516441
0 0.38913043478260867 0.10831721470019343 0.04918478260869565 0.04448742746615087
0 0.1622282608695652 0.8820116054158608 0.06086956521739131 0.23549323017408125
0 0.06983695652173913 0.8500967117988395 0.044021739130434785 0.22775628626692457
0 0.6885869565217392 0.8126208897485493 0.05434782608695652 0.2248549323017408
0 0.5994565217391304 0.9129593810444874 0.058695652173913045 0.17408123791102514
0 0.9861413043478261 0.6735976789168279 0.027717391304347826 0.22727272727272727
0 0.6448369565217391 0.3916827852998066 0.051630434782608696 0.10444874274661509
0 0.7263586956521739 0.9381044487427466 0.057065217391304345 0.12379110251450677
0 0.8290760869565217 0.971953578336557 0.07445652173913044 0.05609284332688588
0 0.8271739130434783 0.8839458413926499 0.06521739130434782 0.23210831721470018
0 0.8956521739130435 0.43133462282398455 0.05326086956521739 0.18375241779497098
0 0.8331521739130435 0.4182785299806576 0.05326086956521739 0.1576402321083172
0 0.7807065217391305 0.39748549323017407 0.04076086956521739 0.11605415860735009
0 0.7510869565217392 0.39264990328820115 0.04891304347826087 0.10638297872340426
0 0.7141304347826087 0.3829787234042553 0.04891304347826087 0.08704061895551257
0 0.7103260869565218 0.5091876208897486 0.051630434782608696 0.2079303675048356
0 0.6933423913043478 0.4475338491295938 0.04483695652173913 0.17166344294003869
0 0.33070652173913045 0.6310444874274661 0.04184782608695652 0.21566731141199227
0 0.4922554347826087 0.5067698259187621 0.05298913043478261 0.19825918762088976
0 0.47989130434782606 0.39264990328820115 0.042391304347826085 0.10638297872340426
0 0.5192934782608696 0.370889748549323 0.034239130434782605 0.06286266924564797
0 0.4247282608695652 0.36750483558994196 0.04619565217391304 0.05609284332688588