0 0.12641815235008103 0.3421336206896552 0.10413290113452188 0.38038793103448276
0 0.29497568881685576 0.27532327586206895 0.011345218800648298 0.061422413793103446
0 0.3108508914100486 0.27048491379310347 0.0065640194489465335 0.03627155172413802
0 0.3179416531604538 0.27436422413793105 0.007617504051863839 0.04495689655172417
0 0.1778768233387358 0.9396551724137931 0.01053484602917342 0.04202586206896552
0 0.20218800648298219 0.9137931034482759 0.005672609400324149 0.03017241379310345
0 0.24837925445705025 0.9498922413793104 0.012965964343598054 0.040948275862068964
0 0.2771474878444084 0.9304956896551724 0.01539708265802269 0.03879310344827586
0 0.029173419773095625 0.9919181034482759 0.01620745542949757 0.016163793103448277
0 0.0016207455429497568 0.978448275862069 0.0032414910858995136 0.032327586206896554
0 0.0032414910858995136 0.9191810344827587 0.006482982171799027 0.02586206896551724
0 0.04376012965964344 0.9585129310344828 0.017828200972447326 0.03771551724137931
0 0.12155591572123177 0.9854525862068966 0.011345218800648298 0.029094827586206896
0 0.13249594813614263 0.9811422413793104 0.012155591572123177 0.03771551724137931
0 0.1426256077795786 0.9568965517241379 0.008103727714748784 0.0334051724137931
0 0.1426256077795786 0.9353448275862069 0.01053484602917342 0.032327586206896554
0 0.1547811993517018 0.9321120689655172 0.009724473257698542 0.036637931034482756
0 0.09683954619124797 0.9337284482758621 0.012155591572123177 0.02478448275862069
0 0.07779578606158834 0.9665948275862069 0.013776337115072933 0.022629310344827586
0 0.06564019448946515 0.9585129310344828 0.017017828200972446 0.017241379310344827
0 0.043354943273905995 0.9299568965517241 0.008914100486223663 0.016163793103448277
0 0.05551053484602917 0.9110991379310345 0.014586709886547812 0.016163793103448277
0 0.0547001620745543 0.8793103448275862 0.013776337115072933 0.034482758620689655
0 0.023095623987034037 0.8609913793103449 0.013776337115072933 0.014008620689655173
0 0.06442463533225283 0.8588362068965517 0.008914100486223663 0.022629310344827586
0 0.06523500810372772 0.8469827586206896 0.007293354943273906 0.016163793103448277
0 0.05753646677471637 0.8318965517241379 0.009724473257698542 0.02586206896551724
0 0.03646677471636953 0.8410560344827587 0.007293354943273906 0.02478448275862069
0 0.018638573743922204 0.8399784482758621 0.007293354943273906 0.022629310344827586
0 0.009319286871961102 0.8367456896551724 0.007293354943273906 0.020474137931034482
0 0.0008103727714748784 0.8351293103448276 0.0016207455429497568 0.021551724137931036
0 0.009724473257698542 0.7359913793103449 0.0032414910858995136 0.016163793103448277
0 0.28646677471636955 0.8286637931034483 0.005672609400324149 0.023706896551724137
0 0.23217179902755267 0.8081896551724138 0.01053484602917342 0.02478448275862069
0 0.12520259319286872 0.7176724137931034 0.005672609400324149 0.016163793103448277
0 0.11345218800648298 0.8135775862068966 0.004862236628849271 0.02478448275862069
0 0.12155591572123177 0.8125 0.009724473257698542 0.02478448275862069
0 0.21636952998379255 0.8981681034482759 0.012965964343598054 0.02693965517241379
0 0.08265802269043761 0.7241379310344828 0.005672609400324149 0.015086206896551725
0 0.049027552674230146 0.7295258620689655 0.005672609400324149 0.018318965517241378
0 0.05551053484602917 0.728448275862069 0.005672609400324149 0.01939655172413793
0 0.03565640194489465 0.7322198275862069 0.004051863857374392 0.021551724137931036
0 0.03241491085899514 0.7327586206896551 0.005672609400324149 0.016163793103448277
0 0.050243111831442464 0.8178879310344828 0.005672609400324149 0.020474137931034482
0 0.03241491085899514 0.8168103448275862 0.004862236628849271 0.01939655172413793
0 0.1012965964343598 0.8997844827586207 0.013776337115072933 0.017241379310344827
0 0.08711507293354943 0.8852370689655172 0.012155591572123177 0.01939655172413793
0 0.07495948136142626 0.8647629310344828 0.007293354943273906 0.02478448275862069
0 0.17301458670988654 0.8022629310344828 0.007293354943273906 0.022629310344827586
0 0.1847649918962723 0.8076508620689655 0.005672609400324149 0.023706896551724137
0 0.19448946515397084 0.8119612068965517 0.004862236628849271 0.021551724137931036
0 0.18638573743922204 0.7790948275862069 0.004862236628849271 0.020474137931034482
0 0.03119935170178282 0.8814655172413793 0.013776337115072933 0.015086206896551725
0 0.05956239870340357 0.8108836206896551 0.006482982171799027 0.020474137931034482
0 0.053889789303079416 0.7925646551724138 0.0032414910858995136 0.01939655172413793
0 0.049027552674230146 0.7936422413793104 0.004862236628849271 0.018318965517241378
0 0.04376012965964344 0.7947198275862069 0.004862236628849271 0.020474137931034482
0 0.03889789303079417 0.796875 0.004862236628849271 0.021551724137931036
0 0.20583468395461912 0.8151939655172413 0.0032414910858995136 0.017241379310344827
0 0.20178282009724474 0.8135775862068966 0.005672609400324149 0.022629310344827586
0 0.17423014586709887 0.8760775862068966 0.008103727714748784 0.017241379310344827
0 0.20907617504051865 0.8485991379310345 0.006482982171799027 0.02478448275862069
0 0.05186385737439222 0.9919181034482759 0.017828200972447326 0.016163793103448277
0 0.06239870340356564 0.7893318965517241 0.005672609400324149 0.014008620689655173
0 0.05956239870340357 0.7931034482758621 0.004862236628849271 0.014008620689655173
0 0.06847649918962723 0.7882543103448276 0.004862236628849271 0.015086206896551725
0 0.1426256077795786 0.7936422413793104 0.005672609400324149 0.016163793103448277
0 0.1519448946515397 0.7984913793103449 0.006482982171799027 0.014008620689655173
0 0.1600486223662885 0.7920258620689655 0.007293354943273906 0.017241379310344827
0 0.1774716369529984 0.7823275862068966 0.004051863857374392 0.021551724137931036
0 0.17017828200972449 0.7882543103448276 0.0032414910858995136 0.01939655172413793
0 0.18962722852512157 0.8108836206896551 0.004051863857374392 0.018318965517241378
0 0.15153970826580226 0.7203663793103449 0.0024311183144246355 0.011853448275862068
0 0.15437601296596434 0.7192887931034483 0.004051863857374392 0.016163793103448277
0 0.1600486223662885 0.7182112068965517 0.007293354943273906 0.017241379310344827
0 0.09643435980551053 0.7219827586206896 0.0032414910858995136 0.017241379310344827
0 0.0919773095623987 0.7225215517241379 0.0016207455429497568 0.017241379310344827
0 0.0887358184764992 0.7230603448275862 0.0032414910858995136 0.01293103448275862
0 0.02147487844408428 0.796875 0.005672609400324149 0.021551724137931036
0 0.02957860615883306 0.8011853448275862 0.004051863857374392 0.018318965517241378
0 0.03525121555915721 0.7995689655172413 0.005672609400324149 0.018318965517241378
0 0.032820097244732574 0.787176724137931 0.004051863857374392 0.011853448275862068
0 0.028768233387358184 0.790948275862069 0.004051863857374392 0.010775862068965518
0 0.025121555915721232 0.7904094827586207 0.008103727714748784 0.016163793103448277
0 0.02674230145867099 0.8038793103448276 0.0032414910858995136 0.021551724137931036
0 0.01539708265802269 0.7386853448275862 0.004862236628849271 0.016163793103448277
0 0.25 0.8178879310344828 0.004051863857374392 0.022629310344827586
0 0.24554294975688817 0.8130387931034483 0.005672609400324149 0.02478448275862069
0 0.2880875202593193 0.8512931034482759 0.0024311183144246355 0.021551724137931036
0 0.28768233387358183 0.865301724137931 0.0032414910858995136 0.028017241379310345
0 0.27512155591572124 0.9040948275862069 0.006482982171799027 0.023706896551724137
0 0.2698541329011345 0.8825431034482759 0.012155591572123177 0.034482758620689655
0 0.2791734197730956 0.8814655172413793 0.006482982171799027 0.029094827586206896
0 0.276742301458671 0.8755387931034483 0.005672609400324149 0.02586206896551724
0 0.2706645056726094 0.7306034482758621 0.007293354943273906 0.020474137931034482
0 0.24432739059967584 0.7893318965517241 0.004862236628849271 0.017241379310344827
0 0.2366288492706645 0.8426724137931034 0.005672609400324149 0.015086206896551725
0 0.11507293354943274 0.9256465517241379 0.018638573743922204 0.011853448275862068
0 0.12439222042139383 0.7893318965517241 0.004862236628849271 0.016163793103448277
0 0.11912479740680713 0.78125 0.005672609400324149 0.01293103448275862
0 0.5174230145867099 0.7537715517241379 0.36507293354943277 0.13523706896551724