0 0.845841784989858 0.35823170731707316 0.052231237322515216 0.16844512195121952
0 0.8037525354969574 0.5602134146341463 0.0537525354969574 0.13871951219512196
0 0.7241379310344828 0.20960365853658536 0.052231237322515216 0.19588414634146342
0 0.4645030425963489 0.8147865853658537 0.11967545638945233 0.3704268292682927
0 0.02738336713995943 0.7942073170731707 0.05476673427991886 0.32926829268292684
0 0.22565922920892495 0.7873475609756098 0.08823529411764706 0.3155487804878049
0 0.5344827586206896 0.7896341463414634 0.07099391480730223 0.3201219512195122
0 0.1546653144016227 0.8147865853658537 0.08417849898580122 0.3704268292682927
0 0.3757606490872211 0.8033536585365854 0.0922920892494929 0.3475609756097561
0 0.3052738336713996 0.7850609756097561 0.08519269776876268 0.31097560975609756
0 0.09482758620689655 0.7820121951219512 0.08620689655172414 0.3048780487804878
0 0.6146044624746451 0.8147865853658537 0.08924949290060852 0.3704268292682927
0 0.8615618661257607 0.8498475609756098 0.15314401622718052 0.3003048780487805
0 0.7276876267748479 0.8361280487804879 0.14705882352941177 0.3277439024390244
0 0.9685598377281948 0.8300304878048781 0.06288032454361055 0.2820121951219512
0 0.8002028397565923 0.7484756097560976 0.09533468559837728 0.23780487804878048
0 0.9178498985801217 0.9565548780487805 0.12170385395537525 0.08689024390243902
0 0.9376267748478702 0.7530487804878049 0.09837728194726167 0.24695121951219512