0 0.8 0.425462962962963 0.25807291666666665 0.2675925925925926
0 0.9666666666666667 0.7245370370370371 0.049479166666666664 0.125
0 0.81875 0.6208333333333333 0.035416666666666666 0.12314814814814815
0 0.9825520833333333 0.5828703703703704 0.034895833333333334 0.04722222222222222
0 0.9634114583333333 0.8680555555555556 0.045572916666666664 0.18981481481481483
0 0.7694010416666667 0.6643518518518519 0.032552083333333336 0.16203703703703703
0 0.7993489583333333 0.7453703703703703 0.03515625 0.16666666666666666
0 0.8260416666666667 0.8148148148148148 0.0390625 0.17592592592592593
0 0.84609375 0.6231481481481481 0.034895833333333334 0.12777777777777777
0 0.7388020833333333 0.7731481481481481 0.044270833333333336 0.18518518518518517
0 0.7029947916666667 0.7789351851851852 0.040364583333333336 0.17824074074074073
0 0.8330729166666667 0.9398148148148148 0.050520833333333334 0.12037037037037036