0 0.2936170212765957 0.22353497164461247 0.07872340425531915 0.19045368620037806
0 0.10159574468085106 0.32655954631379963 0.06968085106382979 0.24810964083175804
0 0.7696808510638298 0.45132325141776936 0.0574468085106383 0.1956521739130435
0 0.8627659574468085 0.054820415879017016 0.043617021276595745 0.10964083175803403
0 0.5263297872340426 0.0500945179584121 0.040957446808510635 0.1001890359168242
0 0.8109042553191489 0.07986767485822306 0.04627659574468085 0.15973534971644612
0 0.8196808510638298 0.3676748582230624 0.0398936170212766 0.21739130434782608
0 0.8694148936170213 0.4215500945179584 0.056914893617021275 0.2551984877126654
0 0.8881648936170212 0.319234404536862 0.05186170212765957 0.2339319470699433
0 0.9679521276595745 0.2589792060491493 0.05452127659574468 0.222117202268431
0 0.6704787234042553 0.04914933837429111 0.0398936170212766 0.09829867674858223
0 0.6647606382978724 0.16327977315689982 0.04654255319148936 0.21975425330812853
0 0.9590425531914893 0.04300567107750473 0.0425531914893617 0.08601134215500945
0 0.9180851063829787 0.04064272211720227 0.03723404255319149 0.08128544423440454
0 0.5486702127659574 0.7996219281663516 0.11170212765957446 0.4007561436672968
0 0.8106382978723404 0.806710775047259 0.11861702127659575 0.3861058601134216
0 0.9087765957446808 0.7774102079395085 0.12101063829787234 0.44517958412098296
0 0.6412234042553191 0.7868620037807184 0.10558510638297873 0.42580340264650285
0 0.8545212765957447 0.6337429111531191 0.04175531914893617 0.11531190926275993
0 0.7295212765957447 0.802930056710775 0.09521276595744681 0.3941398865784499