0 0.13379132231404958 0.30042119565217396 0.17254132231404956 0.35084239130434786
0 0.5537190082644629 0.24456521739130435 0.2892561983471074 0.4891304347826087
0 0.9287190082644629 0.07472826086956522 0.06818181818181818 0.14945652173913043
0 0.8057851239669421 0.04891304347826087 0.0371900826446281 0.09782608695652174
0 0.7592975206611571 0.04619565217391304 0.030991735537190084 0.09239130434782608
0 0.7365702479338843 0.04483695652173913 0.030991735537190084 0.08967391304347826
0 0.8274793388429752 0.03804347826086957 0.01859504132231405 0.07608695652173914
0 0.7035123966942148 0.059782608695652176 0.026859504132231406 0.11956521739130435
0 0.6776859504132231 0.06385869565217392 0.03305785123966942 0.12771739130434784
0 0.8925619834710744 0.04619565217391304 0.024793388429752067 0.09239130434782608
0 0.8801652892561983 0.03940217391304348 0.024793388429752067 0.07880434782608696
0 0.8522727272727273 0.033967391304347824 0.022727272727272728 0.06793478260869565
0 0.13016528925619836 0.7785326086956522 0.2603305785123967 0.4429347826086957
0 0.3677685950413223 0.65625 0.0371900826446281 0.13858695652173914
0 0.3212809917355372 0.65625 0.030991735537190084 0.12771739130434784
0 0.29855371900826444 0.654891304347826 0.030991735537190084 0.125
0 0.3894628099173554 0.654891304347826 0.01859504132231405 0.09782608695652174
0 0.265495867768595 0.6725543478260869 0.026859504132231406 0.14945652173913043
0 0.2396694214876033 0.6820652173913043 0.03305785123966942 0.14673913043478262
0 0.4059917355371901 0.6385869565217391 0.006198347107438017 0.11413043478260869