0 0.9588607594936709 0.21729957805907174 0.08227848101265822 0.12236286919831224
0 0.6677215189873418 0.18565400843881857 0.0981012658227848 0.18565400843881857
0 0.9208860759493671 0.1729957805907173 0.08860759493670886 0.2109704641350211
0 0.8132911392405063 0.1909282700421941 0.0981012658227848 0.1751054852320675
0 0.7397151898734177 0.18670886075949367 0.07753164556962025 0.18354430379746836
0 0.6360759493670886 0.12763713080168776 0.05063291139240506 0.1160337552742616
0 0.8742088607594937 0.14029535864978904 0.04272151898734177 0.1160337552742616
0 0.7096518987341772 0.1308016877637131 0.04272151898734177 0.12236286919831224
0 0.8520569620253164 0.1877637130801688 0.0680379746835443 0.18143459915611815
0 0.8488924050632911 0.189873417721519 0.061708860759493674 0.17721518987341772
0 0.7167721518987342 0.7130801687763713 0.23417721518987342 0.5738396624472574
0 0.8900316455696202 0.7542194092827004 0.2175632911392405 0.49156118143459915
0 0.9414556962025317 0.6782700421940928 0.0189873417721519 0.08544303797468354
0 0.6305379746835443 0.740506329113924 0.030063291139240507 0.17616033755274263
0 0.6606012658227848 0.7257383966244726 0.030854430379746837 0.19514767932489452
0 0.990506329113924 0.6719409282700421 0.00949367088607595 0.06856540084388185
0 0.9762658227848101 0.6687763713080169 0.012658227848101266 0.06434599156118144
0 0.6083860759493671 0.7236286919831224 0.01740506329113924 0.16139240506329114
0 0.6424050632911392 0.7215189873417721 0.012658227848101266 0.1571729957805907
0 0.6186708860759493 0.7953586497890295 0.037183544303797465 0.27742616033755274