0 0.3651452282157676 0.22916666666666666 0.2572614107883817 0.32083333333333336
0 0.13174273858921162 0.765625 0.024896265560165973 0.15520833333333334
0 0.01970954356846473 0.7916666666666666 0.026970954356846474 0.17604166666666668
0 0.17946058091286307 0.7197916666666667 0.025933609958506226 0.15729166666666666
0 0.22821576763485477 0.6895833333333333 0.016597510373443983 0.11666666666666667
0 0.241701244813278 0.6895833333333333 0.016597510373443983 0.11666666666666667
0 0.2821576763485477 0.6729166666666667 0.017634854771784232 0.11666666666666667
0 0.2987551867219917 0.65625 0.012448132780082987 0.08854166666666667
0 0.30601659751037347 0.6541666666666667 0.016597510373443983 0.084375
0 0.3288381742738589 0.6291666666666667 0.017634854771784232 0.10208333333333333
0 0.8257261410788381 0.73125 0.34854771784232363 0.5375