0 0.6390728476821192 0.1223175965665236 0.033112582781456956 0.05042918454935622
0 0.9677152317880795 0.15236051502145923 0.052980132450331126 0.19313304721030042
0 0.9892384105960265 0.1276824034334764 0.02152317880794702 0.1351931330472103
0 0.5811258278145696 0.1405579399141631 0.03228476821192053 0.08261802575107297
0 0.5380794701986755 0.14699570815450644 0.04718543046357616 0.08583690987124463
0 0.4586092715231788 0.14163090128755365 0.019867549668874173 0.09012875536480687
0 0.5132450331125827 0.1223175965665236 0.022350993377483443 0.060085836909871244
0 0.47433774834437087 0.13841201716738197 0.02566225165562914 0.060085836909871244
0 0.028145695364238412 0.8015021459227468 0.056291390728476824 0.3969957081545064
0 0.17052980132450332 0.8884120171673819 0.16225165562913907 0.22317596566523606
0 0.09105960264900662 0.805793991416309 0.10927152317880795 0.388412017167382
0 0.3195364238410596 0.9034334763948498 0.15894039735099338 0.19313304721030042
0 0.38079470198675497 0.7972103004291845 0.10596026490066225 0.4055793991416309
0 0.28228476821192056 0.7736051502145923 0.09768211920529801 0.30257510729613735