0 0.044580419580419584 0.43302180685358255 0.08872377622377622 0.11214953271028037
0 0.07517482517482517 0.4454828660436137 0.08085664335664336 0.08644859813084112
0 0.8653846153846154 0.3317757009345794 0.22246503496503497 0.3146417445482866
0 0.8448426573426573 0.3146417445482866 0.11582167832167832 0.34813084112149534
0 0.798951048951049 0.2398753894080997 0.0979020979020979 0.2367601246105919
0 0.7215909090909091 0.23208722741433022 0.07823426573426573 0.2336448598130841
0 0.5856643356643356 0.32087227414330216 0.11188811188811189 0.3364485981308411
0 0.5878496503496503 0.21651090342679127 0.059003496503496504 0.15498442367601245
0 0.6276223776223776 0.2827102803738318 0.08872377622377622 0.2523364485981308
0 0.6643356643356644 0.25778816199376947 0.0895979020979021 0.21573208722741433
0 0.7486888111888111 0.9649532710280374 0.07080419580419581 0.07009345794392523