0 0.791951664386685 0.23996960486322189 0.4160966712266302 0.47993920972644377
0 0.11502507979936161 0.9030395136778115 0.02188782489740082 0.1168693009118541
0 0.27382580939352485 0.8237082066869301 0.019265845873233014 0.11306990881458967
0 0.26367989056087554 0.7645896656534954 0.01823985408116735 0.11930091185410334
0 0.2415640674874601 0.528419452887538 0.01880984952120383 0.07112462006079028
0 0.2420200638394893 0.5015197568389058 0.01994984040127679 0.043161094224924014
0 0.132124943000456 0.609726443768997 0.019265845873233014 0.06854103343465046
0 0.140218878248974 0.8331306990881459 0.019265845873233014 0.12948328267477205
0 0.2364341085271318 0.6083586626139817 0.01880984952120383 0.0939209726443769
0 0.06953944368445053 0.7112462006079028 0.02439580483356133 0.10911854103343466
0 0.36639306885544914 0.6917933130699088 0.006839945280437756 0.10395136778115502
0 0.3629730962152303 0.6484802431610942 0.01265389876880985 0.05972644376899696
0 0.35681714546283627 0.6668693009118541 0.017783857729138167 0.03814589665653496
0 0.34724122207022345 0.7246200607902735 0.01573187414500684 0.11550151975683891
0 0.36069311445508434 0.7275075987841946 0.01823985408116735 0.10410334346504559
0 0.20975832193342453 0.6750759878419453 0.022343821249430004 0.11808510638297873
0 0.13862289101687186 0.6878419452887538 0.015275877792977656 0.10531914893617021
0 0.15059279525763794 0.6522796352583586 0.016757865937072503 0.12310030395136778
0 0.1516187870497036 0.5849544072948328 0.016757865937072503 0.06975683890577508
0 0.18741450068399454 0.6376899696048632 0.015275877792977656 0.08890577507598785
0 0.17293661650706793 0.6313069908814589 0.014705882352941176 0.09908814589665653
0 0.2029183766529868 0.5328267477203648 0.014705882352941176 0.07993920972644376
0 0.18901048791609668 0.526595744680851 0.012197902416780666 0.08252279635258358
0 0.17783857729138167 0.5310030395136778 0.013223894208846329 0.08890577507598785
0 0.07444140446876425 0.6376899696048632 0.01265389876880985 0.09650455927051672
0 0.06725946192430461 0.6077507598784194 0.014705882352941176 0.0851063829787234
0 0.057455540355677154 0.5951367781155015 0.012197902416780666 0.09772036474164134
0 0.049247606019151846 0.5747720364741641 0.011171910624715002 0.09270516717325228
0 0.06121751025991792 0.5290273556231003 0.010715914272685818 0.052127659574468084
0 0.07444140446876425 0.55 0.013679890560875513 0.0737082066869301
0 0.08766529867761058 0.5519756838905775 0.01265389876880985 0.0952887537993921
0 0.062471500227998175 0.5080547112462006 0.011171910624715002 0.045744680851063826
0 0.17225262197902416 0.9080547112462006 0.025421796625626995 0.15486322188449847
0 0.2951436388508892 0.5995440729483282 0.013223894208846329 0.07112462006079028
0 0.2895576835385317 0.544984802431611 0.01823985408116735 0.08890577507598785
0 0.29366165070679434 0.5034954407294833 0.010487916096671226 0.04711246200607903
0 0.28408572731418147 0.5065349544072948 0.015503875968992248 0.05319148936170213
0 0.31953944368445053 0.5779635258358663 0.013223894208846329 0.08373860182370821
0 0.34952120383036933 0.6033434650455927 0.014249886000911993 0.08130699088145897
0 0.33504331965344275 0.6071428571428571 0.01573187414500684 0.09650455927051672
0 0.3383492932056544 0.5651975683890578 0.013223894208846329 0.06094224924012158
0 0.3441632466940264 0.5487841945288754 0.013679890560875513 0.0737082066869301
0 0.1660966712266302 0.8433130699088146 0.02131782945736434 0.11428571428571428
0 0.1909484724122207 0.8223404255319149 0.02439580483356133 0.1256838905775076
0 0.0196078431372549 0.6788753799392098 0.017783857729138167 0.10531914893617021
0 0.8497492020063839 0.6133738601823708 0.03237574099407205 0.08662613981762918
0 0.5894892840857273 0.5770516717325228 0.02895576835385317 0.07477203647416414
0 0.6867305061559508 0.502127659574468 0.023711810305517556 0.04437689969604863