0 0.08050847457627118 0.9139839034205232 0.06610169491525424 0.1720321931589537
0 0.16666666666666666 0.9728370221327968 0.05536723163841808 0.05432595573440644
0 0.03686440677966102 0.5827464788732394 0.05790960451977401 0.20875251509054327
0 0.07217514124293785 0.5550804828973843 0.043785310734463276 0.2137826961770624
0 0.06694915254237288 0.4210261569416499 0.05367231638418079 0.12374245472837023
0 0.044350282485875706 0.40492957746478875 0.03672316384180791 0.09154929577464789
0 0.015254237288135594 0.40995975855130784 0.030508474576271188 0.10160965794768612
0 0.1230225988700565 0.4720824949698189 0.038135593220338986 0.10814889336016097
0 0.2096045197740113 0.4386317907444668 0.04519774011299435 0.158953722334004
0 0.2769774011299435 0.4896881287726358 0.04096045197740113 0.1836016096579477
0 0.2655367231638418 0.44366197183098594 0.04067796610169491 0.16901408450704225
0 0.31864406779661014 0.5085513078470825 0.04519774011299435 0.19114688128772636
0 0.36454802259887004 0.47585513078470826 0.038135593220338986 0.2012072434607646
0 0.22796610169491524 0.3858148893360161 0.0423728813559322 0.05331991951710262
0 0.2711864406779661 0.3797786720321932 0.0384180790960452 0.04124748490945674
0 0.3042372881355932 0.38832997987927564 0.03672316384180791 0.05835010060362173
0 0.338135593220339 0.3983903420523139 0.03672316384180791 0.07847082494969819
0 0.3728813559322034 0.40492957746478875 0.04406779661016949 0.09154929577464789
0 0.4347457627118644 0.5186116700201208 0.0423728813559322 0.2012072434607646
0 0.41497175141242937 0.5085513078470825 0.010734463276836158 0.1659959758551308
0 0.5752824858757062 0.772635814889336 0.052259887005649715 0.23138832997987926
0 0.5468926553672316 0.8848088531187123 0.0576271186440678 0.23038229376257546
0 0.8577683615819209 0.5777162977867203 0.05790960451977401 0.20875251509054327
0 0.8930790960451978 0.5500503018108652 0.043785310734463276 0.2137826961770624
0 0.8878531073446327 0.41851106639839036 0.05367231638418079 0.11871227364185111
0 0.8652542372881356 0.4024144869215292 0.03672316384180791 0.08651911468812877
0 0.8307909604519774 0.4074446680080483 0.04124293785310734 0.096579476861167
0 0.9439265536723164 0.4670523138832998 0.038135593220338986 0.10814889336016097
0 0.8901129943502825 0.9014084507042254 0.05480225988700565 0.19718309859154928
0 0.753954802259887 0.573943661971831 0.05649717514124294 0.21629778672032193
0 0.7418079096045198 0.41096579476861167 0.05536723163841808 0.10362173038229376