0 0.6828153564899452 0.12191780821917808 0.022394881170018283 0.056164383561643834
0 0.6617915904936015 0.136986301369863 0.021480804387568556 0.0821917808219178
0 0.6389396709323584 0.12945205479452054 0.029707495429616086 0.1047945205479452
0 0.6051188299817185 0.13835616438356163 0.029707495429616086 0.0821917808219178
0 0.04981718464351006 0.9417808219178082 0.09963436928702012 0.11643835616438356
0 0.02102376599634369 0.8554794520547945 0.04204753199268738 0.1821917808219178
0 0.3436928702010969 0.9082191780821918 0.09323583180987204 0.18356164383561643
0 0.236745886654479 0.9424657534246575 0.1206581352833638 0.11506849315068493
0 0.409963436928702 0.9438356164383561 0.07038391224862889 0.11232876712328767
0 0.48171846435100546 0.9623287671232876 0.10420475319926874 0.07534246575342465
0 0.051188299817184646 0.773972602739726 0.07312614259597806 0.17534246575342466
0 0.19652650822669104 0.839041095890411 0.09506398537477148 0.21232876712328766
0 0.14670932358318098 0.939041095890411 0.0886654478976234 0.12191780821917808
0 0.4218464351005484 0.8897260273972603 0.09049360146252285 0.19041095890410958
0 0.5255941499085923 0.9246575342465754 0.08043875685557587 0.1506849315068493
0 0.48491773308957953 0.7753424657534247 0.08683729433272395 0.1780821917808219
0 0.49588665447897623 0.8712328767123287 0.0740402193784278 0.19726027397260273
0 0.28793418647166363 0.8856164383561644 0.07312614259597806 0.22876712328767124
0 0.1170018281535649 0.8315068493150685 0.06946983546617916 0.14246575342465753
0 0.08180987202925045 0.9123287671232877 0.08683729433272395 0.17534246575342466
0 0.12431444241316271 0.7424657534246575 0.08409506398537477 0.16712328767123288
0 0.5612431444241316 0.8486301369863014 0.03656307129798903 0.1410958904109589
0 0.2742230347349177 0.75 0.07312614259597806 0.1821917808219178
0 0.40493601462522855 0.7863013698630137 0.06581352833638025 0.1178082191780822
0 0.3391224862888483 0.7993150684931507 0.06946983546617916 0.13287671232876713
0 0.19241316270566727 0.7267123287671233 0.07769652650822668 0.13561643835616438
0 0.23948811700182815 0.7212328767123287 0.06946983546617916 0.12465753424657534
0 0.35420475319926875 0.7219178082191781 0.0740402193784278 0.12602739726027398
0 0.47851919561243145 0.7006849315068493 0.06307129798903108 0.08356164383561644
0 0.5539305301645339 0.7232876712328767 0.051188299817184646 0.12876712328767123
0 0.11654478976234003 0.6856164383561644 0.08135283363802559 0.05342465753424658
0 0.5251371115173674 0.7547945205479452 0.06307129798903108 0.1917808219178082
0 0.409963436928702 0.7349315068493151 0.0850091407678245 0.15205479452054796
0 0.29113345521023765 0.7082191780821918 0.07038391224862889 0.09863013698630137
0 0.5685557586837294 0.7719178082191781 0.021937842778793418 0.1547945205479452
0 0.6457952468007313 0.9404109589041096 0.06672760511882998 0.11917808219178082